prevState, action, price, agentProfit, agent1EstimatedProfit, agent1Actor, agent2EstimatedProfit, agent2Actor, agent3EstimatedProfit, agent3Actor, agent4EstimatedProfit, agent4Actor
0.000000, 0.000000, 5.000000, 0.150000, 0.217797, 0.733022, 0.401921, 0.995190, 0.234797, 0.803492, 0.239443, 0.977013
0.000000, 0.010000, 4.990000, 0.162463, 0.219203, -1.000000, 0.401731, -1.000000, 0.236565, -1.000000, 0.241379, -1.000000
0.000000, 0.020000, 4.980000, 0.174850, 0.220615, -1.000000, 0.401541, -1.000000, 0.238341, -1.000000, 0.243325, -1.000000
0.000000, 0.030000, 4.970000, 0.187163, 0.222398, -1.000000, 0.401352, -1.000000, 0.240170, -1.000000, 0.245282, -1.000000
0.000000, 0.040000, 4.960000, 0.199400, 0.224561, -1.000000, 0.401162, -1.000000, 0.242045, -1.000000, 0.247250, -1.000000
0.000000, 0.050000, 4.950000, 0.211562, 0.226869, -1.000000, 0.400972, -1.000000, 0.243929, -1.000000, 0.249228, -1.000000
0.000000, 0.060000, 4.940000, 0.223650, 0.229194, -1.000000, 0.400783, -1.000000, 0.245823, -1.000000, 0.251217, -1.000000
0.000000, 0.070000, 4.930000, 0.235663, 0.231536, -1.000000, 0.400593, -1.000000, 0.247728, -1.000000, 0.253216, -1.000000
0.000000, 0.080000, 4.920000, 0.247600, 0.233894, -1.000000, 0.400404, -1.000000, 0.249642, -1.000000, 0.255225, -1.000000
0.000000, 0.090000, 4.910000, 0.259463, 0.236269, -1.000000, 0.400214, -1.000000, 0.251565, -1.000000, 0.257246, -1.000000
0.000000, 0.100000, 4.900000, 0.271250, 0.238660, -1.000000, 0.400025, -1.000000, 0.253499, -1.000000, 0.259276, -1.000000
0.000000, 0.110000, 4.890000, 0.282963, 0.241068, -1.000000, 0.399835, -1.000000, 0.255443, -1.000000, 0.261282, -1.000000
0.000000, 0.120000, 4.880000, 0.294600, 0.243493, -1.000000, 0.399646, -1.000000, 0.257396, -1.000000, 0.263297, -1.000000
0.000000, 0.130000, 4.870000, 0.306163, 0.245934, -1.000000, 0.399457, -1.000000, 0.259359, -1.000000, 0.265321, -1.000000
0.000000, 0.140000, 4.860000, 0.317650, 0.248392, -1.000000, 0.399267, -1.000000, 0.261332, -1.000000, 0.267356, -1.000000
0.000000, 0.150000, 4.850000, 0.329063, 0.250866, -1.000000, 0.399078, -1.000000, 0.263314, -1.000000, 0.269423, -1.000000
0.000000, 0.160000, 4.840000, 0.340400, 0.253356, -1.000000, 0.398889, -1.000000, 0.265306, -1.000000, 0.271513, -1.000000
0.000000, 0.170000, 4.830000, 0.351663, 0.255862, -1.000000, 0.398700, -1.000000, 0.267307, -1.000000, 0.273614, -1.000000
0.000000, 0.180000, 4.820000, 0.362850, 0.258385, -1.000000, 0.398510, -1.000000, 0.269319, -1.000000, 0.275724, -1.000000
0.000000, 0.190000, 4.810000, 0.373963, 0.260924, -1.000000, 0.398321, -1.000000, 0.271339, -1.000000, 0.277845, -1.000000
0.000000, 0.200000, 4.800000, 0.385000, 0.263479, -1.000000, 0.398132, -1.000000, 0.273369, -1.000000, 0.279975, -1.000000
0.000000, 0.210000, 4.790000, 0.395963, 0.266050, -1.000000, 0.397943, -1.000000, 0.275409, -1.000000, 0.282211, -1.000000
0.000000, 0.220000, 4.780000, 0.406850, 0.268637, -1.000000, 0.397754, -1.000000, 0.277458, -1.000000, 0.284729, -1.000000
0.000000, 0.230000, 4.770000, 0.417663, 0.271240, -1.000000, 0.397565, -1.000000, 0.279517, -1.000000, 0.287260, -1.000000
0.000000, 0.240000, 4.760000, 0.428400, 0.273858, -1.000000, 0.397376, -1.000000, 0.281584, -1.000000, 0.289805, -1.000000
0.000000, 0.250000, 4.750000, 0.439063, 0.276493, -1.000000, 0.397187, -1.000000, 0.283929, -1.000000, 0.292362, -1.000000
0.000000, 0.260000, 4.740000, 0.449650, 0.279142, -1.000000, 0.396998, -1.000000, 0.286398, -1.000000, 0.294933, -1.000000
0.000000, 0.270000, 4.730000, 0.460163, 0.281808, -1.000000, 0.396809, -1.000000, 0.288880, -1.000000, 0.297518, -1.000000
0.000000, 0.280000, 4.720000, 0.470600, 0.284489, -1.000000, 0.396620, -1.000000, 0.291375, -1.000000, 0.300115, -1.000000
0.000000, 0.290000, 4.710000, 0.480963, 0.287185, -1.000000, 0.396431, -1.000000, 0.293882, -1.000000, 0.302725, -1.000000
0.000000, 0.300000, 4.700000, 0.491250, 0.289896, -1.000000, 0.396242, -1.000000, 0.296402, -1.000000, 0.305348, -1.000000
0.000000, 0.310000, 4.690000, 0.501462, 0.292622, -1.000000, 0.396053, -1.000000, 0.298935, -1.000000, 0.307983, -1.000000
0.000000, 0.320000, 4.680000, 0.511600, 0.295364, -1.000000, 0.395865, -1.000000, 0.301479, -1.000000, 0.310631, -1.000000
0.000000, 0.330000, 4.670000, 0.521662, 0.298120, -1.000000, 0.395676, -1.000000, 0.304036, -1.000000, 0.313292, -1.000000
0.000000, 0.340000, 4.660000, 0.531650, 0.300891, -1.000000, 0.395487, -1.000000, 0.306606, -1.000000, 0.315965, -1.000000
0.000000, 0.350000, 4.650000, 0.541562, 0.303676, -1.000000, 0.395299, -1.000000, 0.309187, -1.000000, 0.318650, -1.000000
0.000000, 0.360000, 4.640000, 0.551400, 0.306476, -1.000000, 0.395110, -1.000000, 0.311780, -1.000000, 0.321347, -1.000000
0.000000, 0.370000, 4.630000, 0.561162, 0.309291, -1.000000, 0.394921, -1.000000, 0.314385, -1.000000, 0.324057, -1.000000
0.000000, 0.380000, 4.620000, 0.570850, 0.312119, -1.000000, 0.394733, -1.000000, 0.317002, -1.000000, 0.326778, -1.000000
0.000000, 0.390000, 4.610000, 0.580462, 0.314962, -1.000000, 0.394544, -1.000000, 0.319631, -1.000000, 0.329510, -1.000000
0.000000, 0.400000, 4.600000, 0.590000, 0.317818, -1.000000, 0.394356, -1.000000, 0.322271, -1.000000, 0.332255, -1.000000
0.000000, 0.410000, 4.590000, 0.599462, 0.320689, -1.000000, 0.394167, -1.000000, 0.324922, -1.000000, 0.335010, -1.000000
0.000000, 0.420000, 4.580000, 0.608850, 0.323573, -1.000000, 0.393979, -1.000000, 0.327585, -1.000000, 0.337778, -1.000000
0.000000, 0.430000, 4.570000, 0.618162, 0.326470, -1.000000, 0.393790, -1.000000, 0.330259, -1.000000, 0.340556, -1.000000
0.000000, 0.440000, 4.560000, 0.627400, 0.329381, -1.000000, 0.393602, -1.000000, 0.332943, -1.000000, 0.343345, -1.000000
0.000000, 0.450000, 4.550000, 0.636562, 0.332305, -1.000000, 0.393413, -1.000000, 0.335529, -1.000000, 0.346145, -1.000000
0.000000, 0.460000, 4.540000, 0.645650, 0.335242, -1.000000, 0.393225, -1.000000, 0.336427, -1.000000, 0.348956, -1.000000
0.000000, 0.470000, 4.530000, 0.654662, 0.338191, -1.000000, 0.393037, -1.000000, 0.337327, -1.000000, 0.351777, -1.000000
0.000000, 0.480000, 4.520000, 0.663600, 0.341154, -1.000000, 0.392849, -1.000000, 0.338229, -1.000000, 0.354609, -1.000000
0.000000, 0.490000, 4.510000, 0.672462, 0.344129, -1.000000, 0.392660, -1.000000, 0.339131, -1.000000, 0.357451, -1.000000
0.000000, 0.500000, 4.500000, 0.681250, 0.347116, -1.000000, 0.392472, -1.000000, 0.340035, -1.000000, 0.360303, -1.000000
0.000000, 0.510000, 4.490000, 0.689962, 0.350115, -1.000000, 0.392284, -1.000000, 0.340939, -1.000000, 0.363165, -1.000000
0.000000, 0.520000, 4.480000, 0.698600, 0.351653, -1.000000, 0.392096, -1.000000, 0.341845, -1.000000, 0.366036, -1.000000
0.000000, 0.530000, 4.470000, 0.707162, 0.352244, -1.000000, 0.391908, -1.000000, 0.342752, -1.000000, 0.368918, -1.000000
0.000000, 0.540000, 4.460000, 0.715650, 0.352836, -1.000000, 0.391720, -1.000000, 0.343660, -1.000000, 0.371808, -1.000000
0.000000, 0.550000, 4.450000, 0.724062, 0.353343, -1.000000, 0.391531, -1.000000, 0.344569, -1.000000, 0.374708, -1.000000
0.000000, 0.560000, 4.440000, 0.732400, 0.353380, -1.000000, 0.391344, -1.000000, 0.345480, -1.000000, 0.377617, -1.000000
0.000000, 0.570000, 4.430000, 0.740662, 0.353418, -1.000000, 0.391156, -1.000000, 0.346391, -1.000000, 0.380534, -1.000000
0.000000, 0.580000, 4.420000, 0.748850, 0.353456, -1.000000, 0.390968, -1.000000, 0.347304, -1.000000, 0.383461, -1.000000
0.000000, 0.590000, 4.410000, 0.756962, 0.353493, -1.000000, 0.390780, -1.000000, 0.348218, -1.000000, 0.386395, -1.000000
0.000000, 0.600000, 4.400000, 0.765000, 0.353531, -1.000000, 0.390592, -1.000000, 0.349133, -1.000000, 0.389338, -1.000000
0.000000, 0.610000, 4.390000, 0.772962, 0.353568, -1.000000, 0.390404, -1.000000, 0.350049, -1.000000, 0.390638, -1.000000
0.000000, 0.620000, 4.380000, 0.780850, 0.353606, -1.000000, 0.390216, -1.000000, 0.350966, -1.000000, 0.390635, -1.000000
0.000000, 0.630000, 4.370000, 0.788662, 0.353644, -1.000000, 0.390028, -1.000000, 0.351884, -1.000000, 0.390631, -1.000000
0.000000, 0.640000, 4.360000, 0.796400, 0.353681, -1.000000, 0.389841, -1.000000, 0.352804, -1.000000, 0.390627, -1.000000
0.000000, 0.650000, 4.350000, 0.804062, 0.353719, -1.000000, 0.389653, -1.000000, 0.353724, -1.000000, 0.390624, -1.000000
0.000000, 0.660000, 4.340000, 0.811650, 0.353757, -1.000000, 0.389465, -1.000000, 0.354646, -1.000000, 0.390620, -1.000000
0.000000, 0.670000, 4.330000, 0.819162, 0.353794, -1.000000, 0.389277, -1.000000, 0.355568, -1.000000, 0.390616, -1.000000
0.000000, 0.680000, 4.320000, 0.826600, 0.353832, -1.000000, 0.389090, -1.000000, 0.356492, -1.000000, 0.390613, -1.000000
0.000000, 0.690000, 4.310000, 0.833962, 0.353870, -1.000000, 0.388902, -1.000000, 0.357417, -1.000000, 0.390609, -1.000000
0.000000, 0.700000, 4.300000, 0.841250, 0.353907, -1.000000, 0.388715, -1.000000, 0.358343, -1.000000, 0.390605, -1.000000
0.000000, 0.710000, 4.290000, 0.848462, 0.353945, -1.000000, 0.388527, -1.000000, 0.359269, -1.000000, 0.390601, -1.000000
0.000000, 0.720000, 4.280000, 0.855600, 0.353983, -1.000000, 0.388340, -1.000000, 0.360197, -1.000000, 0.390598, -1.000000
0.000000, 0.730000, 4.270000, 0.862662, 0.354020, -1.000000, 0.388152, -1.000000, 0.361126, -1.000000, 0.390594, -1.000000
0.000000, 0.740000, 4.260000, 0.869650, 0.354058, -1.000000, 0.387965, -1.000000, 0.362056, -1.000000, 0.390590, -1.000000
0.000000, 0.750000, 4.250000, 0.876562, 0.354096, -1.000000, 0.387777, -1.000000, 0.362987, -1.000000, 0.390587, -1.000000
0.000000, 0.760000, 4.240000, 0.883400, 0.354133, -1.000000, 0.387590, -1.000000, 0.363919, -1.000000, 0.390583, -1.000000
0.000000, 0.770000, 4.230000, 0.890162, 0.354171, -1.000000, 0.387403, -1.000000, 0.364853, -1.000000, 0.390579, -1.000000
0.000000, 0.780000, 4.220000, 0.896850, 0.354209, -1.000000, 0.387215, -1.000000, 0.365787, -1.000000, 0.390576, -1.000000
0.000000, 0.790000, 4.210001, 0.903462, 0.354246, -1.000000, 0.387028, -1.000000, 0.366722, -1.000000, 0.390572, -1.000000
0.000000, 0.800000, 4.200000, 0.910000, 0.354284, -1.000000, 0.386841, -1.000000, 0.367658, -1.000000, 0.390568, -1.000000
0.000000, 0.810000, 4.190001, 0.916462, 0.354322, -1.000000, 0.386654, -1.000000, 0.368595, -1.000000, 0.390564, -1.000000
0.000000, 0.820000, 4.180000, 0.922850, 0.354359, -1.000000, 0.386467, -1.000000, 0.369533, -1.000000, 0.390561, -1.000000
0.000000, 0.830000, 4.170001, 0.929162, 0.354397, -1.000000, 0.386279, -1.000000, 0.370211, -1.000000, 0.390557, -1.000000
0.000000, 0.839999, 4.160000, 0.935400, 0.354435, -1.000000, 0.386092, -1.000000, 0.369920, -1.000000, 0.390553, -1.000000
0.000000, 0.849999, 4.150001, 0.941562, 0.354472, -1.000000, 0.385905, -1.000000, 0.369680, -1.000000, 0.390550, -1.000000
0.000000, 0.859999, 4.140000, 0.947650, 0.354510, -1.000000, 0.385718, -1.000000, 0.369545, -1.000000, 0.390546, -1.000000
0.000000, 0.869999, 4.130001, 0.953662, 0.354548, -1.000000, 0.385531, -1.000000, 0.369411, -1.000000, 0.390542, -1.000000
0.000000, 0.879999, 4.120000, 0.959600, 0.354585, -1.000000, 0.385344, -1.000000, 0.369276, -1.000000, 0.390539, -1.000000
0.000000, 0.889999, 4.110001, 0.965462, 0.354623, -1.000000, 0.385157, -1.000000, 0.369142, -1.000000, 0.390535, -1.000000
0.000000, 0.899999, 4.100000, 0.971250, 0.354661, -1.000000, 0.384970, -1.000000, 0.369008, -1.000000, 0.390531, -1.000000
0.000000, 0.909999, 4.090001, 0.976962, 0.354698, -1.000000, 0.384784, -1.000000, 0.368873, -1.000000, 0.390527, -1.000000
0.000000, 0.919999, 4.080000, 0.982600, 0.354736, -1.000000, 0.384597, -1.000000, 0.368739, -1.000000, 0.390524, -1.000000
0.000000, 0.929999, 4.070001, 0.988162, 0.354774, -1.000000, 0.384410, -1.000000, 0.368636, -1.000000, 0.390520, -1.000000
0.000000, 0.939999, 4.060000, 0.993650, 0.354811, -1.000000, 0.384223, -1.000000, 0.368553, -1.000000, 0.390516, -1.000000
0.000000, 0.949999, 4.050001, 0.999062, 0.354849, -1.000000, 0.384036, -1.000000, 0.368471, -1.000000, 0.390513, -1.000000
0.000000, 0.959999, 4.040000, 1.004400, 0.354887, -1.000000, 0.383850, -1.000000, 0.368388, -1.000000, 0.390509, -1.000000
0.000000, 0.969999, 4.030001, 1.009662, 0.354924, -1.000000, 0.383663, -1.000000, 0.368306, -1.000000, 0.390505, -1.000000
0.000000, 0.979999, 4.020000, 1.014850, 0.354962, -1.000000, 0.383476, -1.000000, 0.368223, -1.000000, 0.390502, -1.000000
0.000000, 0.989999, 4.010001, 1.019962, 0.355000, -1.000000, 0.383290, -1.000000, 0.368141, -1.000000, 0.390498, -1.000000
0.000000, 0.999999, 4.000000, 1.025000, 0.355038, -1.000000, 0.383103, -1.000000, 0.368058, -1.000000, 0.390494, -1.000000
0.010000, 0.000000, 4.970000, 0.150000, 0.217584, 0.733019, 0.402030, 0.995206, 0.234076, 0.803559, 0.239714, 0.977375
0.010000, 0.010000, 4.960000, 0.162388, 0.218989, -1.000000, 0.401841, -1.000000, 0.235839, -1.000000, 0.241651, -1.000000
0.010000, 0.020000, 4.950000, 0.174700, 0.220400, -1.000000, 0.401651, -1.000000, 0.237632, -1.000000, 0.243599, -1.000000
0.010000, 0.030000, 4.940000, 0.186938, 0.222197, -1.000000, 0.401461, -1.000000, 0.239493, -1.000000, 0.245558, -1.000000
0.010000, 0.040000, 4.930000, 0.199100, 0.224394, -1.000000, 0.401272, -1.000000, 0.241364, -1.000000, 0.247527, -1.000000
0.010000, 0.050000, 4.920000, 0.211188, 0.226701, -1.000000, 0.401082, -1.000000, 0.243245, -1.000000, 0.249506, -1.000000
0.010000, 0.060000, 4.910000, 0.223200, 0.229025, -1.000000, 0.400892, -1.000000, 0.245135, -1.000000, 0.251497, -1.000000
0.010000, 0.070000, 4.900000, 0.235138, 0.231366, -1.000000, 0.400703, -1.000000, 0.247036, -1.000000, 0.253497, -1.000000
0.010000, 0.080000, 4.890000, 0.247000, 0.233723, -1.000000, 0.400513, -1.000000, 0.248947, -1.000000, 0.255508, -1.000000
0.010000, 0.090000, 4.880000, 0.258788, 0.236096, -1.000000, 0.400324, -1.000000, 0.250867, -1.000000, 0.257513, -1.000000
0.010000, 0.100000, 4.870000, 0.270500, 0.238487, -1.000000, 0.400134, -1.000000, 0.252797, -1.000000, 0.259509, -1.000000
0.010000, 0.110000, 4.860000, 0.282138, 0.240894, -1.000000, 0.399945, -1.000000, 0.254737, -1.000000, 0.261514, -1.000000
0.010000, 0.120000, 4.850000, 0.293700, 0.243317, -1.000000, 0.399756, -1.000000, 0.256687, -1.000000, 0.263530, -1.000000
0.010000, 0.130000, 4.840000, 0.305188, 0.245757, -1.000000, 0.399566, -1.000000, 0.258646, -1.000000, 0.265564, -1.000000
0.010000, 0.140000, 4.830000, 0.316600, 0.248213, -1.000000, 0.399377, -1.000000, 0.260615, -1.000000, 0.267635, -1.000000
0.010000, 0.150000, 4.820000, 0.327938, 0.250686, -1.000000, 0.399188, -1.000000, 0.262594, -1.000000, 0.269717, -1.000000
0.010000, 0.160000, 4.810000, 0.339200, 0.253175, -1.000000, 0.398998, -1.000000, 0.264583, -1.000000, 0.271809, -1.000000
0.010000, 0.170000, 4.800000, 0.350388, 0.255680, -1.000000, 0.398809, -1.000000, 0.266581, -1.000000, 0.273910, -1.000000
0.010000, 0.180000, 4.790000, 0.361500, 0.258202, -1.000000, 0.398620, -1.000000, 0.268588, -1.000000, 0.276022, -1.000000
0.010000, 0.190000, 4.780000, 0.372538, 0.260740, -1.000000, 0.398431, -1.000000, 0.270606, -1.000000, 0.278144, -1.000000
0.010000, 0.200000, 4.770000, 0.383500, 0.263294, -1.000000, 0.398241, -1.000000, 0.272632, -1.000000, 0.280276, -1.000000
0.010000, 0.210000, 4.760000, 0.394388, 0.265863, -1.000000, 0.398052, -1.000000, 0.274669, -1.000000, 0.282668, -1.000000
0.010000, 0.220000, 4.750000, 0.405200, 0.268449, -1.000000, 0.397863, -1.000000, 0.276714, -1.000000, 0.285188, -1.000000
0.010000, 0.230000, 4.740000, 0.415938, 0.271051, -1.000000, 0.397674, -1.000000, 0.278769, -1.000000, 0.287722, -1.000000
0.010000, 0.240000, 4.730000, 0.426600, 0.273668, -1.000000, 0.397485, -1.000000, 0.281025, -1.000000, 0.290269, -1.000000
0.010000, 0.250000, 4.720000, 0.437188, 0.276301, -1.000000, 0.397296, -1.000000, 0.283480, -1.000000, 0.292829, -1.000000
0.010000, 0.260000, 4.710000, 0.447700, 0.278950, -1.000000, 0.397107, -1.000000, 0.285946, -1.000000, 0.295402, -1.000000
0.010000, 0.270000, 4.700000, 0.458138, 0.281614, -1.000000, 0.396918, -1.000000, 0.288426, -1.000000, 0.297989, -1.000000
0.010000, 0.280000, 4.690000, 0.468500, 0.284294, -1.000000, 0.396729, -1.000000, 0.290919, -1.000000, 0.300589, -1.000000
0.010000, 0.290000, 4.680000, 0.478788, 0.286989, -1.000000, 0.396540, -1.000000, 0.293424, -1.000000, 0.303201, -1.000000
0.010000, 0.300000, 4.670000, 0.489000, 0.289699, -1.000000, 0.396352, -1.000000, 0.295941, -1.000000, 0.305826, -1.000000
0.010000, 0.310000, 4.660000, 0.499137, 0.292424, -1.000000, 0.396163, -1.000000, 0.298472, -1.000000, 0.308464, -1.000000
0.010000, 0.320000, 4.650000, 0.509200, 0.295165, -1.000000, 0.395974, -1.000000, 0.301014, -1.000000, 0.311114, -1.000000
0.010000, 0.330000, 4.640000, 0.519187, 0.297920, -1.000000, 0.395785, -1.000000, 0.303569, -1.000000, 0.313777, -1.000000
0.010000, 0.340000, 4.630000, 0.529100, 0.300690, -1.000000, 0.395596, -1.000000, 0.306136, -1.000000, 0.316452, -1.000000
0.010000, 0.350000, 4.620000, 0.538937, 0.303474, -1.000000, 0.395408, -1.000000, 0.308715, -1.000000, 0.319140, -1.000000
0.010000, 0.360000, 4.610000, 0.548700, 0.306273, -1.000000, 0.395219, -1.000000, 0.311306, -1.000000, 0.321839, -1.000000
0.010000, 0.370000, 4.600000, 0.558387, 0.309086, -1.000000, 0.395030, -1.000000, 0.313909, -1.000000, 0.324551, -1.000000
0.010000, 0.380000, 4.590000, 0.568000, 0.311914, -1.000000, 0.394842, -1.000000, 0.316524, -1.000000, 0.327274, -1.000000
0.010000, 0.390000, 4.580000, 0.577537, 0.314756, -1.000000, 0.394653, -1.000000, 0.319150, -1.000000, 0.330009, -1.000000
0.010000, 0.400000, 4.570000, 0.587000, 0.317611, -1.000000, 0.394465, -1.000000, 0.321788, -1.000000, 0.332755, -1.000000
0.010000, 0.410000, 4.560000, 0.596387, 0.320480, -1.000000, 0.394276, -1.000000, 0.324438, -1.000000, 0.335513, -1.000000
0.010000, 0.420000, 4.550000, 0.605700, 0.323363, -1.000000, 0.394088, -1.000000, 0.327098, -1.000000, 0.338282, -1.000000
0.010000, 0.430000, 4.540000, 0.614937, 0.326260, -1.000000, 0.393899, -1.000000, 0.329770, -1.000000, 0.341062, -1.000000
0.010000, 0.440000, 4.530000, 0.624100, 0.329170, -1.000000, 0.393711, -1.000000, 0.332453, -1.000000, 0.343853, -1.000000
0.010000, 0.450000, 4.520000, 0.633187, 0.332093, -1.000000, 0.393522, -1.000000, 0.335147, -1.000000, 0.346656, -1.000000
0.010000, 0.460000, 4.510000, 0.642200, 0.335029, -1.000000, 0.393334, -1.000000, 0.336724, -1.000000, 0.349468, -1.000000
0.010000, 0.470000, 4.500000, 0.651137, 0.337977, -1.000000, 0.393146, -1.000000, 0.337624, -1.000000, 0.352291, -1.000000
0.010000, 0.480000, 4.490000, 0.660000, 0.340939, -1.000000, 0.392957, -1.000000, 0.338526, -1.000000, 0.355125, -1.000000
0.010000, 0.490000, 4.480000, 0.668787, 0.343913, -1.000000, 0.392769, -1.000000, 0.339429, -1.000000, 0.357969, -1.000000
0.010000, 0.500000, 4.470000, 0.677500, 0.346899, -1.000000, 0.392581, -1.000000, 0.340333, -1.000000, 0.360823, -1.000000
0.010000, 0.510000, 4.460000, 0.686137, 0.349897, -1.000000, 0.392393, -1.000000, 0.341238, -1.000000, 0.363686, -1.000000
0.010000, 0.520000, 4.450000, 0.694700, 0.351777, -1.000000, 0.392205, -1.000000, 0.342144, -1.000000, 0.366560, -1.000000
0.010000, 0.530000, 4.440000, 0.703187, 0.352368, -1.000000, 0.392016, -1.000000, 0.343051, -1.000000, 0.369443, -1.000000
0.010000, 0.540000, 4.430000, 0.711600, 0.352960, -1.000000, 0.391828, -1.000000, 0.343960, -1.000000, 0.372335, -1.000000
0.010000, 0.550000, 4.420000, 0.719937, 0.353324, -1.000000, 0.391640, -1.000000, 0.344869, -1.000000, 0.375236, -1.000000
0.010000, 0.560000, 4.410000, 0.728200, 0.353361, -1.000000, 0.391452, -1.000000, 0.345780, -1.000000, 0.378147, -1.000000
0.010000, 0.570000, 4.400000, 0.736387, 0.353399, -1.000000, 0.391264, -1.000000, 0.346692, -1.000000, 0.381066, -1.000000
0.010000, 0.580000, 4.390000, 0.744500, 0.353437, -1.000000, 0.391076, -1.000000, 0.347605, -1.000000, 0.383994, -1.000000
0.010000, 0.590000, 4.380000, 0.752537, 0.353474, -1.000000, 0.390888, -1.000000, 0.348519, -1.000000, 0.386930, -1.000000
0.010000, 0.600000, 4.370000, 0.760500, 0.353512, -1.000000, 0.390700, -1.000000, 0.349435, -1.000000, 0.389874, -1.000000
0.010000, 0.610000, 4.360000, 0.768387, 0.353550, -1.000000, 0.390513, -1.000000, 0.350351, -1.000000, 0.390656, -1.000000
0.010000, 0.620000, 4.350000, 0.776200, 0.353587, -1.000000, 0.390325, -1.000000, 0.351269, -1.000000, 0.390653, -1.000000
0.010000, 0.630000, 4.340000, 0.783937, 0.353625, -1.000000, 0.390137, -1.000000, 0.352187, -1.000000, 0.390649, -1.000000
0.010000, 0.640000, 4.330000, 0.791600, 0.353663, -1.000000, 0.389949, -1.000000, 0.353107, -1.000000, 0.390645, -1.000000
0.010000, 0.650000, 4.320000, 0.799187, 0.353700, -1.000000, 0.389761, -1.000000, 0.354028, -1.000000, 0.390642, -1.000000
0.010000, 0.660000, 4.310000, 0.806700, 0.353738, -1.000000, 0.389574, -1.000000, 0.354950, -1.000000, 0.390638, -1.000000
0.010000, 0.670000, 4.300000, 0.814137, 0.353775, -1.000000, 0.389386, -1.000000, 0.355873, -1.000000, 0.390634, -1.000000
0.010000, 0.680000, 4.290000, 0.821500, 0.353813, -1.000000, 0.389198, -1.000000, 0.356797, -1.000000, 0.390630, -1.000000
0.010000, 0.690000, 4.280000, 0.828787, 0.353851, -1.000000, 0.389011, -1.000000, 0.357722, -1.000000, 0.390627, -1.000000
0.010000, 0.700000, 4.270000, 0.836000, 0.353888, -1.000000, 0.388823, -1.000000, 0.358648, -1.000000, 0.390623, -1.000000
0.010000, 0.710000, 4.260000, 0.843137, 0.353926, -1.000000, 0.388636, -1.000000, 0.359575, -1.000000, 0.390619, -1.000000
0.010000, 0.720000, 4.250000, 0.850200, 0.353964, -1.000000, 0.388448, -1.000000, 0.360503, -1.000000, 0.390616, -1.000000
0.010000, 0.730000, 4.240000, 0.857187, 0.354001, -1.000000, 0.388261, -1.000000, 0.361433, -1.000000, 0.390612, -1.000000
0.010000, 0.740000, 4.230000, 0.864100, 0.354039, -1.000000, 0.388073, -1.000000, 0.362363, -1.000000, 0.390608, -1.000000
0.010000, 0.750000, 4.220000, 0.870937, 0.354077, -1.000000, 0.387886, -1.000000, 0.363295, -1.000000, 0.390605, -1.000000
0.010000, 0.760000, 4.210001, 0.877700, 0.354114, -1.000000, 0.387698, -1.000000, 0.364227, -1.000000, 0.390601, -1.000000
0.010000, 0.770000, 4.200000, 0.884387, 0.354152, -1.000000, 0.387511, -1.000000, 0.365160, -1.000000, 0.390597, -1.000000
0.010000, 0.780000, 4.190001, 0.891000, 0.354190, -1.000000, 0.387324, -1.000000, 0.366095, -1.000000, 0.390593, -1.000000
0.010000, 0.790000, 4.180000, 0.897537, 0.354227, -1.000000, 0.387136, -1.000000, 0.367030, -1.000000, 0.390590, -1.000000
0.010000, 0.800000, 4.170001, 0.904000, 0.354265, -1.000000, 0.386949, -1.000000, 0.367967, -1.000000, 0.390586, -1.000000
0.010000, 0.810000, 4.160000, 0.910387, 0.354303, -1.000000, 0.386762, -1.000000, 0.368904, -1.000000, 0.390582, -1.000000
0.010000, 0.820000, 4.150001, 0.916700, 0.354340, -1.000000, 0.386575, -1.000000, 0.369843, -1.000000, 0.390579, -1.000000
0.010000, 0.830000, 4.140000, 0.922937, 0.354378, -1.000000, 0.386388, -1.000000, 0.369882, -1.000000, 0.390575, -1.000000
0.010000, 0.839999, 4.130001, 0.929100, 0.354416, -1.000000, 0.386200, -1.000000, 0.369747, -1.000000, 0.390571, -1.000000
0.010000, 0.849999, 4.120000, 0.935187, 0.354453, -1.000000, 0.386013, -1.000000, 0.369613, -1.000000, 0.390568, -1.000000
0.010000, 0.859999, 4.110001, 0.941200, 0.354491, -1.000000, 0.385826, -1.000000, 0.369478, -1.000000, 0.390564, -1.000000
0.010000, 0.869999, 4.100000, 0.947137, 0.354529, -1.000000, 0.385639, -1.000000, 0.369344, -1.000000, 0.390560, -1.000000
0.010000, 0.879999, 4.090001, 0.953000, 0.354566, -1.000000, 0.385452, -1.000000, 0.369210, -1.000000, 0.390556, -1.000000
0.010000, 0.889999, 4.080000, 0.958787, 0.354604, -1.000000, 0.385265, -1.000000, 0.369075, -1.000000, 0.390553, -1.000000
0.010000, 0.899999, 4.070001, 0.964500, 0.354642, -1.000000, 0.385079, -1.000000, 0.368941, -1.000000, 0.390549, -1.000000
0.010000, 0.909999, 4.060000, 0.970137, 0.354679, -1.000000, 0.384892, -1.000000, 0.368806, -1.000000, 0.390545, -1.000000
0.010000, 0.919999, 4.050001, 0.975700, 0.354717, -1.000000, 0.384705, -1.000000, 0.368672, -1.000000, 0.390542, -1.000000
0.010000, 0.929999, 4.040000, 0.981187, 0.354755, -1.000000, 0.384518, -1.000000, 0.368590, -1.000000, 0.390538, -1.000000
0.010000, 0.939999, 4.030001, 0.986600, 0.354793, -1.000000, 0.384331, -1.000000, 0.368507, -1.000000, 0.390534, -1.000000
0.010000, 0.949999, 4.020000, 0.991937, 0.354830, -1.000000, 0.384144, -1.000000, 0.368425, -1.000000, 0.390531, -1.000000
0.010000, 0.959999, 4.010001, 0.997200, 0.354868, -1.000000, 0.383958, -1.000000, 0.368342, -1.000000, 0.390527, -1.000000
0.010000, 0.969999, 4.000000, 1.002387, 0.354906, -1.000000, 0.383771, -1.000000, 0.368260, -1.000000, 0.390523, -1.000000
0.010000, 0.979999, 3.990001, 1.007500, 0.354943, -1.000000, 0.383584, -1.000000, 0.368177, -1.000000, 0.390519, -1.000000
0.010000, 0.989999, 3.980000, 1.012537, 0.354981, -1.000000, 0.383398, -1.000000, 0.368095, -1.000000, 0.390516, -1.000000
0.010000, 0.999999, 3.970001, 1.017500, 0.355019, -1.000000, 0.383211, -1.000000, 0.368012, -1.000000, 0.390512, -1.000000
0.020000, 0.000000, 4.940000, 0.150000, 0.217371, 0.733017, 0.402140, 0.995221, 0.233356, 0.803625, 0.239986, 0.977731
0.020000, 0.010000, 4.930000, 0.162313, 0.218775, -1.000000, 0.401950, -1.000000, 0.235116, -1.000000, 0.241924, -1.000000
0.020000, 0.020000, 4.920000, 0.174550, 0.220186, -1.000000, 0.401761, -1.000000, 0.236960, -1.000000, 0.243874, -1.000000
0.020000, 0.030000, 4.910000, 0.186713, 0.221996, -1.000000, 0.401571, -1.000000, 0.238817, -1.000000, 0.245834, -1.000000
0.020000, 0.040000, 4.900000, 0.198800, 0.224228, -1.000000, 0.401381, -1.000000, 0.240685, -1.000000, 0.247804, -1.000000
0.020000, 0.050000, 4.890000, 0.210813, 0.226534, -1.000000, 0.401192, -1.000000, 0.242562, -1.000000, 0.249785, -1.000000
0.020000, 0.060000, 4.880000, 0.222750, 0.228856, -1.000000, 0.401002, -1.000000, 0.244449, -1.000000, 0.251777, -1.000000
0.020000, 0.070000, 4.870000, 0.234613, 0.231196, -1.000000, 0.400813, -1.000000, 0.246346, -1.000000, 0.253779, -1.000000
0.020000, 0.080000, 4.860000, 0.246400, 0.233552, -1.000000, 0.400623, -1.000000, 0.248253, -1.000000, 0.255756, -1.000000
0.020000, 0.090000, 4.850000, 0.258112, 0.235924, -1.000000, 0.400434, -1.000000, 0.250169, -1.000000, 0.257743, -1.000000
0.020000, 0.100000, 4.840000, 0.269750, 0.238313, -1.000000, 0.400244, -1.000000, 0.252096, -1.000000, 0.259740, -1.000000
0.020000, 0.110000, 4.830000, 0.281312, 0.240719, -1.000000, 0.400055, -1.000000, 0.254032, -1.000000, 0.261747, -1.000000
0.020000, 0.120000, 4.820000, 0.292800, 0.243141, -1.000000, 0.399865, -1.000000, 0.255979, -1.000000, 0.263793, -1.000000
0.020000, 0.130000, 4.810000, 0.304213, 0.245580, -1.000000, 0.399676, -1.000000, 0.257935, -1.000000, 0.265855, -1.000000
0.020000, 0.140000, 4.800000, 0.315550, 0.248035, -1.000000, 0.399486, -1.000000, 0.259900, -1.000000, 0.267928, -1.000000
0.020000, 0.150000, 4.790000, 0.326813, 0.250506, -1.000000, 0.399297, -1.000000, 0.261875, -1.000000, 0.270011, -1.000000
0.020000, 0.160000, 4.780000, 0.338000, 0.252994, -1.000000, 0.399108, -1.000000, 0.263860, -1.000000, 0.272104, -1.000000
0.020000, 0.170000, 4.770000, 0.349113, 0.255498, -1.000000, 0.398918, -1.000000, 0.265855, -1.000000, 0.274207, -1.000000
0.020000, 0.180000, 4.760000, 0.360150, 0.258019, -1.000000, 0.398729, -1.000000, 0.267859, -1.000000, 0.276320, -1.000000
0.020000, 0.190000, 4.750000, 0.371113, 0.260555, -1.000000, 0.398540, -1.000000, 0.269873, -1.000000, 0.278444, -1.000000
0.020000, 0.200000, 4.740000, 0.382000, 0.263108, -1.000000, 0.398351, -1.000000, 0.271896, -1.000000, 0.280616, -1.000000
0.020000, 0.210000, 4.730000, 0.392813, 0.265677, -1.000000, 0.398162, -1.000000, 0.273929, -1.000000, 0.283125, -1.000000
0.020000, 0.220000, 4.720000, 0.403550, 0.268261, -1.000000, 0.397973, -1.000000, 0.275971, -1.000000, 0.285648, -1.000000
0.020000, 0.230000, 4.710000, 0.414213, 0.270862, -1.000000, 0.397783, -1.000000, 0.278141, -1.000000, 0.288184, -1.000000
0.020000, 0.240000, 4.700000, 0.424800, 0.273478, -1.000000, 0.397594, -1.000000, 0.280579, -1.000000, 0.290733, -1.000000
0.020000, 0.250000, 4.690000, 0.435313, 0.276110, -1.000000, 0.397405, -1.000000, 0.283031, -1.000000, 0.293296, -1.000000
0.020000, 0.260000, 4.680000, 0.445750, 0.278758, -1.000000, 0.397216, -1.000000, 0.285495, -1.000000, 0.295872, -1.000000
0.020000, 0.270000, 4.670000, 0.456113, 0.281421, -1.000000, 0.397027, -1.000000, 0.287973, -1.000000, 0.298461, -1.000000
0.020000, 0.280000, 4.660000, 0.466400, 0.284099, -1.000000, 0.396839, -1.000000, 0.290463, -1.000000, 0.301063, -1.000000
0.020000, 0.290000, 4.650000, 0.476613, 0.286793, -1.000000, 0.396650, -1.000000, 0.292966, -1.000000, 0.303677, -1.000000
0.020000, 0.300000, 4.640000, 0.486750, 0.289502, -1.000000, 0.396461, -1.000000, 0.295481, -1.000000, 0.306305, -1.000000
0.020000, 0.310000, 4.630000, 0.496812, 0.292227, -1.000000, 0.396272, -1.000000, 0.298009, -1.000000, 0.308945, -1.000000
0.020000, 0.320000, 4.620000, 0.506800, 0.294966, -1.000000, 0.396083, -1.000000, 0.300549, -1.000000, 0.311598, -1.000000
0.020000, 0.330000, 4.610000, 0.516712, 0.297720, -1.000000, 0.395894, -1.000000, 0.303102, -1.000000, 0.314263, -1.000000
0.020000, 0.340000, 4.600000, 0.526550, 0.300489, -1.000000, 0.395706, -1.000000, 0.305667, -1.000000, 0.316940, -1.000000
0.020000, 0.350000, 4.590000, 0.536312, 0.303272, -1.000000, 0.395517, -1.000000, 0.308244, -1.000000, 0.319630, -1.000000
0.020000, 0.360000, 4.580000, 0.546000, 0.306070, -1.000000, 0.395328, -1.000000, 0.310833, -1.000000, 0.322331, -1.000000
0.020000, 0.370000, 4.570000, 0.555612, 0.308882, -1.000000, 0.395139, -1.000000, 0.313433, -1.000000, 0.325045, -1.000000
0.020000, 0.380000, 4.560000, 0.565150, 0.311709, -1.000000, 0.394951, -1.000000, 0.316046, -1.000000, 0.327770, -1.000000
0.020000, 0.390000, 4.550000, 0.574612, 0.314549, -1.000000, 0.394762, -1.000000, 0.318670, -1.000000, 0.330507, -1.000000
0.020000, 0.400000, 4.540000, 0.584000, 0.317404, -1.000000, 0.394574, -1.000000, 0.321306, -1.000000, 0.333256, -1.000000
0.020000, 0.410000, 4.530000, 0.593312, 0.320272, -1.000000, 0.394385, -1.000000, 0.323953, -1.000000, 0.336016, -1.000000
0.020000, 0.420000, 4.520000, 0.602550, 0.323154, -1.000000, 0.394197, -1.000000, 0.326612, -1.000000, 0.338787, -1.000000
0.020000, 0.430000, 4.510000, 0.611712, 0.326050, -1.000000, 0.394008, -1.000000, 0.329282, -1.000000, 0.341569, -1.000000
0.020000, 0.440000, 4.500000, 0.620800, 0.328959, -1.000000, 0.393820, -1.000000, 0.331963, -1.000000, 0.344362, -1.000000
0.020000, 0.450000, 4.490000, 0.629812, 0.331881, -1.000000, 0.393631, -1.000000, 0.334654, -1.000000, 0.347166, -1.000000
0.020000, 0.460000, 4.480000, 0.638750, 0.334816, -1.000000, 0.393443, -1.000000, 0.337021, -1.000000, 0.349981, -1.000000
0.020000, 0.470000, 4.470000, 0.647612, 0.337764, -1.000000, 0.393255, -1.000000, 0.337921, -1.000000, 0.352806, -1.000000
0.020000, 0.480000, 4.460000, 0.656400, 0.340724, -1.000000, 0.393066, -1.000000, 0.338823, -1.000000, 0.355642, -1.000000
0.020000, 0.490000, 4.450000, 0.665112, 0.343697, -1.000000, 0.392878, -1.000000, 0.339726, -1.000000, 0.358487, -1.000000
0.020000, 0.500000, 4.440000, 0.673750, 0.346682, -1.000000, 0.392690, -1.000000, 0.340631, -1.000000, 0.361343, -1.000000
0.020000, 0.510000, 4.430000, 0.682312, 0.349680, -1.000000, 0.392502, -1.000000, 0.341536, -1.000000, 0.364208, -1.000000
0.020000, 0.520000, 4.420000, 0.690800, 0.351900, -1.000000, 0.392313, -1.000000, 0.342443, -1.000000, 0.367083, -1.000000
0.020000, 0.530000, 4.410000, 0.699212, 0.352492, -1.000000, 0.392125, -1.000000, 0.343350, -1.000000, 0.369968, -1.000000
0.020000, 0.540000, 4.400000, 0.707550, 0.353084, -1.000000, 0.391937, -1.000000, 0.344259, -1.000000, 0.372862, -1.000000
0.020000, 0.550000, 4.390000, 0.715812, 0.353305, -1.000000, 0.391749, -1.000000, 0.345169, -1.000000, 0.375765, -1.000000
0.020000, 0.560000, 4.380000, 0.724000, 0.353343, -1.000000, 0.391561, -1.000000, 0.346081, -1.000000, 0.378677, -1.000000
0.020000, 0.570000, 4.370000, 0.732112, 0.353380, -1.000000, 0.391373, -1.000000, 0.346993, -1.000000, 0.381598, -1.000000
0.020000, 0.580000, 4.360000, 0.740150, 0.353418, -1.000000, 0.391185, -1.000000, 0.347906, -1.000000, 0.384527, -1.000000
0.020000, 0.590000, 4.350000, 0.748112, 0.353456, -1.000000, 0.390997, -1.000000, 0.348821, -1.000000, 0.387465, -1.000000
0.020000, 0.600000, 4.340000, 0.756000, 0.353493, -1.000000, 0.390809, -1.000000, 0.349737, -1.000000, 0.390411, -1.000000
0.020000, 0.610000, 4.330000, 0.763812, 0.353531, -1.000000, 0.390621, -1.000000, 0.350653, -1.000000, 0.390674, -1.000000
0.020000, 0.620000, 4.320000, 0.771550, 0.353568, -1.000000, 0.390433, -1.000000, 0.351571, -1.000000, 0.390670, -1.000000
0.020000, 0.630000, 4.310000, 0.779212, 0.353606, -1.000000, 0.390245, -1.000000, 0.352490, -1.000000, 0.390667, -1.000000
0.020000, 0.640000, 4.300000, 0.786800, 0.353644, -1.000000, 0.390058, -1.000000, 0.353410, -1.000000, 0.390663, -1.000000
0.020000, 0.650000, 4.290000, 0.794312, 0.353681, -1.000000, 0.389870, -1.000000, 0.354331, -1.000000, 0.390659, -1.000000
0.020000, 0.660000, 4.280000, 0.801750, 0.353719, -1.000000, 0.389682, -1.000000, 0.355254, -1.000000, 0.390656, -1.000000
0.020000, 0.670000, 4.270000, 0.809112, 0.353757, -1.000000, 0.389495, -1.000000, 0.356177, -1.000000, 0.390652, -1.000000
0.020000, 0.680000, 4.260000, 0.816400, 0.353794, -1.000000, 0.389307, -1.000000, 0.357101, -1.000000, 0.390648, -1.000000
0.020000, 0.690000, 4.250000, 0.823612, 0.353832, -1.000000, 0.389119, -1.000000, 0.358027, -1.000000, 0.390645, -1.000000
0.020000, 0.700000, 4.240000, 0.830750, 0.353870, -1.000000, 0.388932, -1.000000, 0.358953, -1.000000, 0.390641, -1.000000
0.020000, 0.710000, 4.230000, 0.837812, 0.353907, -1.000000, 0.388744, -1.000000, 0.359881, -1.000000, 0.390637, -1.000000
0.020000, 0.720000, 4.220000, 0.844800, 0.353945, -1.000000, 0.388557, -1.000000, 0.360810, -1.000000, 0.390634, -1.000000
0.020000, 0.730000, 4.210001, 0.851712, 0.353983, -1.000000, 0.388369, -1.000000, 0.361739, -1.000000, 0.390630, -1.000000
0.020000, 0.740000, 4.200000, 0.858550, 0.354020, -1.000000, 0.388182, -1.000000, 0.362670, -1.000000, 0.390626, -1.000000
0.020000, 0.750000, 4.190001, 0.865312, 0.354058, -1.000000, 0.387994, -1.000000, 0.363602, -1.000000, 0.390622, -1.000000
0.020000, 0.760000, 4.180000, 0.872000, 0.354095, -1.000000, 0.387807, -1.000000, 0.364534, -1.000000, 0.390619, -1.000000
0.020000, 0.770000, 4.170001, 0.878612, 0.354133, -1.000000, 0.387619, -1.000000, 0.365468, -1.000000, 0.390615, -1.000000
0.020000, 0.780000, 4.160000, 0.885150, 0.354171, -1.000000, 0.387432, -1.000000, 0.366403, -1.000000, 0.390611, -1.000000
0.020000, 0.790000, 4.150001, 0.891612, 0.354208, -1.000000, 0.387245, -1.000000, 0.367339, -1.000000, 0.390608, -1.000000
0.020000, 0.800000, 4.140000, 0.898000, 0.354246, -1.000000, 0.387057, -1.000000, 0.368276, -1.000000, 0.390604, -1.000000
0.020000, 0.810000, 4.130001, 0.904312, 0.354284, -1.000000, 0.386870, -1.000000, 0.369215, -1.000000, 0.390600, -1.000000
0.020000, 0.820000, 4.120000, 0.910550, 0.354321, -1.000000, 0.386683, -1.000000, 0.369950, -1.000000, 0.390596, -1.000000
0.020000, 0.830000, 4.110001, 0.916712, 0.354359, -1.000000, 0.386496, -1.000000, 0.369815, -1.000000, 0.390593, -1.000000
0.020000, 0.839999, 4.100000, 0.922800, 0.354397, -1.000000, 0.386309, -1.000000, 0.369680, -1.000000, 0.390589, -1.000000
0.020000, 0.849999, 4.090001, 0.928812, 0.354434, -1.000000, 0.386122, -1.000000, 0.369546, -1.000000, 0.390585, -1.000000
0.020000, 0.859999, 4.080000, 0.934750, 0.354472, -1.000000, 0.385935, -1.000000, 0.369412, -1.000000, 0.390582, -1.000000
0.020000, 0.869999, 4.070001, 0.940612, 0.354510, -1.000000, 0.385747, -1.000000, 0.369277, -1.000000, 0.390578, -1.000000
0.020000, 0.879999, 4.060000, 0.946400, 0.354548, -1.000000, 0.385560, -1.000000, 0.369143, -1.000000, 0.390574, -1.000000
0.020000, 0.889999, 4.050001, 0.952112, 0.354585, -1.000000, 0.385374, -1.000000, 0.369008, -1.000000, 0.390571, -1.000000
0.020000, 0.899999, 4.040000, 0.957750, 0.354623, -1.000000, 0.385187, -1.000000, 0.368874, -1.000000, 0.390567, -1.000000
0.020000, 0.909999, 4.030001, 0.963312, 0.354661, -1.000000, 0.385000, -1.000000, 0.368740, -1.000000, 0.390563, -1.000000
0.020000, 0.919999, 4.020000, 0.968800, 0.354698, -1.000000, 0.384813, -1.000000, 0.368626, -1.000000, 0.390559, -1.000000
0.020000, 0.929999, 4.010001, 0.974212, 0.354736, -1.000000, 0.384626, -1.000000, 0.368543, -1.000000, 0.390556, -1.000000
0.020000, 0.939999, 4.000000, 0.979550, 0.354774, -1.000000, 0.384439, -1.000000, 0.368461, -1.000000, 0.390552, -1.000000
0.020000, 0.949999, 3.990001, 0.984812, 0.354811, -1.000000, 0.384252, -1.000000, 0.368378, -1.000000, 0.390548, -1.000000
0.020000, 0.959999, 3.980000, 0.990000, 0.354849, -1.000000, 0.384066, -1.000000, 0.368296, -1.000000, 0.390545, -1.000000
0.020000, 0.969999, 3.970001, 0.995112, 0.354887, -1.000000, 0.383879, -1.000000, 0.368213, -1.000000, 0.390541, -1.000000
0.020000, 0.979999, 3.960001, 1.000150, 0.354924, -1.000000, 0.383692, -1.000000, 0.368131, -1.000000, 0.390537, -1.000000
0.020000, 0.989999, 3.950001, 1.005112, 0.354962, -1.000000, 0.383506, -1.000000, 0.368048, -1.000000, 0.390534, -1.000000
0.020000, 0.999999, 3.940001, 1.010000, 0.355000, -1.000000, 0.383319, -1.000000, 0.367966, -1.000000, 0.390530, -1.000000
0.030000, 0.000000, 4.910000, 0.150000, 0.217158, 0.733014, 0.402250, 0.995237, 0.232637, 0.803691, 0.240257, 0.978082
0.030000, 0.010000, 4.900000, 0.162238, 0.218561, -1.000000, 0.402060, -1.000000, 0.234446, -1.000000, 0.242197, -1.000000
0.030000, 0.020000, 4.890000, 0.174400, 0.219971, -1.000000, 0.401870, -1.000000, 0.236289, -1.000000, 0.244148, -1.000000
0.030000, 0.030000, 4.880000, 0.186488, 0.221795, -1.000000, 0.401681, -1.000000, 0.238143, -1.000000, 0.246109, -1.000000
0.030000, 0.040000, 4.870000, 0.198500, 0.224062, -1.000000, 0.401491, -1.000000, 0.240006, -1.000000, 0.248081, -1.000000
0.030000, 0.050000, 4.860000, 0.210438, 0.226366, -1.000000, 0.401301, -1.000000, 0.241880, -1.000000, 0.250064, -1.000000
0.030000, 0.060000, 4.850000, 0.222300, 0.228688, -1.000000, 0.401112, -1.000000, 0.243764, -1.000000, 0.252039, -1.000000
0.030000, 0.070000, 4.840000, 0.234088, 0.231026, -1.000000, 0.400922, -1.000000, 0.245657, -1.000000, 0.254007, -1.000000
0.030000, 0.080000, 4.830000, 0.245800, 0.233380, -1.000000, 0.400733, -1.000000, 0.247560, -1.000000, 0.255985, -1.000000
0.030000, 0.090000, 4.820000, 0.257437, 0.235752, -1.000000, 0.400543, -1.000000, 0.249473, -1.000000, 0.257974, -1.000000
0.030000, 0.100000, 4.810000, 0.269000, 0.238140, -1.000000, 0.400354, -1.000000, 0.251396, -1.000000, 0.259985, -1.000000
0.030000, 0.110000, 4.800000, 0.280488, 0.240544, -1.000000, 0.400164, -1.000000, 0.253329, -1.000000, 0.262029, -1.000000
0.030000, 0.120000, 4.790000, 0.291900, 0.242965, -1.000000, 0.399975, -1.000000, 0.255272, -1.000000, 0.264082, -1.000000
0.030000, 0.130000, 4.780000, 0.303237, 0.245403, -1.000000, 0.399785, -1.000000, 0.257224, -1.000000, 0.266146, -1.000000
0.030000, 0.140000, 4.770000, 0.314500, 0.247857, -1.000000, 0.399596, -1.000000, 0.259186, -1.000000, 0.268220, -1.000000
0.030000, 0.150000, 4.760000, 0.325688, 0.250327, -1.000000, 0.399407, -1.000000, 0.261158, -1.000000, 0.270305, -1.000000
0.030000, 0.160000, 4.750000, 0.336800, 0.252814, -1.000000, 0.399217, -1.000000, 0.263140, -1.000000, 0.272399, -1.000000
0.030000, 0.170000, 4.740000, 0.347838, 0.255317, -1.000000, 0.399028, -1.000000, 0.265131, -1.000000, 0.274504, -1.000000
0.030000, 0.180000, 4.730000, 0.358800, 0.257836, -1.000000, 0.398839, -1.000000, 0.267132, -1.000000, 0.276619, -1.000000
0.030000, 0.190000, 4.720000, 0.369688, 0.260371, -1.000000, 0.398649, -1.000000, 0.269142, -1.000000, 0.278743, -1.000000
0.030000, 0.200000, 4.710000, 0.380500, 0.262923, -1.000000, 0.398460, -1.000000, 0.271162, -1.000000, 0.281072, -1.000000
0.030000, 0.210000, 4.700000, 0.391238, 0.265490, -1.000000, 0.398271, -1.000000, 0.273191, -1.000000, 0.283583, -1.000000
0.030000, 0.220000, 4.690000, 0.401900, 0.268074, -1.000000, 0.398082, -1.000000, 0.275274, -1.000000, 0.286108, -1.000000
0.030000, 0.230000, 4.680000, 0.412488, 0.270673, -1.000000, 0.397893, -1.000000, 0.277697, -1.000000, 0.288647, -1.000000
0.030000, 0.240000, 4.670000, 0.423000, 0.273288, -1.000000, 0.397704, -1.000000, 0.280133, -1.000000, 0.291199, -1.000000
0.030000, 0.250000, 4.660000, 0.433438, 0.275919, -1.000000, 0.397515, -1.000000, 0.282583, -1.000000, 0.293764, -1.000000
0.030000, 0.260000, 4.650000, 0.443800, 0.278566, -1.000000, 0.397326, -1.000000, 0.285045, -1.000000, 0.296342, -1.000000
0.030000, 0.270000, 4.640000, 0.454088, 0.281228, -1.000000, 0.397137, -1.000000, 0.287520, -1.000000, 0.298933, -1.000000
0.030000, 0.280000, 4.630000, 0.464300, 0.283905, -1.000000, 0.396948, -1.000000, 0.290008, -1.000000, 0.301537, -1.000000
0.030000, 0.290000, 4.620000, 0.474438, 0.286598, -1.000000, 0.396759, -1.000000, 0.292508, -1.000000, 0.304154, -1.000000
0.030000, 0.300000, 4.610000, 0.484500, 0.289306, -1.000000, 0.396570, -1.000000, 0.295021, -1.000000, 0.306784, -1.000000
0.030000, 0.310000, 4.600000, 0.494487, 0.292029, -1.000000, 0.396381, -1.000000, 0.297547, -1.000000, 0.309427, -1.000000
0.030000, 0.320000, 4.590000, 0.504400, 0.294767, -1.000000, 0.396192, -1.000000, 0.300085, -1.000000, 0.312082, -1.000000
0.030000, 0.330000, 4.580000, 0.514237, 0.297520, -1.000000, 0.396003, -1.000000, 0.302635, -1.000000, 0.314749, -1.000000
0.030000, 0.340000, 4.570000, 0.524000, 0.300288, -1.000000, 0.395815, -1.000000, 0.305198, -1.000000, 0.317428, -1.000000
0.030000, 0.350000, 4.560000, 0.533687, 0.303070, -1.000000, 0.395626, -1.000000, 0.307773, -1.000000, 0.320120, -1.000000
0.030000, 0.360000, 4.550000, 0.543300, 0.305867, -1.000000, 0.395437, -1.000000, 0.310359, -1.000000, 0.322824, -1.000000
0.030000, 0.370000, 4.540000, 0.552837, 0.308678, -1.000000, 0.395249, -1.000000, 0.312958, -1.000000, 0.325540, -1.000000
0.030000, 0.380000, 4.530000, 0.562300, 0.311504, -1.000000, 0.395060, -1.000000, 0.315569, -1.000000, 0.328267, -1.000000
0.030000, 0.390000, 4.520000, 0.571687, 0.314343, -1.000000, 0.394871, -1.000000, 0.318191, -1.000000, 0.331006, -1.000000
0.030000, 0.400000, 4.510000, 0.581000, 0.317197, -1.000000, 0.394683, -1.000000, 0.320824, -1.000000, 0.333757, -1.000000
0.030000, 0.410000, 4.500000, 0.590237, 0.320064, -1.000000, 0.394494, -1.000000, 0.323470, -1.000000, 0.336519, -1.000000
0.030000, 0.420000, 4.490000, 0.599400, 0.322945, -1.000000, 0.394306, -1.000000, 0.326126, -1.000000, 0.339292, -1.000000
0.030000, 0.430000, 4.480000, 0.608487, 0.325840, -1.000000, 0.394117, -1.000000, 0.328794, -1.000000, 0.342076, -1.000000
0.030000, 0.440000, 4.470000, 0.617500, 0.328748, -1.000000, 0.393929, -1.000000, 0.331473, -1.000000, 0.344871, -1.000000
0.030000, 0.450000, 4.460000, 0.626437, 0.331669, -1.000000, 0.393740, -1.000000, 0.334162, -1.000000, 0.347677, -1.000000
0.030000, 0.460000, 4.450000, 0.635300, 0.334603, -1.000000, 0.393552, -1.000000, 0.336863, -1.000000, 0.350494, -1.000000
0.030000, 0.470000, 4.440000, 0.644087, 0.337550, -1.000000, 0.393364, -1.000000, 0.338218, -1.000000, 0.353321, -1.000000
0.030000, 0.480000, 4.430000, 0.652800, 0.340509, -1.000000, 0.393175, -1.000000, 0.339121, -1.000000, 0.356158, -1.000000
0.030000, 0.490000, 4.420000, 0.661437, 0.343481, -1.000000, 0.392987, -1.000000, 0.340024, -1.000000, 0.359006, -1.000000
0.030000, 0.500000, 4.410000, 0.670000, 0.346466, -1.000000, 0.392799, -1.000000, 0.340929, -1.000000, 0.361863, -1.000000
0.030000, 0.510000, 4.400000, 0.678487, 0.349462, -1.000000, 0.392610, -1.000000, 0.341835, -1.000000, 0.364730, -1.000000
0.030000, 0.520000, 4.390000, 0.686900, 0.352024, -1.000000, 0.392422, -1.000000, 0.342742, -1.000000, 0.367607, -1.000000
0.030000, 0.530000, 4.380000, 0.695237, 0.352616, -1.000000, 0.392234, -1.000000, 0.343650, -1.000000, 0.370494, -1.000000
0.030000, 0.540000, 4.370000, 0.703500, 0.353208, -1.000000, 0.392046, -1.000000, 0.344559, -1.000000, 0.373389, -1.000000
0.030000, 0.550000, 4.360000, 0.711687, 0.353286, -1.000000, 0.391858, -1.000000, 0.345470, -1.000000, 0.376294, -1.000000
0.030000, 0.560000, 4.350000, 0.719800, 0.353324, -1.000000, 0.391670, -1.000000, 0.346381, -1.000000, 0.379208, -1.000000
0.030000, 0.570000, 4.340000, 0.727837, 0.353361, -1.000000, 0.391482, -1.000000, 0.347294, -1.000000, 0.382130, -1.000000
0.030000, 0.580000, 4.330000, 0.735800, 0.353399, -1.000000, 0.391294, -1.000000, 0.348208, -1.000000, 0.385061, -1.000000
0.030000, 0.590000, 4.320000, 0.743687, 0.353437, -1.000000, 0.391106, -1.000000, 0.349123, -1.000000, 0.388000, -1.000000
0.030000, 0.600000, 4.310000, 0.751500, 0.353474, -1.000000, 0.390918, -1.000000, 0.350039, -1.000000, 0.390696, -1.000000
0.030000, 0.610000, 4.300000, 0.759237, 0.353512, -1.000000, 0.390730, -1.000000, 0.350956, -1.000000, 0.390692, -1.000000
0.030000, 0.620000, 4.290000, 0.766900, 0.353550, -1.000000, 0.390542, -1.000000, 0.351874, -1.000000, 0.390688, -1.000000
0.030000, 0.630000, 4.280000, 0.774487, 0.353587, -1.000000, 0.390354, -1.000000, 0.352793, -1.000000, 0.390685, -1.000000
0.030000, 0.640000, 4.270000, 0.782000, 0.353625, -1.000000, 0.390166, -1.000000, 0.353714, -1.000000, 0.390681, -1.000000
0.030000, 0.650000, 4.260000, 0.789437, 0.353662, -1.000000, 0.389979, -1.000000, 0.354635, -1.000000, 0.390677, -1.000000
0.030000, 0.660000, 4.250000, 0.796800, 0.353700, -1.000000, 0.389791, -1.000000, 0.355558, -1.000000, 0.390674, -1.000000
0.030000, 0.670000, 4.240000, 0.804087, 0.353738, -1.000000, 0.389603, -1.000000, 0.356482, -1.000000, 0.390670, -1.000000
0.030000, 0.680000, 4.230000, 0.811300, 0.353775, -1.000000, 0.389415, -1.000000, 0.357406, -1.000000, 0.390666, -1.000000
0.030000, 0.690000, 4.220000, 0.818437, 0.353813, -1.000000, 0.389228, -1.000000, 0.358332, -1.000000, 0.390662, -1.000000
0.030000, 0.700000, 4.210001, 0.825500, 0.353851, -1.000000, 0.389040, -1.000000, 0.359259, -1.000000, 0.390659, -1.000000
0.030000, 0.710000, 4.200000, 0.832487, 0.353888, -1.000000, 0.388853, -1.000000, 0.360187, -1.000000, 0.390655, -1.000000
0.030000, 0.720000, 4.190001, 0.839400, 0.353926, -1.000000, 0.388665, -1.000000, 0.361116, -1.000000, 0.390651, -1.000000
0.030000, 0.730000, 4.180000, 0.846237, 0.353964, -1.000000, 0.388477, -1.000000, 0.362046, -1.000000, 0.390648, -1.000000
0.030000, 0.740000, 4.170001, 0.853000, 0.354001, -1.000000, 0.388290, -1.000000, 0.362977, -1.000000, 0.390644, -1.000000
0.030000, 0.750000, 4.160000, 0.859687, 0.354039, -1.000000, 0.388103, -1.000000, 0.363909, -1.000000, 0.390640, -1.000000
0.030000, 0.760000, 4.150001, 0.866300, 0.354077, -1.000000, 0.387915, -1.000000, 0.364842, -1.000000, 0.390637, -1.000000
0.030000, 0.770000, 4.140000, 0.872837, 0.354114, -1.000000, 0.387728, -1.000000, 0.365776, -1.000000, 0.390633, -1.000000
0.030000, 0.780000, 4.130001, 0.879300, 0.354152, -1.000000, 0.387540, -1.000000, 0.366711, -1.000000, 0.390629, -1.000000
0.030000, 0.790000, 4.120000, 0.885687, 0.354190, -1.000000, 0.387353, -1.000000, 0.367647, -1.000000, 0.390625, -1.000000
0.030000, 0.800000, 4.110001, 0.892000, 0.354227, -1.000000, 0.387166, -1.000000, 0.368731, -1.000000, 0.390622, -1.000000
0.030000, 0.810000, 4.100000, 0.898237, 0.354265, -1.000000, 0.386978, -1.000000, 0.369841, -1.000000, 0.390618, -1.000000
0.030000, 0.820000, 4.090001, 0.904400, 0.354303, -1.000000, 0.386791, -1.000000, 0.369883, -1.000000, 0.390614, -1.000000
0.030000, 0.830000, 4.080000, 0.910487, 0.354340, -1.000000, 0.386604, -1.000000, 0.369748, -1.000000, 0.390611, -1.000000
0.030000, 0.839999, 4.070001, 0.916500, 0.354378, -1.000000, 0.386417, -1.000000, 0.369614, -1.000000, 0.390607, -1.000000
0.030000, 0.849999, 4.060000, 0.922437, 0.354416, -1.000000, 0.386230, -1.000000, 0.369479, -1.000000, 0.390603, -1.000000
0.030000, 0.859999, 4.050001, 0.928300, 0.354453, -1.000000, 0.386043, -1.000000, 0.369345, -1.000000, 0.390600, -1.000000
0.030000, 0.869999, 4.040000, 0.934087, 0.354491, -1.000000, 0.385856, -1.000000, 0.369210, -1.000000, 0.390596, -1.000000
0.030000, 0.879999, 4.030001, 0.939800, 0.354529, -1.000000, 0.385669, -1.000000, 0.369076, -1.000000, 0.390592, -1.000000
0.030000, 0.889999, 4.020000, 0.945437, 0.354566, -1.000000, 0.385482, -1.000000, 0.368942, -1.000000, 0.390588, -1.000000
0.030000, 0.899999, 4.010001, 0.951000, 0.354604, -1.000000, 0.385295, -1.000000, 0.368807, -1.000000, 0.390585, -1.000000
0.030000, 0.909999, 4.000000, 0.956487, 0.354642, -1.000000, 0.385108, -1.000000, 0.368673, -1.000000, 0.390581, -1.000000
0.030000, 0.919999, 3.990001, 0.961900, 0.354679, -1.000000, 0.384921, -1.000000, 0.368579, -1.000000, 0.390577, -1.000000
0.030000, 0.929999, 3.980000, 0.967237, 0.354717, -1.000000, 0.384734, -1.000000, 0.368497, -1.000000, 0.390574, -1.000000
0.030000, 0.939999, 3.970001, 0.972500, 0.354755, -1.000000, 0.384547, -1.000000, 0.368414, -1.000000, 0.390570, -1.000000
0.030000, 0.949999, 3.960001, 0.977687, 0.354792, -1.000000, 0.384360, -1.000000, 0.368332, -1.000000, 0.390566, -1.000000
0.030000, 0.959999, 3.950001, 0.982800, 0.354830, -1.000000, 0.384174, -1.000000, 0.368249, -1.000000, 0.390563, -1.000000
0.030000, 0.969999, 3.940001, 0.987837, 0.354868, -1.000000, 0.383987, -1.000000, 0.368167, -1.000000, 0.390559, -1.000000
0.030000, 0.979999, 3.930001, 0.992800, 0.354906, -1.000000, 0.383800, -1.000000, 0.368085, -1.000000, 0.390555, -1.000000
0.030000, 0.989999, 3.920001, 0.997687, 0.354943, -1.000000, 0.383614, -1.000000, 0.368002, -1.000000, 0.390551, -1.000000
0.030000, 0.999999, 3.910001, 1.002500, 0.354981, -1.000000, 0.383427, -1.000000, 0.367920, -1.000000, 0.390548, -1.000000
0.040000, 0.000000, 4.880000, 0.150000, 0.216946, 0.733012, 0.402360, 0.995253, 0.231950, 0.803757, 0.240529, 0.978427
0.040000, 0.010000, 4.870000, 0.162163, 0.218348, -1.000000, 0.402170, -1.000000, 0.233780, -1.000000, 0.242470, -1.000000
0.040000, 0.020000, 4.860000, 0.174250, 0.219758, -1.000000, 0.401980, -1.000000, 0.235620, -1.000000, 0.244423, -1.000000
0.040000, 0.030000, 4.850000, 0.186263, 0.221609, -1.000000, 0.401790, -1.000000, 0.237470, -1.000000, 0.246386, -1.000000
0.040000, 0.040000, 4.840000, 0.198200, 0.223896, -1.000000, 0.401601, -1.000000, 0.239330, -1.000000, 0.248359, -1.000000
0.040000, 0.050000, 4.830000, 0.210063, 0.226199, -1.000000, 0.401411, -1.000000, 0.241200, -1.000000, 0.250308, -1.000000
0.040000, 0.060000, 4.820000, 0.221850, 0.228519, -1.000000, 0.401221, -1.000000, 0.243079, -1.000000, 0.252267, -1.000000
0.040000, 0.070000, 4.810000, 0.233562, 0.230856, -1.000000, 0.401032, -1.000000, 0.244969, -1.000000, 0.254236, -1.000000
0.040000, 0.080000, 4.800000, 0.245200, 0.233209, -1.000000, 0.400842, -1.000000, 0.246869, -1.000000, 0.256215, -1.000000
0.040000, 0.090000, 4.790000, 0.256763, 0.235579, -1.000000, 0.400653, -1.000000, 0.248779, -1.000000, 0.258238, -1.000000
0.040000, 0.100000, 4.780000, 0.268250, 0.237966, -1.000000, 0.400463, -1.000000, 0.250698, -1.000000, 0.260272, -1.000000
0.040000, 0.110000, 4.770000, 0.279662, 0.240369, -1.000000, 0.400274, -1.000000, 0.252627, -1.000000, 0.262317, -1.000000
0.040000, 0.120000, 4.760000, 0.291000, 0.242789, -1.000000, 0.400084, -1.000000, 0.254566, -1.000000, 0.264372, -1.000000
0.040000, 0.130000, 4.750000, 0.302262, 0.245226, -1.000000, 0.399895, -1.000000, 0.256515, -1.000000, 0.266438, -1.000000
0.040000, 0.140000, 4.740000, 0.313450, 0.247678, -1.000000, 0.399705, -1.000000, 0.258474, -1.000000, 0.268513, -1.000000
0.040000, 0.150000, 4.730000, 0.324562, 0.250148, -1.000000, 0.399516, -1.000000, 0.260442, -1.000000, 0.270599, -1.000000
0.040000, 0.160000, 4.720000, 0.335600, 0.252633, -1.000000, 0.399327, -1.000000, 0.262420, -1.000000, 0.272695, -1.000000
0.040000, 0.170000, 4.710000, 0.346563, 0.255135, -1.000000, 0.399137, -1.000000, 0.264408, -1.000000, 0.274801, -1.000000
0.040000, 0.180000, 4.700000, 0.357450, 0.257653, -1.000000, 0.398948, -1.000000, 0.266405, -1.000000, 0.276917, -1.000000
0.040000, 0.190000, 4.690000, 0.368263, 0.260187, -1.000000, 0.398759, -1.000000, 0.268412, -1.000000, 0.279043, -1.000000
0.040000, 0.200000, 4.680000, 0.379000, 0.262738, -1.000000, 0.398570, -1.000000, 0.270428, -1.000000, 0.281527, -1.000000
0.040000, 0.210000, 4.670000, 0.389663, 0.265304, -1.000000, 0.398381, -1.000000, 0.272454, -1.000000, 0.284041, -1.000000
0.040000, 0.220000, 4.660000, 0.400250, 0.267886, -1.000000, 0.398191, -1.000000, 0.274833, -1.000000, 0.286569, -1.000000
0.040000, 0.230000, 4.650000, 0.410763, 0.270484, -1.000000, 0.398002, -1.000000, 0.277254, -1.000000, 0.289110, -1.000000
0.040000, 0.240000, 4.640000, 0.421200, 0.273098, -1.000000, 0.397813, -1.000000, 0.279688, -1.000000, 0.291664, -1.000000
0.040000, 0.250000, 4.630000, 0.431563, 0.275728, -1.000000, 0.397624, -1.000000, 0.282135, -1.000000, 0.294232, -1.000000
0.040000, 0.260000, 4.620000, 0.441850, 0.278373, -1.000000, 0.397435, -1.000000, 0.284595, -1.000000, 0.296812, -1.000000
0.040000, 0.270000, 4.610000, 0.452063, 0.281034, -1.000000, 0.397246, -1.000000, 0.287067, -1.000000, 0.299406, -1.000000
0.040000, 0.280000, 4.600000, 0.462200, 0.283711, -1.000000, 0.397057, -1.000000, 0.289553, -1.000000, 0.302012, -1.000000
0.040000, 0.290000, 4.590000, 0.472263, 0.286402, -1.000000, 0.396868, -1.000000, 0.292051, -1.000000, 0.304632, -1.000000
0.040000, 0.300000, 4.580000, 0.482250, 0.289109, -1.000000, 0.396679, -1.000000, 0.294562, -1.000000, 0.307264, -1.000000
0.040000, 0.310000, 4.570000, 0.492162, 0.291831, -1.000000, 0.396490, -1.000000, 0.297085, -1.000000, 0.309909, -1.000000
0.040000, 0.320000, 4.560000, 0.502000, 0.294568, -1.000000, 0.396301, -1.000000, 0.299621, -1.000000, 0.312566, -1.000000
0.040000, 0.330000, 4.550000, 0.511762, 0.297320, -1.000000, 0.396113, -1.000000, 0.302169, -1.000000, 0.315235, -1.000000
0.040000, 0.340000, 4.540000, 0.521450, 0.300087, -1.000000, 0.395924, -1.000000, 0.304730, -1.000000, 0.317917, -1.000000
0.040000, 0.350000, 4.530000, 0.531062, 0.302868, -1.000000, 0.395735, -1.000000, 0.307302, -1.000000, 0.320611, -1.000000
0.040000, 0.360000, 4.520000, 0.540600, 0.305664, -1.000000, 0.395546, -1.000000, 0.309887, -1.000000, 0.323317, -1.000000
0.040000, 0.370000, 4.510000, 0.550062, 0.308474, -1.000000, 0.395358, -1.000000, 0.312483, -1.000000, 0.326035, -1.000000
0.040000, 0.380000, 4.500000, 0.559450, 0.311299, -1.000000, 0.395169, -1.000000, 0.315091, -1.000000, 0.328764, -1.000000
0.040000, 0.390000, 4.490000, 0.568762, 0.314137, -1.000000, 0.394980, -1.000000, 0.317711, -1.000000, 0.331506, -1.000000
0.040000, 0.400000, 4.480000, 0.578000, 0.316990, -1.000000, 0.394792, -1.000000, 0.320343, -1.000000, 0.334258, -1.000000
0.040000, 0.410000, 4.470000, 0.587162, 0.319856, -1.000000, 0.394603, -1.000000, 0.322986, -1.000000, 0.337022, -1.000000
0.040000, 0.420000, 4.460000, 0.596250, 0.322736, -1.000000, 0.394415, -1.000000, 0.325641, -1.000000, 0.339798, -1.000000
0.040000, 0.430000, 4.450000, 0.605262, 0.325630, -1.000000, 0.394226, -1.000000, 0.328306, -1.000000, 0.342584, -1.000000
0.040000, 0.440000, 4.440000, 0.614200, 0.328537, -1.000000, 0.394038, -1.000000, 0.330983, -1.000000, 0.345381, -1.000000
0.040000, 0.450000, 4.430000, 0.623062, 0.331457, -1.000000, 0.393849, -1.000000, 0.333671, -1.000000, 0.348189, -1.000000
0.040000, 0.460000, 4.420000, 0.631850, 0.334390, -1.000000, 0.393661, -1.000000, 0.336369, -1.000000, 0.351007, -1.000000
0.040000, 0.470000, 4.410000, 0.640562, 0.337336, -1.000000, 0.393472, -1.000000, 0.338516, -1.000000, 0.353836, -1.000000
0.040000, 0.480000, 4.400000, 0.649200, 0.340295, -1.000000, 0.393284, -1.000000, 0.339418, -1.000000, 0.356675, -1.000000
0.040000, 0.490000, 4.390000, 0.657762, 0.343266, -1.000000, 0.393096, -1.000000, 0.340322, -1.000000, 0.359525, -1.000000
0.040000, 0.500000, 4.380000, 0.666250, 0.346249, -1.000000, 0.392908, -1.000000, 0.341227, -1.000000, 0.362384, -1.000000
0.040000, 0.510000, 4.370000, 0.674662, 0.349245, -1.000000, 0.392719, -1.000000, 0.342134, -1.000000, 0.365253, -1.000000
0.040000, 0.520000, 4.360000, 0.683000, 0.352148, -1.000000, 0.392531, -1.000000, 0.343041, -1.000000, 0.368132, -1.000000
0.040000, 0.530000, 4.350000, 0.691262, 0.352739, -1.000000, 0.392343, -1.000000, 0.343949, -1.000000, 0.371020, -1.000000
0.040000, 0.540000, 4.340000, 0.699450, 0.353230, -1.000000, 0.392155, -1.000000, 0.344859, -1.000000, 0.373917, -1.000000
0.040000, 0.550000, 4.330000, 0.707562, 0.353267, -1.000000, 0.391967, -1.000000, 0.345770, -1.000000, 0.376823, -1.000000
0.040000, 0.560000, 4.320000, 0.715600, 0.353305, -1.000000, 0.391779, -1.000000, 0.346682, -1.000000, 0.379738, -1.000000
0.040000, 0.570000, 4.310000, 0.723562, 0.353343, -1.000000, 0.391590, -1.000000, 0.347595, -1.000000, 0.382662, -1.000000
0.040000, 0.580000, 4.300000, 0.731450, 0.353380, -1.000000, 0.391402, -1.000000, 0.348509, -1.000000, 0.385595, -1.000000
0.040000, 0.590000, 4.290000, 0.739262, 0.353418, -1.000000, 0.391214, -1.000000, 0.349424, -1.000000, 0.388536, -1.000000
0.040000, 0.600000, 4.280000, 0.747000, 0.353455, -1.000000, 0.391026, -1.000000, 0.350341, -1.000000, 0.390714, -1.000000
0.040000, 0.610000, 4.270000, 0.754662, 0.353493, -1.000000, 0.390839, -1.000000, 0.351258, -1.000000, 0.390710, -1.000000
0.040000, 0.620000, 4.260000, 0.762250, 0.353531, -1.000000, 0.390651, -1.000000, 0.352177, -1.000000, 0.390706, -1.000000
0.040000, 0.630000, 4.250000, 0.769762, 0.353568, -1.000000, 0.390463, -1.000000, 0.353097, -1.000000, 0.390703, -1.000000
0.040000, 0.640000, 4.240000, 0.777200, 0.353606, -1.000000, 0.390275, -1.000000, 0.354017, -1.000000, 0.390699, -1.000000
0.040000, 0.650000, 4.230000, 0.784562, 0.353644, -1.000000, 0.390087, -1.000000, 0.354939, -1.000000, 0.390695, -1.000000
0.040000, 0.660000, 4.220000, 0.791850, 0.353681, -1.000000, 0.389899, -1.000000, 0.355862, -1.000000, 0.390691, -1.000000
0.040000, 0.670000, 4.210001, 0.799062, 0.353719, -1.000000, 0.389712, -1.000000, 0.356786, -1.000000, 0.390688, -1.000000
0.040000, 0.680000, 4.200000, 0.806200, 0.353757, -1.000000, 0.389524, -1.000000, 0.357711, -1.000000, 0.390684, -1.000000
0.040000, 0.690000, 4.190001, 0.813262, 0.353794, -1.000000, 0.389336, -1.000000, 0.358637, -1.000000, 0.390680, -1.000000
0.040000, 0.700000, 4.180000, 0.820250, 0.353832, -1.000000, 0.389149, -1.000000, 0.359565, -1.000000, 0.390677, -1.000000
0.040000, 0.710000, 4.170001, 0.827162, 0.353869, -1.000000, 0.388961, -1.000000, 0.360493, -1.000000, 0.390673, -1.000000
0.040000, 0.720000, 4.160000, 0.834000, 0.353907, -1.000000, 0.388773, -1.000000, 0.361422, -1.000000, 0.390669, -1.000000
0.040000, 0.730000, 4.150001, 0.840762, 0.353945, -1.000000, 0.388586, -1.000000, 0.362353, -1.000000, 0.390666, -1.000000
0.040000, 0.740000, 4.140000, 0.847450, 0.353982, -1.000000, 0.388398, -1.000000, 0.363284, -1.000000, 0.390662, -1.000000
0.040000, 0.750000, 4.130001, 0.854062, 0.354020, -1.000000, 0.388211, -1.000000, 0.364216, -1.000000, 0.390658, -1.000000
0.040000, 0.760000, 4.120000, 0.860600, 0.354058, -1.000000, 0.388023, -1.000000, 0.365150, -1.000000, 0.390654, -1.000000
0.040000, 0.770000, 4.110001, 0.867062, 0.354095, -1.000000, 0.387836, -1.000000, 0.366084, -1.000000, 0.390651, -1.000000
0.040000, 0.780000, 4.100000, 0.873450, 0.354133, -1.000000, 0.387649, -1.000000, 0.367139, -1.000000, 0.390647, -1.000000
0.040000, 0.790000, 4.090001, 0.879762, 0.354171, -1.000000, 0.387461, -1.000000, 0.368247, -1.000000, 0.390643, -1.000000
0.040000, 0.800000, 4.080000, 0.886000, 0.354208, -1.000000, 0.387274, -1.000000, 0.369357, -1.000000, 0.390640, -1.000000
0.040000, 0.810000, 4.070001, 0.892162, 0.354246, -1.000000, 0.387087, -1.000000, 0.369950, -1.000000, 0.390636, -1.000000
0.040000, 0.820000, 4.060000, 0.898250, 0.354284, -1.000000, 0.386900, -1.000000, 0.369816, -1.000000, 0.390632, -1.000000
0.040000, 0.830000, 4.050001, 0.904262, 0.354321, -1.000000, 0.386712, -1.000000, 0.369681, -1.000000, 0.390629, -1.000000
0.040000, 0.839999, 4.040000, 0.910200, 0.354359, -1.000000, 0.386525, -1.000000, 0.369547, -1.000000, 0.390625, -1.000000
0.040000, 0.849999, 4.030001, 0.916062, 0.354397, -1.000000, 0.386338, -1.000000, 0.369413, -1.000000, 0.390621, -1.000000
0.040000, 0.859999, 4.020000, 0.921850, 0.354434, -1.000000, 0.386151, -1.000000, 0.369278, -1.000000, 0.390617, -1.000000
0.040000, 0.869999, 4.010001, 0.927562, 0.354472, -1.000000, 0.385964, -1.000000, 0.369144, -1.000000, 0.390614, -1.000000
0.040000, 0.879999, 4.000000, 0.933200, 0.354510, -1.000000, 0.385777, -1.000000, 0.369009, -1.000000, 0.390610, -1.000000
0.040000, 0.889999, 3.990001, 0.938762, 0.354547, -1.000000, 0.385590, -1.000000, 0.368875, -1.000000, 0.390606, -1.000000
0.040000, 0.899999, 3.980000, 0.944250, 0.354585, -1.000000, 0.385403, -1.000000, 0.368741, -1.000000, 0.390603, -1.000000
0.040000, 0.909999, 3.970001, 0.949662, 0.354623, -1.000000, 0.385216, -1.000000, 0.368616, -1.000000, 0.390599, -1.000000
0.040000, 0.919999, 3.960001, 0.955000, 0.354661, -1.000000, 0.385029, -1.000000, 0.368533, -1.000000, 0.390595, -1.000000
0.040000, 0.929999, 3.950001, 0.960262, 0.354698, -1.000000, 0.384842, -1.000000, 0.368451, -1.000000, 0.390592, -1.000000
0.040000, 0.939999, 3.940001, 0.965450, 0.354736, -1.000000, 0.384655, -1.000000, 0.368368, -1.000000, 0.390588, -1.000000
0.040000, 0.949999, 3.930001, 0.970562, 0.354774, -1.000000, 0.384468, -1.000000, 0.368286, -1.000000, 0.390584, -1.000000
0.040000, 0.959999, 3.920001, 0.975600, 0.354811, -1.000000, 0.384282, -1.000000, 0.368203, -1.000000, 0.390580, -1.000000
0.040000, 0.969999, 3.910001, 0.980562, 0.354849, -1.000000, 0.384095, -1.000000, 0.368121, -1.000000, 0.390577, -1.000000
0.040000, 0.979999, 3.900001, 0.985450, 0.354887, -1.000000, 0.383908, -1.000000, 0.368038, -1.000000, 0.390573, -1.000000
0.040000, 0.989999, 3.890001, 0.990262, 0.354924, -1.000000, 0.383722, -1.000000, 0.367956, -1.000000, 0.390569, -1.000000
0.040000, 0.999999, 3.880001, 0.995000, 0.354962, -1.000000, 0.383535, -1.000000, 0.367873, -1.000000, 0.390566, -1.000000
0.050000, 0.000000, 4.850000, 0.150000, 0.216734, 0.733009, 0.402469, 0.995269, 0.231289, 0.803823, 0.240801, 0.978766
0.050000, 0.010000, 4.840000, 0.162088, 0.218135, -1.000000, 0.402280, -1.000000, 0.233115, -1.000000, 0.242744, -1.000000
0.050000, 0.020000, 4.830000, 0.174100, 0.219558, -1.000000, 0.402090, -1.000000, 0.234951, -1.000000, 0.244698, -1.000000
0.050000, 0.030000, 4.820000, 0.186038, 0.221444, -1.000000, 0.401900, -1.000000, 0.236798, -1.000000, 0.246644, -1.000000
0.050000, 0.040000, 4.810000, 0.197900, 0.223730, -1.000000, 0.401710, -1.000000, 0.238654, -1.000000, 0.248584, -1.000000
0.050000, 0.050000, 4.800000, 0.209688, 0.226032, -1.000000, 0.401521, -1.000000, 0.240520, -1.000000, 0.250534, -1.000000
0.050000, 0.060000, 4.790000, 0.221400, 0.228351, -1.000000, 0.401331, -1.000000, 0.242397, -1.000000, 0.252494, -1.000000
0.050000, 0.070000, 4.780000, 0.233038, 0.230686, -1.000000, 0.401141, -1.000000, 0.244283, -1.000000, 0.254483, -1.000000
0.050000, 0.080000, 4.770000, 0.244600, 0.233038, -1.000000, 0.400952, -1.000000, 0.246179, -1.000000, 0.256498, -1.000000
0.050000, 0.090000, 4.760000, 0.256088, 0.235407, -1.000000, 0.400762, -1.000000, 0.248085, -1.000000, 0.258524, -1.000000
0.050000, 0.100000, 4.750000, 0.267500, 0.237793, -1.000000, 0.400573, -1.000000, 0.250001, -1.000000, 0.260560, -1.000000
0.050000, 0.110000, 4.740000, 0.278838, 0.240195, -1.000000, 0.400383, -1.000000, 0.251927, -1.000000, 0.262606, -1.000000
0.050000, 0.120000, 4.730000, 0.290100, 0.242614, -1.000000, 0.400194, -1.000000, 0.253862, -1.000000, 0.264662, -1.000000
0.050000, 0.130000, 4.720000, 0.301288, 0.245049, -1.000000, 0.400004, -1.000000, 0.255808, -1.000000, 0.266729, -1.000000
0.050000, 0.140000, 4.710000, 0.312400, 0.247500, -1.000000, 0.399815, -1.000000, 0.257763, -1.000000, 0.268806, -1.000000
0.050000, 0.150000, 4.700000, 0.323438, 0.249968, -1.000000, 0.399626, -1.000000, 0.259727, -1.000000, 0.270893, -1.000000
0.050000, 0.160000, 4.690000, 0.334400, 0.252453, -1.000000, 0.399436, -1.000000, 0.261702, -1.000000, 0.272991, -1.000000
0.050000, 0.170000, 4.680000, 0.345288, 0.254953, -1.000000, 0.399247, -1.000000, 0.263686, -1.000000, 0.275098, -1.000000
0.050000, 0.180000, 4.670000, 0.356100, 0.257470, -1.000000, 0.399058, -1.000000, 0.265680, -1.000000, 0.277216, -1.000000
0.050000, 0.190000, 4.660000, 0.366838, 0.260003, -1.000000, 0.398868, -1.000000, 0.267683, -1.000000, 0.279481, -1.000000
0.050000, 0.200000, 4.650000, 0.377500, 0.262552, -1.000000, 0.398679, -1.000000, 0.269696, -1.000000, 0.281984, -1.000000
0.050000, 0.210000, 4.640000, 0.388088, 0.265118, -1.000000, 0.398490, -1.000000, 0.271988, -1.000000, 0.284500, -1.000000
0.050000, 0.220000, 4.630000, 0.398600, 0.267699, -1.000000, 0.398301, -1.000000, 0.274393, -1.000000, 0.287030, -1.000000
0.050000, 0.230000, 4.620000, 0.409038, 0.270296, -1.000000, 0.398112, -1.000000, 0.276811, -1.000000, 0.289573, -1.000000
0.050000, 0.240000, 4.610000, 0.419400, 0.272909, -1.000000, 0.397922, -1.000000, 0.279243, -1.000000, 0.292130, -1.000000
0.050000, 0.250000, 4.600000, 0.429688, 0.275537, -1.000000, 0.397733, -1.000000, 0.281687, -1.000000, 0.294700, -1.000000
0.050000, 0.260000, 4.590000, 0.439900, 0.278181, -1.000000, 0.397544, -1.000000, 0.284145, -1.000000, 0.297283, -1.000000
0.050000, 0.270000, 4.580000, 0.450038, 0.280841, -1.000000, 0.397355, -1.000000, 0.286615, -1.000000, 0.299879, -1.000000
0.050000, 0.280000, 4.570000, 0.460100, 0.283516, -1.000000, 0.397166, -1.000000, 0.289098, -1.000000, 0.302488, -1.000000
0.050000, 0.290000, 4.560000, 0.470088, 0.286207, -1.000000, 0.396977, -1.000000, 0.291594, -1.000000, 0.305109, -1.000000
0.050000, 0.300000, 4.550000, 0.480000, 0.288913, -1.000000, 0.396788, -1.000000, 0.294103, -1.000000, 0.307744, -1.000000
0.050000, 0.310000, 4.540000, 0.489837, 0.291634, -1.000000, 0.396600, -1.000000, 0.296624, -1.000000, 0.310391, -1.000000
0.050000, 0.320000, 4.530000, 0.499600, 0.294370, -1.000000, 0.396411, -1.000000, 0.299157, -1.000000, 0.313050, -1.000000
0.050000, 0.330000, 4.520000, 0.509287, 0.297120, -1.000000, 0.396222, -1.000000, 0.301703, -1.000000, 0.315722, -1.000000
0.050000, 0.340000, 4.510000, 0.518900, 0.299886, -1.000000, 0.396033, -1.000000, 0.304261, -1.000000, 0.318406, -1.000000
0.050000, 0.350000, 4.500000, 0.528437, 0.302666, -1.000000, 0.395844, -1.000000, 0.306832, -1.000000, 0.321102, -1.000000
0.050000, 0.360000, 4.490000, 0.537900, 0.305461, -1.000000, 0.395656, -1.000000, 0.309414, -1.000000, 0.323810, -1.000000
0.050000, 0.370000, 4.480000, 0.547287, 0.308270, -1.000000, 0.395467, -1.000000, 0.312008, -1.000000, 0.326530, -1.000000
0.050000, 0.380000, 4.470000, 0.556600, 0.311094, -1.000000, 0.395278, -1.000000, 0.314615, -1.000000, 0.329262, -1.000000
0.050000, 0.390000, 4.460000, 0.565837, 0.313931, -1.000000, 0.395089, -1.000000, 0.317232, -1.000000, 0.332006, -1.000000
0.050000, 0.400000, 4.450000, 0.575000, 0.316783, -1.000000, 0.394901, -1.000000, 0.319862, -1.000000, 0.334760, -1.000000
0.050000, 0.410000, 4.440000, 0.584087, 0.319648, -1.000000, 0.394712, -1.000000, 0.322503, -1.000000, 0.337526, -1.000000
0.050000, 0.420000, 4.430000, 0.593100, 0.322527, -1.000000, 0.394524, -1.000000, 0.325155, -1.000000, 0.340304, -1.000000
0.050000, 0.430000, 4.420000, 0.602037, 0.325420, -1.000000, 0.394335, -1.000000, 0.327819, -1.000000, 0.343092, -1.000000
0.050000, 0.440000, 4.410000, 0.610900, 0.328326, -1.000000, 0.394147, -1.000000, 0.330494, -1.000000, 0.345891, -1.000000
0.050000, 0.450000, 4.400000, 0.619687, 0.331245, -1.000000, 0.393958, -1.000000, 0.333180, -1.000000, 0.348701, -1.000000
0.050000, 0.460000, 4.390000, 0.628400, 0.334177, -1.000000, 0.393770, -1.000000, 0.335876, -1.000000, 0.351521, -1.000000
0.050000, 0.470000, 4.380000, 0.637037, 0.337122, -1.000000, 0.393581, -1.000000, 0.338584, -1.000000, 0.354352, -1.000000
0.050000, 0.480000, 4.370000, 0.645600, 0.340080, -1.000000, 0.393393, -1.000000, 0.339716, -1.000000, 0.357193, -1.000000
0.050000, 0.490000, 4.360000, 0.654087, 0.343050, -1.000000, 0.393205, -1.000000, 0.340620, -1.000000, 0.360044, -1.000000
0.050000, 0.500000, 4.350000, 0.662500, 0.346033, -1.000000, 0.393016, -1.000000, 0.341526, -1.000000, 0.362905, -1.000000
0.050000, 0.510000, 4.340000, 0.670837, 0.349028, -1.000000, 0.392828, -1.000000, 0.342432, -1.000000, 0.365776, -1.000000
0.050000, 0.520000, 4.330000, 0.679100, 0.352035, -1.000000, 0.392640, -1.000000, 0.343340, -1.000000, 0.368656, -1.000000
0.050000, 0.530000, 4.320000, 0.687287, 0.352863, -1.000000, 0.392452, -1.000000, 0.344249, -1.000000, 0.371546, -1.000000
0.050000, 0.540000, 4.310000, 0.695400, 0.353211, -1.000000, 0.392264, -1.000000, 0.345159, -1.000000, 0.374445, -1.000000
0.050000, 0.550000, 4.300000, 0.703437, 0.353249, -1.000000, 0.392075, -1.000000, 0.346070, -1.000000, 0.377353, -1.000000
0.050000, 0.560000, 4.290000, 0.711400, 0.353286, -1.000000, 0.391887, -1.000000, 0.346983, -1.000000, 0.380269, -1.000000
0.050000, 0.570000, 4.280000, 0.719287, 0.353324, -1.000000, 0.391699, -1.000000, 0.347896, -1.000000, 0.383195, -1.000000
0.050000, 0.580000, 4.270000, 0.727100, 0.353361, -1.000000, 0.391511, -1.000000, 0.348811, -1.000000, 0.386129, -1.000000
0.050000, 0.590000, 4.260000, 0.734837, 0.353399, -1.000000, 0.391323, -1.000000, 0.349726, -1.000000, 0.389071, -1.000000
0.050000, 0.600000, 4.250000, 0.742500, 0.353437, -1.000000, 0.391135, -1.000000, 0.350643, -1.000000, 0.390732, -1.000000
0.050000, 0.610000, 4.240000, 0.750087, 0.353474, -1.000000, 0.390947, -1.000000, 0.351561, -1.000000, 0.390728, -1.000000
0.050000, 0.620000, 4.230000, 0.757600, 0.353512, -1.000000, 0.390759, -1.000000, 0.352480, -1.000000, 0.390724, -1.000000
0.050000, 0.630000, 4.220000, 0.765037, 0.353549, -1.000000, 0.390571, -1.000000, 0.353400, -1.000000, 0.390720, -1.000000
0.050000, 0.640000, 4.210000, 0.772400, 0.353587, -1.000000, 0.390384, -1.000000, 0.354321, -1.000000, 0.390717, -1.000000
0.050000, 0.650000, 4.200000, 0.779687, 0.353625, -1.000000, 0.390196, -1.000000, 0.355243, -1.000000, 0.390713, -1.000000
0.050000, 0.660000, 4.190001, 0.786900, 0.353662, -1.000000, 0.390008, -1.000000, 0.356167, -1.000000, 0.390709, -1.000000
0.050000, 0.670000, 4.180000, 0.794037, 0.353700, -1.000000, 0.389820, -1.000000, 0.357091, -1.000000, 0.390706, -1.000000
0.050000, 0.680000, 4.170000, 0.801100, 0.353738, -1.000000, 0.389632, -1.000000, 0.358016, -1.000000, 0.390702, -1.000000
0.050000, 0.690000, 4.160000, 0.808087, 0.353775, -1.000000, 0.389445, -1.000000, 0.358943, -1.000000, 0.390698, -1.000000
0.050000, 0.700000, 4.150001, 0.815000, 0.353813, -1.000000, 0.389257, -1.000000, 0.359870, -1.000000, 0.390695, -1.000000
0.050000, 0.710000, 4.140000, 0.821837, 0.353851, -1.000000, 0.389069, -1.000000, 0.360799, -1.000000, 0.390691, -1.000000
0.050000, 0.720000, 4.130000, 0.828600, 0.353888, -1.000000, 0.388882, -1.000000, 0.361729, -1.000000, 0.390687, -1.000000
0.050000, 0.730000, 4.120000, 0.835287, 0.353926, -1.000000, 0.388694, -1.000000, 0.362659, -1.000000, 0.390683, -1.000000
0.050000, 0.740000, 4.110001, 0.841900, 0.353964, -1.000000, 0.388507, -1.000000, 0.363591, -1.000000, 0.390680, -1.000000
0.050000, 0.750000, 4.100000, 0.848437, 0.354001, -1.000000, 0.388319, -1.000000, 0.364524, -1.000000, 0.390676, -1.000000
0.050000, 0.760000, 4.090000, 0.854900, 0.354039, -1.000000, 0.388132, -1.000000, 0.365549, -1.000000, 0.390672, -1.000000
0.050000, 0.770000, 4.080000, 0.861287, 0.354077, -1.000000, 0.387944, -1.000000, 0.366655, -1.000000, 0.390669, -1.000000
0.050000, 0.780000, 4.070001, 0.867600, 0.354114, -1.000000, 0.387757, -1.000000, 0.367763, -1.000000, 0.390665, -1.000000
0.050000, 0.790000, 4.060000, 0.873837, 0.354152, -1.000000, 0.387570, -1.000000, 0.368873, -1.000000, 0.390661, -1.000000
0.050000, 0.800000, 4.050000, 0.880000, 0.354190, -1.000000, 0.387382, -1.000000, 0.369983, -1.000000, 0.390658, -1.000000
0.050000, 0.810000, 4.040000, 0.886087, 0.354227, -1.000000, 0.387195, -1.000000, 0.369884, -1.000000, 0.390654, -1.000000
0.050000, 0.820000, 4.030001, 0.892100, 0.354265, -1.000000, 0.387008, -1.000000, 0.369749, -1.000000, 0.390650, -1.000000
0.050000, 0.830000, 4.020000, 0.898037, 0.354303, -1.000000, 0.386821, -1.000000, 0.369615, -1.000000, 0.390646, -1.000000
0.050000, 0.839999, 4.010000, 0.903900, 0.354340, -1.000000, 0.386633, -1.000000, 0.369480, -1.000000, 0.390643, -1.000000
0.050000, 0.849999, 4.000000, 0.909687, 0.354378, -1.000000, 0.386446, -1.000000, 0.369346, -1.000000, 0.390639, -1.000000
0.050000, 0.859999, 3.990000, 0.915400, 0.354416, -1.000000, 0.386259, -1.000000, 0.369211, -1.000000, 0.390635, -1.000000
0.050000, 0.869999, 3.980000, 0.921037, 0.354453, -1.000000, 0.386072, -1.000000, 0.369077, -1.000000, 0.390632, -1.000000
0.050000, 0.879999, 3.970001, 0.926600, 0.354491, -1.000000, 0.385885, -1.000000, 0.368943, -1.000000, 0.390628, -1.000000
0.050000, 0.889999, 3.960001, 0.932087, 0.354529, -1.000000, 0.385698, -1.000000, 0.368808, -1.000000, 0.390624, -1.000000
0.050000, 0.899999, 3.950001, 0.937500, 0.354566, -1.000000, 0.385511, -1.000000, 0.368674, -1.000000, 0.390621, -1.000000
0.050000, 0.909999, 3.940001, 0.942837, 0.354604, -1.000000, 0.385324, -1.000000, 0.368569, -1.000000, 0.390617, -1.000000
0.050000, 0.919999, 3.930001, 0.948100, 0.354642, -1.000000, 0.385137, -1.000000, 0.368487, -1.000000, 0.390613, -1.000000
0.050000, 0.929999, 3.920001, 0.953287, 0.354679, -1.000000, 0.384950, -1.000000, 0.368404, -1.000000, 0.390609, -1.000000
0.050000, 0.939999, 3.910001, 0.958400, 0.354717, -1.000000, 0.384763, -1.000000, 0.368322, -1.000000, 0.390606, -1.000000
0.050000, 0.949999, 3.900001, 0.963437, 0.354755, -1.000000, 0.384576, -1.000000, 0.368239, -1.000000, 0.390602, -1.000000
0.050000, 0.959999, 3.890001, 0.968400, 0.354792, -1.000000, 0.384390, -1.000000, 0.368157, -1.000000, 0.390598, -1.000000
0.050000, 0.969999, 3.880001, 0.973287, 0.354830, -1.000000, 0.384203, -1.000000, 0.368074, -1.000000, 0.390595, -1.000000
0.050000, 0.979999, 3.870001, 0.978100, 0.354868, -1.000000, 0.384016, -1.000000, 0.367992, -1.000000, 0.390591, -1.000000
0.050000, 0.989999, 3.860001, 0.982837, 0.354905, -1.000000, 0.383830, -1.000000, 0.367910, -1.000000, 0.390587, -1.000000
0.050000, 0.999999, 3.850001, 0.987500, 0.354943, -1.000000, 0.383643, -1.000000, 0.367827, -1.000000, 0.390584, -1.000000
0.060000, 0.000000, 4.820000, 0.150000, 0.216521, 0.733007, 0.402579, 0.995284, 0.230629, 0.803889, 0.240840, 0.979101
0.060000, 0.010000, 4.810000, 0.162013, 0.217921, -1.000000, 0.402389, -1.000000, 0.232452, -1.000000, 0.242907, -1.000000
0.060000, 0.020000, 4.800000, 0.173950, 0.219359, -1.000000, 0.402200, -1.000000, 0.234284, -1.000000, 0.244937, -1.000000
0.060000, 0.030000, 4.790000, 0.185813, 0.221279, -1.000000, 0.402010, -1.000000, 0.236127, -1.000000, 0.246868, -1.000000
0.060000, 0.040000, 4.780000, 0.197600, 0.223564, -1.000000, 0.401820, -1.000000, 0.237980, -1.000000, 0.248809, -1.000000
0.060000, 0.050000, 4.770000, 0.209312, 0.225864, -1.000000, 0.401630, -1.000000, 0.239843, -1.000000, 0.250765, -1.000000
0.060000, 0.060000, 4.760000, 0.220950, 0.228182, -1.000000, 0.401441, -1.000000, 0.241715, -1.000000, 0.252760, -1.000000
0.060000, 0.070000, 4.750000, 0.232513, 0.230517, -1.000000, 0.401251, -1.000000, 0.243598, -1.000000, 0.254766, -1.000000
0.060000, 0.080000, 4.740000, 0.244000, 0.232868, -1.000000, 0.401062, -1.000000, 0.245490, -1.000000, 0.256783, -1.000000
0.060000, 0.090000, 4.730000, 0.255413, 0.235235, -1.000000, 0.400872, -1.000000, 0.247393, -1.000000, 0.258810, -1.000000
0.060000, 0.100000, 4.720000, 0.266750, 0.237620, -1.000000, 0.400682, -1.000000, 0.249305, -1.000000, 0.260847, -1.000000
0.060000, 0.110000, 4.710000, 0.278013, 0.240020, -1.000000, 0.400493, -1.000000, 0.251227, -1.000000, 0.262895, -1.000000
0.060000, 0.120000, 4.700000, 0.289200, 0.242438, -1.000000, 0.400303, -1.000000, 0.253159, -1.000000, 0.264953, -1.000000
0.060000, 0.130000, 4.690000, 0.300313, 0.244872, -1.000000, 0.400114, -1.000000, 0.255101, -1.000000, 0.267021, -1.000000
0.060000, 0.140000, 4.680000, 0.311350, 0.247322, -1.000000, 0.399924, -1.000000, 0.257053, -1.000000, 0.269099, -1.000000
0.060000, 0.150000, 4.670000, 0.322313, 0.249789, -1.000000, 0.399735, -1.000000, 0.259014, -1.000000, 0.271188, -1.000000
0.060000, 0.160000, 4.660000, 0.333200, 0.252272, -1.000000, 0.399546, -1.000000, 0.260985, -1.000000, 0.273287, -1.000000
0.060000, 0.170000, 4.650000, 0.344013, 0.254772, -1.000000, 0.399356, -1.000000, 0.262966, -1.000000, 0.275396, -1.000000
0.060000, 0.180000, 4.640000, 0.354750, 0.257287, -1.000000, 0.399167, -1.000000, 0.264956, -1.000000, 0.277515, -1.000000
0.060000, 0.190000, 4.630000, 0.365413, 0.259819, -1.000000, 0.398978, -1.000000, 0.266956, -1.000000, 0.279935, -1.000000
0.060000, 0.200000, 4.620000, 0.376000, 0.262367, -1.000000, 0.398789, -1.000000, 0.269161, -1.000000, 0.282440, -1.000000
0.060000, 0.210000, 4.610000, 0.386513, 0.264931, -1.000000, 0.398599, -1.000000, 0.271550, -1.000000, 0.284959, -1.000000
0.060000, 0.220000, 4.600000, 0.396950, 0.267511, -1.000000, 0.398410, -1.000000, 0.273953, -1.000000, 0.287492, -1.000000
0.060000, 0.230000, 4.590000, 0.407313, 0.270107, -1.000000, 0.398221, -1.000000, 0.276369, -1.000000, 0.290037, -1.000000
0.060000, 0.240000, 4.580000, 0.417600, 0.272719, -1.000000, 0.398032, -1.000000, 0.278798, -1.000000, 0.292596, -1.000000
0.060000, 0.250000, 4.570000, 0.427813, 0.275346, -1.000000, 0.397843, -1.000000, 0.281240, -1.000000, 0.295169, -1.000000
0.060000, 0.260000, 4.560000, 0.437950, 0.277989, -1.000000, 0.397654, -1.000000, 0.283695, -1.000000, 0.297754, -1.000000
0.060000, 0.270000, 4.550000, 0.448013, 0.280648, -1.000000, 0.397465, -1.000000, 0.286164, -1.000000, 0.300352, -1.000000
0.060000, 0.280000, 4.540000, 0.458000, 0.283322, -1.000000, 0.397276, -1.000000, 0.288644, -1.000000, 0.302964, -1.000000
0.060000, 0.290000, 4.530000, 0.467912, 0.286012, -1.000000, 0.397087, -1.000000, 0.291138, -1.000000, 0.305588, -1.000000
0.060000, 0.300000, 4.520000, 0.477750, 0.288716, -1.000000, 0.396898, -1.000000, 0.293644, -1.000000, 0.308224, -1.000000
0.060000, 0.310000, 4.510000, 0.487513, 0.291436, -1.000000, 0.396709, -1.000000, 0.296163, -1.000000, 0.310874, -1.000000
0.060000, 0.320000, 4.500000, 0.497200, 0.294171, -1.000000, 0.396520, -1.000000, 0.298694, -1.000000, 0.313535, -1.000000
0.060000, 0.330000, 4.490000, 0.506812, 0.296921, -1.000000, 0.396331, -1.000000, 0.301238, -1.000000, 0.316209, -1.000000
0.060000, 0.340000, 4.480000, 0.516350, 0.299685, -1.000000, 0.396142, -1.000000, 0.303794, -1.000000, 0.318896, -1.000000
0.060000, 0.350000, 4.470000, 0.525813, 0.302464, -1.000000, 0.395953, -1.000000, 0.306362, -1.000000, 0.321594, -1.000000
0.060000, 0.360000, 4.460000, 0.535200, 0.305258, -1.000000, 0.395765, -1.000000, 0.308942, -1.000000, 0.324304, -1.000000
0.060000, 0.370000, 4.450000, 0.544512, 0.308066, -1.000000, 0.395576, -1.000000, 0.311534, -1.000000, 0.327026, -1.000000
0.060000, 0.380000, 4.440000, 0.553750, 0.310889, -1.000000, 0.395387, -1.000000, 0.314138, -1.000000, 0.329760, -1.000000
0.060000, 0.390000, 4.430000, 0.562912, 0.313725, -1.000000, 0.395199, -1.000000, 0.316754, -1.000000, 0.332506, -1.000000
0.060000, 0.400000, 4.420000, 0.572000, 0.316576, -1.000000, 0.395010, -1.000000, 0.319381, -1.000000, 0.335262, -1.000000
0.060000, 0.410000, 4.410000, 0.581012, 0.319440, -1.000000, 0.394821, -1.000000, 0.322020, -1.000000, 0.338031, -1.000000
0.060000, 0.420000, 4.400000, 0.589950, 0.322318, -1.000000, 0.394633, -1.000000, 0.324671, -1.000000, 0.340810, -1.000000
0.060000, 0.430000, 4.390000, 0.598812, 0.325210, -1.000000, 0.394444, -1.000000, 0.327332, -1.000000, 0.343600, -1.000000
0.060000, 0.440000, 4.380000, 0.607600, 0.328115, -1.000000, 0.394256, -1.000000, 0.330005, -1.000000, 0.346401, -1.000000
0.060000, 0.450000, 4.370000, 0.616312, 0.331033, -1.000000, 0.394067, -1.000000, 0.332689, -1.000000, 0.349213, -1.000000
0.060000, 0.460000, 4.360000, 0.624950, 0.333964, -1.000000, 0.393879, -1.000000, 0.335384, -1.000000, 0.352035, -1.000000
0.060000, 0.470000, 4.350000, 0.633512, 0.336909, -1.000000, 0.393690, -1.000000, 0.338089, -1.000000, 0.354868, -1.000000
0.060000, 0.480000, 4.340000, 0.642000, 0.339865, -1.000000, 0.393502, -1.000000, 0.340014, -1.000000, 0.357711, -1.000000
0.060000, 0.490000, 4.330000, 0.650412, 0.342835, -1.000000, 0.393314, -1.000000, 0.340919, -1.000000, 0.360564, -1.000000
0.060000, 0.500000, 4.320000, 0.658750, 0.345817, -1.000000, 0.393125, -1.000000, 0.341824, -1.000000, 0.363426, -1.000000
0.060000, 0.510000, 4.310000, 0.667012, 0.348811, -1.000000, 0.392937, -1.000000, 0.342731, -1.000000, 0.366299, -1.000000
0.060000, 0.520000, 4.300000, 0.675200, 0.351816, -1.000000, 0.392749, -1.000000, 0.343640, -1.000000, 0.369181, -1.000000
0.060000, 0.530000, 4.290000, 0.683312, 0.352987, -1.000000, 0.392561, -1.000000, 0.344549, -1.000000, 0.372072, -1.000000
0.060000, 0.540000, 4.280000, 0.691350, 0.353192, -1.000000, 0.392372, -1.000000, 0.345459, -1.000000, 0.374973, -1.000000
0.060000, 0.550000, 4.270000, 0.699312, 0.353230, -1.000000, 0.392184, -1.000000, 0.346371, -1.000000, 0.377883, -1.000000
0.060000, 0.560000, 4.260000, 0.707200, 0.353267, -1.000000, 0.391996, -1.000000, 0.347283, -1.000000, 0.380801, -1.000000
0.060000, 0.570000, 4.250000, 0.715012, 0.353305, -1.000000, 0.391808, -1.000000, 0.348197, -1.000000, 0.383728, -1.000000
0.060000, 0.580000, 4.240000, 0.722750, 0.353343, -1.000000, 0.391620, -1.000000, 0.349112, -1.000000, 0.386663, -1.000000
0.060000, 0.590000, 4.230000, 0.730412, 0.353380, -1.000000, 0.391432, -1.000000, 0.350028, -1.000000, 0.389607, -1.000000
0.060000, 0.600000, 4.220000, 0.738000, 0.353418, -1.000000, 0.391244, -1.000000, 0.350945, -1.000000, 0.390749, -1.000000
0.060000, 0.610000, 4.210000, 0.745512, 0.353455, -1.000000, 0.391056, -1.000000, 0.351864, -1.000000, 0.390746, -1.000000
0.060000, 0.620000, 4.200000, 0.752950, 0.353493, -1.000000, 0.390868, -1.000000, 0.352783, -1.000000, 0.390742, -1.000000
0.060000, 0.630000, 4.190001, 0.760312, 0.353531, -1.000000, 0.390680, -1.000000, 0.353703, -1.000000, 0.390738, -1.000000
0.060000, 0.640000, 4.180000, 0.767600, 0.353568, -1.000000, 0.390492, -1.000000, 0.354625, -1.000000, 0.390735, -1.000000
0.060000, 0.650000, 4.170000, 0.774812, 0.353606, -1.000000, 0.390304, -1.000000, 0.355547, -1.000000, 0.390731, -1.000000
0.060000, 0.660000, 4.160000, 0.781950, 0.353644, -1.000000, 0.390117, -1.000000, 0.356471, -1.000000, 0.390727, -1.000000
0.060000, 0.670000, 4.150001, 0.789012, 0.353681, -1.000000, 0.389929, -1.000000, 0.357396, -1.000000, 0.390724, -1.000000
0.060000, 0.680000, 4.140000, 0.796000, 0.353719, -1.000000, 0.389741, -1.000000, 0.358322, -1.000000, 0.390720, -1.000000
0.060000, 0.690000, 4.130000, 0.802912, 0.353756, -1.000000, 0.389553, -1.000000, 0.359248, -1.000000, 0.390716, -1.000000
0.060000, 0.700000, 4.120000, 0.809750, 0.353794, -1.000000, 0.389366, -1.000000, 0.360176, -1.000000, 0.390712, -1.000000
0.060000, 0.710000, 4.110001, 0.816512, 0.353832, -1.000000, 0.389178, -1.000000, 0.361105, -1.000000, 0.390709, -1.000000
0.060000, 0.720000, 4.100000, 0.823200, 0.353869, -1.000000, 0.388990, -1.000000, 0.362035, -1.000000, 0.390705, -1.000000
0.060000, 0.730000, 4.090000, 0.829812, 0.353907, -1.000000, 0.388803, -1.000000, 0.362966, -1.000000, 0.390701, -1.000000
0.060000, 0.740000, 4.080000, 0.836350, 0.353945, -1.000000, 0.388615, -1.000000, 0.363962, -1.000000, 0.390698, -1.000000
0.060000, 0.750000, 4.070001, 0.842812, 0.353982, -1.000000, 0.388428, -1.000000, 0.365067, -1.000000, 0.390694, -1.000000
0.060000, 0.760000, 4.060000, 0.849200, 0.354020, -1.000000, 0.388240, -1.000000, 0.366173, -1.000000, 0.390690, -1.000000
0.060000, 0.770000, 4.050000, 0.855512, 0.354058, -1.000000, 0.388053, -1.000000, 0.367280, -1.000000, 0.390687, -1.000000
0.060000, 0.780000, 4.040000, 0.861750, 0.354095, -1.000000, 0.387865, -1.000000, 0.368389, -1.000000, 0.390683, -1.000000
0.060000, 0.790000, 4.030001, 0.867912, 0.354133, -1.000000, 0.387678, -1.000000, 0.369499, -1.000000, 0.390679, -1.000000
0.060000, 0.800000, 4.020000, 0.874000, 0.354171, -1.000000, 0.387491, -1.000000, 0.369951, -1.000000, 0.390675, -1.000000
0.060000, 0.810000, 4.010000, 0.880012, 0.354208, -1.000000, 0.387303, -1.000000, 0.369817, -1.000000, 0.390672, -1.000000
0.060000, 0.820000, 4.000000, 0.885950, 0.354246, -1.000000, 0.387116, -1.000000, 0.369682, -1.000000, 0.390668, -1.000000
0.060000, 0.830000, 3.990000, 0.891812, 0.354284, -1.000000, 0.386929, -1.000000, 0.369548, -1.000000, 0.390664, -1.000000
0.060000, 0.839999, 3.980000, 0.897600, 0.354321, -1.000000, 0.386742, -1.000000, 0.369413, -1.000000, 0.390661, -1.000000
0.060000, 0.849999, 3.970001, 0.903312, 0.354359, -1.000000, 0.386554, -1.000000, 0.369279, -1.000000, 0.390657, -1.000000
0.060000, 0.859999, 3.960001, 0.908950, 0.354397, -1.000000, 0.386367, -1.000000, 0.369145, -1.000000, 0.390653, -1.000000
0.060000, 0.869999, 3.950001, 0.914512, 0.354434, -1.000000, 0.386180, -1.000000, 0.369010, -1.000000, 0.390650, -1.000000
0.060000, 0.879999, 3.940001, 0.920000, 0.354472, -1.000000, 0.385993, -1.000000, 0.368876, -1.000000, 0.390646, -1.000000
0.060000, 0.889999, 3.930001, 0.925412, 0.354510, -1.000000, 0.385806, -1.000000, 0.368742, -1.000000, 0.390642, -1.000000
0.060000, 0.899999, 3.920001, 0.930750, 0.354547, -1.000000, 0.385619, -1.000000, 0.368607, -1.000000, 0.390638, -1.000000
0.060000, 0.909999, 3.910001, 0.936012, 0.354585, -1.000000, 0.385432, -1.000000, 0.368523, -1.000000, 0.390635, -1.000000
0.060000, 0.919999, 3.900001, 0.941200, 0.354623, -1.000000, 0.385245, -1.000000, 0.368441, -1.000000, 0.390631, -1.000000
0.060000, 0.929999, 3.890001, 0.946312, 0.354660, -1.000000, 0.385058, -1.000000, 0.368358, -1.000000, 0.390627, -1.000000
0.060000, 0.939999, 3.880001, 0.951350, 0.354698, -1.000000, 0.384871, -1.000000, 0.368276, -1.000000, 0.390624, -1.000000
0.060000, 0.949999, 3.870001, 0.956312, 0.354736, -1.000000, 0.384685, -1.000000, 0.368193, -1.000000, 0.390620, -1.000000
0.060000, 0.959999, 3.860001, 0.961200, 0.354773, -1.000000, 0.384498, -1.000000, 0.368111, -1.000000, 0.390616, -1.000000
0.060000, 0.969999, 3.850001, 0.966012, 0.354811, -1.000000, 0.384311, -1.000000, 0.368028, -1.000000, 0.390613, -1.000000
0.060000, 0.979999, 3.840001, 0.970750, 0.354849, -1.000000, 0.384124, -1.000000, 0.367946, -1.000000, 0.390609, -1.000000
0.060000, 0.989999, 3.830001, 0.975412, 0.354887, -1.000000, 0.383937, -1.000000, 0.367863, -1.000000, 0.390605, -1.000000
0.060000, 0.999999, 3.820001, 0.980000, 0.354924, -1.000000, 0.383751, -1.000000, 0.367781, -1.000000, 0.390601, -1.000000
0.070000, 0.000000, 4.790000, 0.150000, 0.216309, 0.733004, 0.402689, 0.995300, 0.229970, 0.803956, 0.240714, 0.979431
0.070000, 0.010000, 4.780000, 0.161938, 0.217708, -1.000000, 0.402499, -1.000000, 0.231790, -1.000000, 0.242747, -1.000000
0.070000, 0.020000, 4.770000, 0.173800, 0.219160, -1.000000, 0.402309, -1.000000, 0.233619, -1.000000, 0.244791, -1.000000
0.070000, 0.030000, 4.760000, 0.185588, 0.221115, -1.000000, 0.402120, -1.000000, 0.235458, -1.000000, 0.246848, -1.000000
0.070000, 0.040000, 4.750000, 0.197300, 0.223398, -1.000000, 0.401930, -1.000000, 0.237307, -1.000000, 0.248940, -1.000000
0.070000, 0.050000, 4.740000, 0.208937, 0.225697, -1.000000, 0.401740, -1.000000, 0.239166, -1.000000, 0.251045, -1.000000
0.070000, 0.060000, 4.730000, 0.220500, 0.228014, -1.000000, 0.401550, -1.000000, 0.241035, -1.000000, 0.253042, -1.000000
0.070000, 0.070000, 4.720000, 0.231988, 0.230347, -1.000000, 0.401361, -1.000000, 0.242914, -1.000000, 0.255050, -1.000000
0.070000, 0.080000, 4.710000, 0.243400, 0.232697, -1.000000, 0.401171, -1.000000, 0.244803, -1.000000, 0.257068, -1.000000
0.070000, 0.090000, 4.700000, 0.254737, 0.235063, -1.000000, 0.400982, -1.000000, 0.246702, -1.000000, 0.259096, -1.000000
0.070000, 0.100000, 4.690000, 0.266000, 0.237446, -1.000000, 0.400792, -1.000000, 0.248611, -1.000000, 0.261135, -1.000000
0.070000, 0.110000, 4.680000, 0.277187, 0.239846, -1.000000, 0.400602, -1.000000, 0.250529, -1.000000, 0.263184, -1.000000
0.070000, 0.120000, 4.670000, 0.288300, 0.242262, -1.000000, 0.400413, -1.000000, 0.252458, -1.000000, 0.265243, -1.000000
0.070000, 0.130000, 4.660000, 0.299338, 0.244695, -1.000000, 0.400223, -1.000000, 0.254396, -1.000000, 0.267313, -1.000000
0.070000, 0.140000, 4.650000, 0.310300, 0.247144, -1.000000, 0.400034, -1.000000, 0.256344, -1.000000, 0.269393, -1.000000
0.070000, 0.150000, 4.640000, 0.321187, 0.249610, -1.000000, 0.399845, -1.000000, 0.258302, -1.000000, 0.271483, -1.000000
0.070000, 0.160000, 4.630000, 0.332000, 0.252092, -1.000000, 0.399655, -1.000000, 0.260269, -1.000000, 0.273583, -1.000000
0.070000, 0.170000, 4.620000, 0.342737, 0.254590, -1.000000, 0.399466, -1.000000, 0.262246, -1.000000, 0.275693, -1.000000
0.070000, 0.180000, 4.610000, 0.353400, 0.257105, -1.000000, 0.399277, -1.000000, 0.264233, -1.000000, 0.277895, -1.000000
0.070000, 0.190000, 4.600000, 0.363988, 0.259635, -1.000000, 0.399087, -1.000000, 0.266353, -1.000000, 0.280390, -1.000000
0.070000, 0.200000, 4.590000, 0.374500, 0.262182, -1.000000, 0.398898, -1.000000, 0.268726, -1.000000, 0.282897, -1.000000
0.070000, 0.210000, 4.580000, 0.384938, 0.264745, -1.000000, 0.398709, -1.000000, 0.271113, -1.000000, 0.285419, -1.000000
0.070000, 0.220000, 4.570000, 0.395300, 0.267324, -1.000000, 0.398520, -1.000000, 0.273514, -1.000000, 0.287954, -1.000000
0.070000, 0.230000, 4.560000, 0.405588, 0.269919, -1.000000, 0.398330, -1.000000, 0.275927, -1.000000, 0.290502, -1.000000
0.070000, 0.240000, 4.550000, 0.415800, 0.272529, -1.000000, 0.398141, -1.000000, 0.278354, -1.000000, 0.293063, -1.000000
0.070000, 0.250000, 4.540000, 0.425938, 0.275156, -1.000000, 0.397952, -1.000000, 0.280794, -1.000000, 0.295638, -1.000000
0.070000, 0.260000, 4.530000, 0.436000, 0.277798, -1.000000, 0.397763, -1.000000, 0.283247, -1.000000, 0.298226, -1.000000
0.070000, 0.270000, 4.520000, 0.445988, 0.280455, -1.000000, 0.397574, -1.000000, 0.285712, -1.000000, 0.300826, -1.000000
0.070000, 0.280000, 4.510000, 0.455900, 0.283128, -1.000000, 0.397385, -1.000000, 0.288191, -1.000000, 0.303440, -1.000000
0.070000, 0.290000, 4.500000, 0.465738, 0.285816, -1.000000, 0.397196, -1.000000, 0.290682, -1.000000, 0.306066, -1.000000
0.070000, 0.300000, 4.490000, 0.475500, 0.288520, -1.000000, 0.397007, -1.000000, 0.293186, -1.000000, 0.308705, -1.000000
0.070000, 0.310000, 4.480000, 0.485188, 0.291239, -1.000000, 0.396818, -1.000000, 0.295703, -1.000000, 0.311357, -1.000000
0.070000, 0.320000, 4.470000, 0.494800, 0.293972, -1.000000, 0.396629, -1.000000, 0.298232, -1.000000, 0.314021, -1.000000
0.070000, 0.330000, 4.460000, 0.504337, 0.296721, -1.000000, 0.396440, -1.000000, 0.300773, -1.000000, 0.316697, -1.000000
0.070000, 0.340000, 4.450000, 0.513800, 0.299485, -1.000000, 0.396251, -1.000000, 0.303327, -1.000000, 0.319385, -1.000000
0.070000, 0.350000, 4.440000, 0.523188, 0.302263, -1.000000, 0.396063, -1.000000, 0.305892, -1.000000, 0.322086, -1.000000
0.070000, 0.360000, 4.430000, 0.532500, 0.305055, -1.000000, 0.395874, -1.000000, 0.308470, -1.000000, 0.324798, -1.000000
0.070000, 0.370000, 4.420000, 0.541737, 0.307863, -1.000000, 0.395685, -1.000000, 0.311060, -1.000000, 0.327523, -1.000000
0.070000, 0.380000, 4.410000, 0.550900, 0.310684, -1.000000, 0.395496, -1.000000, 0.313662, -1.000000, 0.330259, -1.000000
0.070000, 0.390000, 4.400000, 0.559987, 0.313519, -1.000000, 0.395308, -1.000000, 0.316276, -1.000000, 0.333006, -1.000000
0.070000, 0.400000, 4.390000, 0.569000, 0.316369, -1.000000, 0.395119, -1.000000, 0.318901, -1.000000, 0.335765, -1.000000
0.070000, 0.410000, 4.380000, 0.577937, 0.319232, -1.000000, 0.394930, -1.000000, 0.321538, -1.000000, 0.338535, -1.000000
0.070000, 0.420000, 4.370000, 0.586800, 0.322109, -1.000000, 0.394742, -1.000000, 0.324186, -1.000000, 0.341316, -1.000000
0.070000, 0.430000, 4.360000, 0.595587, 0.325000, -1.000000, 0.394553, -1.000000, 0.326846, -1.000000, 0.344109, -1.000000
0.070000, 0.440000, 4.350000, 0.604300, 0.327904, -1.000000, 0.394365, -1.000000, 0.329517, -1.000000, 0.346912, -1.000000
0.070000, 0.450000, 4.340000, 0.612937, 0.330821, -1.000000, 0.394176, -1.000000, 0.332198, -1.000000, 0.349725, -1.000000
0.070000, 0.460000, 4.330000, 0.621500, 0.333752, -1.000000, 0.393988, -1.000000, 0.334891, -1.000000, 0.352550, -1.000000
0.070000, 0.470000, 4.320000, 0.629987, 0.336695, -1.000000, 0.393799, -1.000000, 0.337595, -1.000000, 0.355384, -1.000000
0.070000, 0.480000, 4.310000, 0.638400, 0.339651, -1.000000, 0.393611, -1.000000, 0.340309, -1.000000, 0.358229, -1.000000
0.070000, 0.490000, 4.300000, 0.646737, 0.342620, -1.000000, 0.393423, -1.000000, 0.341217, -1.000000, 0.361084, -1.000000
0.070000, 0.500000, 4.290000, 0.655000, 0.345600, -1.000000, 0.393234, -1.000000, 0.342123, -1.000000, 0.363948, -1.000000
0.070000, 0.510000, 4.280000, 0.663187, 0.348593, -1.000000, 0.393046, -1.000000, 0.343031, -1.000000, 0.366822, -1.000000
0.070000, 0.520000, 4.270000, 0.671300, 0.351598, -1.000000, 0.392858, -1.000000, 0.343939, -1.000000, 0.369706, -1.000000
0.070000, 0.530000, 4.260000, 0.679337, 0.353111, -1.000000, 0.392669, -1.000000, 0.344849, -1.000000, 0.372599, -1.000000
0.070000, 0.540000, 4.250000, 0.687300, 0.353173, -1.000000, 0.392481, -1.000000, 0.345760, -1.000000, 0.375501, -1.000000
0.070000, 0.550000, 4.240000, 0.695187, 0.353211, -1.000000, 0.392293, -1.000000, 0.346671, -1.000000, 0.378413, -1.000000
0.070000, 0.560000, 4.230000, 0.703000, 0.353248, -1.000000, 0.392105, -1.000000, 0.347584, -1.000000, 0.381333, -1.000000
0.070000, 0.570000, 4.220000, 0.710737, 0.353286, -1.000000, 0.391917, -1.000000, 0.348499, -1.000000, 0.384261, -1.000000
0.070000, 0.580000, 4.210000, 0.718400, 0.353324, -1.000000, 0.391729, -1.000000, 0.349414, -1.000000, 0.387198, -1.000000
0.070000, 0.590000, 4.200000, 0.725987, 0.353361, -1.000000, 0.391541, -1.000000, 0.350330, -1.000000, 0.390143, -1.000000
0.070000, 0.600000, 4.190001, 0.733500, 0.353399, -1.000000, 0.391353, -1.000000, 0.351248, -1.000000, 0.390767, -1.000000
0.070000, 0.610000, 4.180000, 0.740937, 0.353437, -1.000000, 0.391165, -1.000000, 0.352166, -1.000000, 0.390764, -1.000000
0.070000, 0.620000, 4.170000, 0.748300, 0.353474, -1.000000, 0.390977, -1.000000, 0.353086, -1.000000, 0.390760, -1.000000
0.070000, 0.630000, 4.160000, 0.755587, 0.353512, -1.000000, 0.390789, -1.000000, 0.354007, -1.000000, 0.390756, -1.000000
0.070000, 0.640000, 4.150001, 0.762800, 0.353549, -1.000000, 0.390601, -1.000000, 0.354929, -1.000000, 0.390753, -1.000000
0.070000, 0.650000, 4.140000, 0.769937, 0.353587, -1.000000, 0.390413, -1.000000, 0.355852, -1.000000, 0.390749, -1.000000
0.070000, 0.660000, 4.130000, 0.777000, 0.353625, -1.000000, 0.390225, -1.000000, 0.356776, -1.000000, 0.390745, -1.000000
0.070000, 0.670000, 4.120000, 0.783987, 0.353662, -1.000000, 0.390037, -1.000000, 0.357701, -1.000000, 0.390741, -1.000000
0.070000, 0.680000, 4.110001, 0.790900, 0.353700, -1.000000, 0.389850, -1.000000, 0.358627, -1.000000, 0.390738, -1.000000
0.070000, 0.690000, 4.100000, 0.797737, 0.353738, -1.000000, 0.389662, -1.000000, 0.359554, -1.000000, 0.390734, -1.000000
0.070000, 0.700000, 4.090000, 0.804500, 0.353775, -1.000000, 0.389474, -1.000000, 0.360482, -1.000000, 0.390730, -1.000000
0.070000, 0.710000, 4.080000, 0.811187, 0.353813, -1.000000, 0.389287, -1.000000, 0.361412, -1.000000, 0.390727, -1.000000
0.070000, 0.720000, 4.070001, 0.817800, 0.353851, -1.000000, 0.389099, -1.000000, 0.362379, -1.000000, 0.390723, -1.000000
0.070000, 0.730000, 4.060000, 0.824337, 0.353888, -1.000000, 0.388911, -1.000000, 0.363481, -1.000000, 0.390719, -1.000000
0.070000, 0.740000, 4.050000, 0.830800, 0.353926, -1.000000, 0.388724, -1.000000, 0.364585, -1.000000, 0.390716, -1.000000
0.070000, 0.750000, 4.040000, 0.837187, 0.353963, -1.000000, 0.388536, -1.000000, 0.365690, -1.000000, 0.390712, -1.000000
0.070000, 0.760000, 4.030001, 0.843500, 0.354001, -1.000000, 0.388349, -1.000000, 0.366797, -1.000000, 0.390708, -1.000000
0.070000, 0.770000, 4.020000, 0.849737, 0.354039, -1.000000, 0.388161, -1.000000, 0.367905, -1.000000, 0.390704, -1.000000
0.070000, 0.780000, 4.010000, 0.855900, 0.354076, -1.000000, 0.387974, -1.000000, 0.369014, -1.000000, 0.390701, -1.000000
0.070000, 0.790000, 4.000000, 0.861987, 0.354114, -1.000000, 0.387786, -1.000000, 0.370019, -1.000000, 0.390697, -1.000000
0.070000, 0.800000, 3.990000, 0.868000, 0.354152, -1.000000, 0.387599, -1.000000, 0.369884, -1.000000, 0.390693, -1.000000
0.070000, 0.810000, 3.980000, 0.873937, 0.354189, -1.000000, 0.387412, -1.000000, 0.369750, -1.000000, 0.390690, -1.000000
0.070000, 0.820000, 3.970001, 0.879800, 0.354227, -1.000000, 0.387224, -1.000000, 0.369616, -1.000000, 0.390686, -1.000000
0.070000, 0.830000, 3.960001, 0.885587, 0.354265, -1.000000, 0.387037, -1.000000, 0.369481, -1.000000, 0.390682, -1.000000
0.070000, 0.839999, 3.950001, 0.891300, 0.354302, -1.000000, 0.386850, -1.000000, 0.369347, -1.000000, 0.390678, -1.000000
0.070000, 0.849999, 3.940001, 0.896937, 0.354340, -1.000000, 0.386663, -1.000000, 0.369212, -1.000000, 0.390675, -1.000000
0.070000, 0.859999, 3.930001, 0.902500, 0.354378, -1.000000, 0.386476, -1.000000, 0.369078, -1.000000, 0.390671, -1.000000
0.070000, 0.869999, 3.920001, 0.907987, 0.354415, -1.000000, 0.386288, -1.000000, 0.368943, -1.000000, 0.390667, -1.000000
0.070000, 0.879999, 3.910001, 0.913400, 0.354453, -1.000000, 0.386101, -1.000000, 0.368809, -1.000000, 0.390664, -1.000000
0.070000, 0.889999, 3.900001, 0.918737, 0.354491, -1.000000, 0.385914, -1.000000, 0.368675, -1.000000, 0.390660, -1.000000
0.070000, 0.899999, 3.890001, 0.924000, 0.354528, -1.000000, 0.385727, -1.000000, 0.368559, -1.000000, 0.390656, -1.000000
0.070000, 0.909999, 3.880001, 0.929187, 0.354566, -1.000000, 0.385540, -1.000000, 0.368477, -1.000000, 0.390653, -1.000000
0.070000, 0.919999, 3.870001, 0.934300, 0.354604, -1.000000, 0.385353, -1.000000, 0.368394, -1.000000, 0.390649, -1.000000
0.070000, 0.929999, 3.860001, 0.939337, 0.354642, -1.000000, 0.385166, -1.000000, 0.368312, -1.000000, 0.390645, -1.000000
0.070000, 0.939999, 3.850001, 0.944300, 0.354679, -1.000000, 0.384979, -1.000000, 0.368229, -1.000000, 0.390642, -1.000000
0.070000, 0.949999, 3.840001, 0.949187, 0.354717, -1.000000, 0.384793, -1.000000, 0.368147, -1.000000, 0.390638, -1.000000
0.070000, 0.959999, 3.830001, 0.954000, 0.354755, -1.000000, 0.384606, -1.000000, 0.368064, -1.000000, 0.390634, -1.000000
0.070000, 0.969999, 3.820001, 0.958737, 0.354792, -1.000000, 0.384419, -1.000000, 0.367982, -1.000000, 0.390630, -1.000000
0.070000, 0.979999, 3.810001, 0.963400, 0.354830, -1.000000, 0.384232, -1.000000, 0.367899, -1.000000, 0.390627, -1.000000
0.070000, 0.989999, 3.800001, 0.967987, 0.354868, -1.000000, 0.384045, -1.000000, 0.367817, -1.000000, 0.390623, -1.000000
0.070000, 0.999999, 3.790001, 0.972500, 0.354905, -1.000000, 0.383859, -1.000000, 0.367735, -1.000000, 0.390619, -1.000000
0.080000, 0.000000, 4.760000, 0.150000, 0.216097, 0.733002, 0.402799, 0.995316, 0.229313, 0.804022, 0.240554, 0.979755
0.080000, 0.010000, 4.750000, 0.161863, 0.217495, -1.000000, 0.402609, -1.000000, 0.231129, -1.000000, 0.242586, -1.000000
0.080000, 0.020000, 4.740000, 0.173650, 0.218961, -1.000000, 0.402419, -1.000000, 0.232954, -1.000000, 0.244640, -1.000000
0.080000, 0.030000, 4.730000, 0.185363, 0.220950, -1.000000, 0.402229, -1.000000, 0.234790, -1.000000, 0.246729, -1.000000
0.080000, 0.040000, 4.720000, 0.197000, 0.223232, -1.000000, 0.402040, -1.000000, 0.236635, -1.000000, 0.248830, -1.000000
0.080000, 0.050000, 4.710000, 0.208563, 0.225530, -1.000000, 0.401850, -1.000000, 0.238491, -1.000000, 0.250943, -1.000000
0.080000, 0.060000, 4.700000, 0.220050, 0.227846, -1.000000, 0.401660, -1.000000, 0.240356, -1.000000, 0.253068, -1.000000
0.080000, 0.070000, 4.690000, 0.231463, 0.230177, -1.000000, 0.401470, -1.000000, 0.242232, -1.000000, 0.255205, -1.000000
0.080000, 0.080000, 4.680000, 0.242800, 0.232526, -1.000000, 0.401281, -1.000000, 0.244117, -1.000000, 0.257352, -1.000000
0.080000, 0.090000, 4.670000, 0.254063, 0.234891, -1.000000, 0.401091, -1.000000, 0.246012, -1.000000, 0.259382, -1.000000
0.080000, 0.100000, 4.660000, 0.265250, 0.237273, -1.000000, 0.400902, -1.000000, 0.247918, -1.000000, 0.261422, -1.000000
0.080000, 0.110000, 4.650000, 0.276363, 0.239672, -1.000000, 0.400712, -1.000000, 0.249833, -1.000000, 0.263473, -1.000000
0.080000, 0.120000, 4.640000, 0.287400, 0.242087, -1.000000, 0.400523, -1.000000, 0.251757, -1.000000, 0.265534, -1.000000
0.080000, 0.130000, 4.630000, 0.298362, 0.244518, -1.000000, 0.400333, -1.000000, 0.253692, -1.000000, 0.267605, -1.000000
0.080000, 0.140000, 4.620000, 0.309250, 0.246966, -1.000000, 0.400144, -1.000000, 0.255637, -1.000000, 0.269686, -1.000000
0.080000, 0.150000, 4.610000, 0.320063, 0.249431, -1.000000, 0.399954, -1.000000, 0.257591, -1.000000, 0.271778, -1.000000
0.080000, 0.160000, 4.600000, 0.330800, 0.251912, -1.000000, 0.399765, -1.000000, 0.259555, -1.000000, 0.273879, -1.000000
0.080000, 0.170000, 4.590000, 0.341463, 0.254409, -1.000000, 0.399575, -1.000000, 0.261528, -1.000000, 0.275991, -1.000000
0.080000, 0.180000, 4.580000, 0.352050, 0.256922, -1.000000, 0.399386, -1.000000, 0.263563, -1.000000, 0.278348, -1.000000
0.080000, 0.190000, 4.570000, 0.362563, 0.259452, -1.000000, 0.399197, -1.000000, 0.265921, -1.000000, 0.280845, -1.000000
0.080000, 0.200000, 4.560000, 0.373000, 0.261997, -1.000000, 0.399007, -1.000000, 0.268292, -1.000000, 0.283355, -1.000000
0.080000, 0.210000, 4.550000, 0.383363, 0.264559, -1.000000, 0.398818, -1.000000, 0.270677, -1.000000, 0.285879, -1.000000
0.080000, 0.220000, 4.540000, 0.393650, 0.267137, -1.000000, 0.398629, -1.000000, 0.273075, -1.000000, 0.288416, -1.000000
0.080000, 0.230000, 4.530000, 0.403863, 0.269730, -1.000000, 0.398440, -1.000000, 0.275486, -1.000000, 0.290967, -1.000000
0.080000, 0.240000, 4.520000, 0.414000, 0.272340, -1.000000, 0.398251, -1.000000, 0.277910, -1.000000, 0.293531, -1.000000
0.080000, 0.250000, 4.510000, 0.424063, 0.274965, -1.000000, 0.398061, -1.000000, 0.280348, -1.000000, 0.296108, -1.000000
0.080000, 0.260000, 4.500000, 0.434050, 0.277606, -1.000000, 0.397872, -1.000000, 0.282798, -1.000000, 0.298698, -1.000000
0.080000, 0.270000, 4.490000, 0.443963, 0.280262, -1.000000, 0.397683, -1.000000, 0.285261, -1.000000, 0.301301, -1.000000
0.080000, 0.280000, 4.480000, 0.453800, 0.282934, -1.000000, 0.397494, -1.000000, 0.287738, -1.000000, 0.303917, -1.000000
0.080000, 0.290000, 4.470000, 0.463563, 0.285621, -1.000000, 0.397305, -1.000000, 0.290227, -1.000000, 0.306545, -1.000000
0.080000, 0.300000, 4.460000, 0.473250, 0.288324, -1.000000, 0.397116, -1.000000, 0.292728, -1.000000, 0.309187, -1.000000
0.080000, 0.310000, 4.450000, 0.482862, 0.291041, -1.000000, 0.396927, -1.000000, 0.295242, -1.000000, 0.311840, -1.000000
0.080000, 0.320000, 4.440000, 0.492400, 0.293774, -1.000000, 0.396738, -1.000000, 0.297769, -1.000000, 0.314507, -1.000000
0.080000, 0.330000, 4.430000, 0.501862, 0.296522, -1.000000, 0.396549, -1.000000, 0.300308, -1.000000, 0.317185, -1.000000
0.080000, 0.340000, 4.420000, 0.511250, 0.299284, -1.000000, 0.396361, -1.000000, 0.302860, -1.000000, 0.319876, -1.000000
0.080000, 0.350000, 4.410000, 0.520562, 0.302061, -1.000000, 0.396172, -1.000000, 0.305423, -1.000000, 0.322578, -1.000000
0.080000, 0.360000, 4.400000, 0.529800, 0.304853, -1.000000, 0.395983, -1.000000, 0.307999, -1.000000, 0.325293, -1.000000
0.080000, 0.370000, 4.390000, 0.538962, 0.307659, -1.000000, 0.395794, -1.000000, 0.310587, -1.000000, 0.328019, -1.000000
0.080000, 0.380000, 4.380000, 0.548050, 0.310479, -1.000000, 0.395606, -1.000000, 0.313187, -1.000000, 0.330758, -1.000000
0.080000, 0.390000, 4.370000, 0.557062, 0.313314, -1.000000, 0.395417, -1.000000, 0.315798, -1.000000, 0.333507, -1.000000
0.080000, 0.400000, 4.360000, 0.566000, 0.316162, -1.000000, 0.395228, -1.000000, 0.318421, -1.000000, 0.336268, -1.000000
0.080000, 0.410000, 4.350000, 0.574862, 0.319025, -1.000000, 0.395039, -1.000000, 0.321056, -1.000000, 0.339040, -1.000000
0.080000, 0.420000, 4.340000, 0.583650, 0.321901, -1.000000, 0.394851, -1.000000, 0.323702, -1.000000, 0.341823, -1.000000
0.080000, 0.430000, 4.330000, 0.592362, 0.324790, -1.000000, 0.394662, -1.000000, 0.326360, -1.000000, 0.344618, -1.000000
0.080000, 0.440000, 4.320000, 0.601000, 0.327693, -1.000000, 0.394474, -1.000000, 0.329028, -1.000000, 0.347423, -1.000000
0.080000, 0.450000, 4.310000, 0.609562, 0.330610, -1.000000, 0.394285, -1.000000, 0.331708, -1.000000, 0.350238, -1.000000
0.080000, 0.460000, 4.300000, 0.618050, 0.333539, -1.000000, 0.394097, -1.000000, 0.334399, -1.000000, 0.353064, -1.000000
0.080000, 0.470000, 4.290000, 0.626462, 0.336481, -1.000000, 0.393908, -1.000000, 0.337101, -1.000000, 0.355901, -1.000000
0.080000, 0.480000, 4.280000, 0.634800, 0.339437, -1.000000, 0.393720, -1.000000, 0.339813, -1.000000, 0.358747, -1.000000
0.080000, 0.490000, 4.270000, 0.643062, 0.342404, -1.000000, 0.393531, -1.000000, 0.341516, -1.000000, 0.361604, -1.000000
0.080000, 0.500000, 4.260000, 0.651250, 0.345384, -1.000000, 0.393343, -1.000000, 0.342422, -1.000000, 0.364470, -1.000000
0.080000, 0.510000, 4.250000, 0.659362, 0.348376, -1.000000, 0.393155, -1.000000, 0.343330, -1.000000, 0.367346, -1.000000
0.080000, 0.520000, 4.240000, 0.667400, 0.351380, -1.000000, 0.392967, -1.000000, 0.344239, -1.000000, 0.370232, -1.000000
0.080000, 0.530000, 4.230000, 0.675362, 0.353117, -1.000000, 0.392778, -1.000000, 0.345149, -1.000000, 0.373126, -1.000000
0.080000, 0.540000, 4.220000, 0.683250, 0.353154, -1.000000, 0.392590, -1.000000, 0.346060, -1.000000, 0.376030, -1.000000
0.080000, 0.550000, 4.210000, 0.691062, 0.353192, -1.000000, 0.392402, -1.000000, 0.346972, -1.000000, 0.378943, -1.000000
0.080000, 0.560000, 4.200000, 0.698800, 0.353230, -1.000000, 0.392214, -1.000000, 0.347886, -1.000000, 0.381865, -1.000000
0.080000, 0.570000, 4.190000, 0.706462, 0.353267, -1.000000, 0.392026, -1.000000, 0.348800, -1.000000, 0.384795, -1.000000
0.080000, 0.580000, 4.180000, 0.714050, 0.353305, -1.000000, 0.391837, -1.000000, 0.349716, -1.000000, 0.387733, -1.000000
0.080000, 0.590000, 4.170000, 0.721562, 0.353342, -1.000000, 0.391649, -1.000000, 0.350633, -1.000000, 0.390680, -1.000000
0.080000, 0.600000, 4.160000, 0.729000, 0.353380, -1.000000, 0.391461, -1.000000, 0.351550, -1.000000, 0.390785, -1.000000
0.080000, 0.610000, 4.150000, 0.736362, 0.353418, -1.000000, 0.391273, -1.000000, 0.352469, -1.000000, 0.390781, -1.000000
0.080000, 0.620000, 4.140000, 0.743650, 0.353455, -1.000000, 0.391085, -1.000000, 0.353389, -1.000000, 0.390778, -1.000000
0.080000, 0.630000, 4.130000, 0.750862, 0.353493, -1.000000, 0.390897, -1.000000, 0.354311, -1.000000, 0.390774, -1.000000
0.080000, 0.640000, 4.120000, 0.758000, 0.353531, -1.000000, 0.390709, -1.000000, 0.355233, -1.000000, 0.390770, -1.000000
0.080000, 0.650000, 4.110000, 0.765062, 0.353568, -1.000000, 0.390522, -1.000000, 0.356156, -1.000000, 0.390767, -1.000000
0.080000, 0.660000, 4.100000, 0.772050, 0.353606, -1.000000, 0.390334, -1.000000, 0.357080, -1.000000, 0.390763, -1.000000
0.080000, 0.670000, 4.090000, 0.778962, 0.353644, -1.000000, 0.390146, -1.000000, 0.358006, -1.000000, 0.390759, -1.000000
0.080000, 0.680000, 4.080000, 0.785800, 0.353681, -1.000000, 0.389958, -1.000000, 0.358932, -1.000000, 0.390756, -1.000000
0.080000, 0.690000, 4.070000, 0.792562, 0.353719, -1.000000, 0.389770, -1.000000, 0.359860, -1.000000, 0.390752, -1.000000
0.080000, 0.700000, 4.060000, 0.799250, 0.353756, -1.000000, 0.389583, -1.000000, 0.360798, -1.000000, 0.390748, -1.000000
0.080000, 0.710000, 4.050000, 0.805862, 0.353794, -1.000000, 0.389395, -1.000000, 0.361899, -1.000000, 0.390745, -1.000000
0.080000, 0.720000, 4.040000, 0.812400, 0.353832, -1.000000, 0.389207, -1.000000, 0.363000, -1.000000, 0.390741, -1.000000
0.080000, 0.730000, 4.030000, 0.818862, 0.353869, -1.000000, 0.389020, -1.000000, 0.364103, -1.000000, 0.390737, -1.000000
0.080000, 0.740000, 4.020000, 0.825250, 0.353907, -1.000000, 0.388832, -1.000000, 0.365208, -1.000000, 0.390733, -1.000000
0.080000, 0.750000, 4.010000, 0.831562, 0.353945, -1.000000, 0.388645, -1.000000, 0.366314, -1.000000, 0.390730, -1.000000
0.080000, 0.760000, 4.000000, 0.837800, 0.353982, -1.000000, 0.388457, -1.000000, 0.367421, -1.000000, 0.390726, -1.000000
0.080000, 0.770000, 3.990000, 0.843962, 0.354020, -1.000000, 0.388270, -1.000000, 0.368530, -1.000000, 0.390722, -1.000000
0.080000, 0.780000, 3.980000, 0.850050, 0.354058, -1.000000, 0.388082, -1.000000, 0.369640, -1.000000, 0.390719, -1.000000
0.080000, 0.790000, 3.970001, 0.856062, 0.354095, -1.000000, 0.387895, -1.000000, 0.369952, -1.000000, 0.390715, -1.000000
0.080000, 0.800000, 3.960001, 0.862000, 0.354133, -1.000000, 0.387707, -1.000000, 0.369818, -1.000000, 0.390711, -1.000000
0.080000, 0.810000, 3.950001, 0.867862, 0.354171, -1.000000, 0.387520, -1.000000, 0.369683, -1.000000, 0.390707, -1.000000
0.080000, 0.820000, 3.940001, 0.873650, 0.354208, -1.000000, 0.387333, -1.000000, 0.369549, -1.000000, 0.390704, -1.000000
0.080000, 0.830000, 3.930001, 0.879362, 0.354246, -1.000000, 0.387145, -1.000000, 0.369414, -1.000000, 0.390700, -1.000000
0.080000, 0.839999, 3.920001, 0.885000, 0.354284, -1.000000, 0.386958, -1.000000, 0.369280, -1.000000, 0.390696, -1.000000
0.080000, 0.849999, 3.910001, 0.890562, 0.354321, -1.000000, 0.386771, -1.000000, 0.369145, -1.000000, 0.390693, -1.000000
0.080000, 0.859999, 3.900001, 0.896050, 0.354359, -1.000000, 0.386584, -1.000000, 0.369011, -1.000000, 0.390689, -1.000000
0.080000, 0.869999, 3.890001, 0.901462, 0.354397, -1.000000, 0.386397, -1.000000, 0.368877, -1.000000, 0.390685, -1.000000
0.080000, 0.879999, 3.880001, 0.906800, 0.354434, -1.000000, 0.386210, -1.000000, 0.368742, -1.000000, 0.390682, -1.000000
0.080000, 0.889999, 3.870001, 0.912062, 0.354472, -1.000000, 0.386022, -1.000000, 0.368608, -1.000000, 0.390678, -1.000000
0.080000, 0.899999, 3.860001, 0.917250, 0.354510, -1.000000, 0.385835, -1.000000, 0.368513, -1.000000, 0.390674, -1.000000
0.080000, 0.909999, 3.850001, 0.922362, 0.354547, -1.000000, 0.385648, -1.000000, 0.368430, -1.000000, 0.390670, -1.000000
0.080000, 0.919999, 3.840001, 0.927400, 0.354585, -1.000000, 0.385461, -1.000000, 0.368348, -1.000000, 0.390667, -1.000000
0.080000, 0.929999, 3.830001, 0.932362, 0.354623, -1.000000, 0.385274, -1.000000, 0.368266, -1.000000, 0.390663, -1.000000
0.080000, 0.939999, 3.820001, 0.937250, 0.354660, -1.000000, 0.385088, -1.000000, 0.368183, -1.000000, 0.390659, -1.000000
0.080000, 0.949999, 3.810001, 0.942062, 0.354698, -1.000000, 0.384901, -1.000000, 0.368101, -1.000000, 0.390656, -1.000000
0.080000, 0.959999, 3.800001, 0.946800, 0.354736, -1.000000, 0.384714, -1.000000, 0.368018, -1.000000, 0.390652, -1.000000
0.080000, 0.969999, 3.790001, 0.951462, 0.354773, -1.000000, 0.384527, -1.000000, 0.367936, -1.000000, 0.390648, -1.000000
0.080000, 0.979999, 3.780001, 0.956050, 0.354811, -1.000000, 0.384340, -1.000000, 0.367853, -1.000000, 0.390645, -1.000000
0.080000, 0.989999, 3.770001, 0.960562, 0.354849, -1.000000, 0.384153, -1.000000, 0.367771, -1.000000, 0.390641, -1.000000
0.080000, 0.999999, 3.760001, 0.965000, 0.354887, -1.000000, 0.383967, -1.000000, 0.367688, -1.000000, 0.390637, -1.000000
0.090000, 0.000000, 4.730000, 0.150000, 0.215886, 0.732999, 0.402909, 0.995331, 0.228658, 0.804088, 0.240394, 0.980074
0.090000, 0.010000, 4.720000, 0.161788, 0.217283, -1.000000, 0.402719, -1.000000, 0.230470, -1.000000, 0.242455, -1.000000
0.090000, 0.020000, 4.710000, 0.173500, 0.218762, -1.000000, 0.402529, -1.000000, 0.232291, -1.000000, 0.244531, -1.000000
0.090000, 0.030000, 4.700000, 0.185138, 0.220785, -1.000000, 0.402339, -1.000000, 0.234123, -1.000000, 0.246620, -1.000000
0.090000, 0.040000, 4.690000, 0.196700, 0.223066, -1.000000, 0.402149, -1.000000, 0.235965, -1.000000, 0.248720, -1.000000
0.090000, 0.050000, 4.680000, 0.208188, 0.225363, -1.000000, 0.401960, -1.000000, 0.237817, -1.000000, 0.250833, -1.000000
0.090000, 0.060000, 4.670000, 0.219600, 0.227677, -1.000000, 0.401770, -1.000000, 0.239679, -1.000000, 0.252957, -1.000000
0.090000, 0.070000, 4.660000, 0.230938, 0.230008, -1.000000, 0.401580, -1.000000, 0.241551, -1.000000, 0.255093, -1.000000
0.090000, 0.080000, 4.650000, 0.242200, 0.232355, -1.000000, 0.401390, -1.000000, 0.243432, -1.000000, 0.257241, -1.000000
0.090000, 0.090000, 4.640000, 0.253388, 0.234720, -1.000000, 0.401201, -1.000000, 0.245324, -1.000000, 0.259401, -1.000000
0.090000, 0.100000, 4.630000, 0.264500, 0.237100, -1.000000, 0.401011, -1.000000, 0.247226, -1.000000, 0.261572, -1.000000
0.090000, 0.110000, 4.620000, 0.275537, 0.239498, -1.000000, 0.400822, -1.000000, 0.249137, -1.000000, 0.263755, -1.000000
0.090000, 0.120000, 4.610000, 0.286500, 0.241911, -1.000000, 0.400632, -1.000000, 0.251058, -1.000000, 0.265825, -1.000000
0.090000, 0.130000, 4.600000, 0.297388, 0.244342, -1.000000, 0.400443, -1.000000, 0.252990, -1.000000, 0.267897, -1.000000
0.090000, 0.140000, 4.590000, 0.308200, 0.246789, -1.000000, 0.400253, -1.000000, 0.254930, -1.000000, 0.269980, -1.000000
0.090000, 0.150000, 4.580000, 0.318938, 0.249252, -1.000000, 0.400064, -1.000000, 0.256881, -1.000000, 0.272073, -1.000000
0.090000, 0.160000, 4.570000, 0.329600, 0.251731, -1.000000, 0.399874, -1.000000, 0.258842, -1.000000, 0.274176, -1.000000
0.090000, 0.170000, 4.560000, 0.340188, 0.254227, -1.000000, 0.399685, -1.000000, 0.260812, -1.000000, 0.276315, -1.000000
0.090000, 0.180000, 4.550000, 0.350700, 0.256740, -1.000000, 0.399496, -1.000000, 0.263134, -1.000000, 0.278801, -1.000000
0.090000, 0.190000, 4.540000, 0.361138, 0.259268, -1.000000, 0.399306, -1.000000, 0.265490, -1.000000, 0.281300, -1.000000
0.090000, 0.200000, 4.530000, 0.371500, 0.261812, -1.000000, 0.399117, -1.000000, 0.267859, -1.000000, 0.283813, -1.000000
0.090000, 0.210000, 4.520000, 0.381788, 0.264373, -1.000000, 0.398928, -1.000000, 0.270241, -1.000000, 0.286339, -1.000000
0.090000, 0.220000, 4.510000, 0.392000, 0.266950, -1.000000, 0.398738, -1.000000, 0.272636, -1.000000, 0.288879, -1.000000
0.090000, 0.230000, 4.500000, 0.402138, 0.269542, -1.000000, 0.398549, -1.000000, 0.275045, -1.000000, 0.291432, -1.000000
0.090000, 0.240000, 4.490000, 0.412200, 0.272150, -1.000000, 0.398360, -1.000000, 0.277467, -1.000000, 0.293998, -1.000000
0.090000, 0.250000, 4.480000, 0.422188, 0.274774, -1.000000, 0.398171, -1.000000, 0.279902, -1.000000, 0.296578, -1.000000
0.090000, 0.260000, 4.470000, 0.432100, 0.277414, -1.000000, 0.397982, -1.000000, 0.282350, -1.000000, 0.299170, -1.000000
0.090000, 0.270000, 4.460000, 0.441938, 0.280069, -1.000000, 0.397793, -1.000000, 0.284811, -1.000000, 0.301776, -1.000000
0.090000, 0.280000, 4.450000, 0.451700, 0.282740, -1.000000, 0.397604, -1.000000, 0.287285, -1.000000, 0.304394, -1.000000
0.090000, 0.290000, 4.440000, 0.461388, 0.285426, -1.000000, 0.397415, -1.000000, 0.289772, -1.000000, 0.307025, -1.000000
0.090000, 0.300000, 4.430000, 0.471000, 0.288128, -1.000000, 0.397226, -1.000000, 0.292271, -1.000000, 0.309668, -1.000000
0.090000, 0.310000, 4.420000, 0.480538, 0.290844, -1.000000, 0.397037, -1.000000, 0.294783, -1.000000, 0.312324, -1.000000
0.090000, 0.320000, 4.410000, 0.490000, 0.293576, -1.000000, 0.396848, -1.000000, 0.297307, -1.000000, 0.314993, -1.000000
0.090000, 0.330000, 4.400000, 0.499387, 0.296322, -1.000000, 0.396659, -1.000000, 0.299844, -1.000000, 0.317674, -1.000000
0.090000, 0.340000, 4.390000, 0.508700, 0.299084, -1.000000, 0.396470, -1.000000, 0.302393, -1.000000, 0.320366, -1.000000
0.090000, 0.350000, 4.380000, 0.517937, 0.301860, -1.000000, 0.396281, -1.000000, 0.304955, -1.000000, 0.323071, -1.000000
0.090000, 0.360000, 4.370000, 0.527100, 0.304650, -1.000000, 0.396092, -1.000000, 0.307528, -1.000000, 0.325788, -1.000000
0.090000, 0.370000, 4.360000, 0.536187, 0.307455, -1.000000, 0.395903, -1.000000, 0.310114, -1.000000, 0.328517, -1.000000
0.090000, 0.380000, 4.350000, 0.545200, 0.310275, -1.000000, 0.395715, -1.000000, 0.312712, -1.000000, 0.331257, -1.000000
0.090000, 0.390000, 4.340000, 0.554137, 0.313108, -1.000000, 0.395526, -1.000000, 0.315321, -1.000000, 0.334008, -1.000000
0.090000, 0.400000, 4.330000, 0.563000, 0.315956, -1.000000, 0.395337, -1.000000, 0.317942, -1.000000, 0.336771, -1.000000
0.090000, 0.410000, 4.320000, 0.571787, 0.318817, -1.000000, 0.395149, -1.000000, 0.320575, -1.000000, 0.339546, -1.000000
0.090000, 0.420000, 4.310000, 0.580500, 0.321692, -1.000000, 0.394960, -1.000000, 0.323219, -1.000000, 0.342331, -1.000000
0.090000, 0.430000, 4.300000, 0.589137, 0.324581, -1.000000, 0.394771, -1.000000, 0.325874, -1.000000, 0.345127, -1.000000
0.090000, 0.440000, 4.290000, 0.597700, 0.327483, -1.000000, 0.394583, -1.000000, 0.328541, -1.000000, 0.347934, -1.000000
0.090000, 0.450000, 4.280000, 0.606187, 0.330398, -1.000000, 0.394394, -1.000000, 0.331219, -1.000000, 0.350751, -1.000000
0.090000, 0.460000, 4.270000, 0.614600, 0.333327, -1.000000, 0.394206, -1.000000, 0.333907, -1.000000, 0.353579, -1.000000
0.090000, 0.470000, 4.260000, 0.622937, 0.336268, -1.000000, 0.394017, -1.000000, 0.336607, -1.000000, 0.356418, -1.000000
0.090000, 0.480000, 4.250000, 0.631200, 0.339222, -1.000000, 0.393829, -1.000000, 0.339317, -1.000000, 0.359266, -1.000000
0.090000, 0.490000, 4.240000, 0.639387, 0.342189, -1.000000, 0.393640, -1.000000, 0.341814, -1.000000, 0.362124, -1.000000
0.090000, 0.500000, 4.230000, 0.647500, 0.345168, -1.000000, 0.393452, -1.000000, 0.342721, -1.000000, 0.364992, -1.000000
0.090000, 0.510000, 4.220000, 0.655537, 0.348159, -1.000000, 0.393264, -1.000000, 0.343629, -1.000000, 0.367870, -1.000000
0.090000, 0.520000, 4.210000, 0.663500, 0.351163, -1.000000, 0.393075, -1.000000, 0.344539, -1.000000, 0.370757, -1.000000
0.090000, 0.530000, 4.200000, 0.671387, 0.353098, -1.000000, 0.392887, -1.000000, 0.345449, -1.000000, 0.373654, -1.000000
0.090000, 0.540000, 4.190000, 0.679200, 0.353135, -1.000000, 0.392699, -1.000000, 0.346360, -1.000000, 0.376559, -1.000000
0.090000, 0.550000, 4.180000, 0.686937, 0.353173, -1.000000, 0.392511, -1.000000, 0.347273, -1.000000, 0.379474, -1.000000
0.090000, 0.560000, 4.170000, 0.694600, 0.353211, -1.000000, 0.392322, -1.000000, 0.348187, -1.000000, 0.382397, -1.000000
0.090000, 0.570000, 4.160000, 0.702187, 0.353248, -1.000000, 0.392134, -1.000000, 0.349102, -1.000000, 0.385329, -1.000000
0.090000, 0.580000, 4.150000, 0.709700, 0.353286, -1.000000, 0.391946, -1.000000, 0.350018, -1.000000, 0.388269, -1.000000
0.090000, 0.590000, 4.140000, 0.717137, 0.353324, -1.000000, 0.391758, -1.000000, 0.350935, -1.000000, 0.390807, -1.000000
0.090000, 0.600000, 4.130000, 0.724500, 0.353361, -1.000000, 0.391570, -1.000000, 0.351853, -1.000000, 0.390803, -1.000000
0.090000, 0.610000, 4.120000, 0.731787, 0.353399, -1.000000, 0.391382, -1.000000, 0.352772, -1.000000, 0.390799, -1.000000
0.090000, 0.620000, 4.110000, 0.739000, 0.353436, -1.000000, 0.391194, -1.000000, 0.353693, -1.000000, 0.390796, -1.000000
0.090000, 0.630000, 4.100000, 0.746137, 0.353474, -1.000000, 0.391006, -1.000000, 0.354614, -1.000000, 0.390792, -1.000000
0.090000, 0.640000, 4.090000, 0.753200, 0.353512, -1.000000, 0.390818, -1.000000, 0.355537, -1.000000, 0.390788, -1.000000
0.090000, 0.650000, 4.080000, 0.760187, 0.353549, -1.000000, 0.390630, -1.000000, 0.356461, -1.000000, 0.390785, -1.000000
0.090000, 0.660000, 4.070000, 0.767100, 0.353587, -1.000000, 0.390442, -1.000000, 0.357385, -1.000000, 0.390781, -1.000000
0.090000, 0.670000, 4.060000, 0.773937, 0.353625, -1.000000, 0.390255, -1.000000, 0.358311, -1.000000, 0.390777, -1.000000
0.090000, 0.680000, 4.050000, 0.780700, 0.353662, -1.000000, 0.390067, -1.000000, 0.359238, -1.000000, 0.390774, -1.000000
0.090000, 0.690000, 4.040000, 0.787387, 0.353700, -1.000000, 0.389879, -1.000000, 0.360319, -1.000000, 0.390770, -1.000000
0.090000, 0.700000, 4.030000, 0.794000, 0.353738, -1.000000, 0.389691, -1.000000, 0.361418, -1.000000, 0.390766, -1.000000
0.090000, 0.710000, 4.020000, 0.800537, 0.353775, -1.000000, 0.389504, -1.000000, 0.362519, -1.000000, 0.390762, -1.000000
0.090000, 0.720000, 4.010000, 0.807000, 0.353813, -1.000000, 0.389316, -1.000000, 0.363622, -1.000000, 0.390759, -1.000000
0.090000, 0.730000, 4.000000, 0.813387, 0.353851, -1.000000, 0.389128, -1.000000, 0.364726, -1.000000, 0.390755, -1.000000
0.090000, 0.740000, 3.990000, 0.819700, 0.353888, -1.000000, 0.388941, -1.000000, 0.365831, -1.000000, 0.390751, -1.000000
0.090000, 0.750000, 3.980000, 0.825937, 0.353926, -1.000000, 0.388753, -1.000000, 0.366938, -1.000000, 0.390748, -1.000000
0.090000, 0.760000, 3.970001, 0.832100, 0.353963, -1.000000, 0.388566, -1.000000, 0.368046, -1.000000, 0.390744, -1.000000
0.090000, 0.770000, 3.960001, 0.838187, 0.354001, -1.000000, 0.388378, -1.000000, 0.369156, -1.000000, 0.390740, -1.000000
0.090000, 0.780000, 3.950001, 0.844200, 0.354039, -1.000000, 0.388191, -1.000000, 0.370020, -1.000000, 0.390736, -1.000000
0.090000, 0.790000, 3.940001, 0.850137, 0.354076, -1.000000, 0.388003, -1.000000, 0.369885, -1.000000, 0.390733, -1.000000
0.090000, 0.800000, 3.930001, 0.856000, 0.354114, -1.000000, 0.387816, -1.000000, 0.369751, -1.000000, 0.390729, -1.000000
0.090000, 0.810000, 3.920001, 0.861787, 0.354152, -1.000000, 0.387628, -1.000000, 0.369616, -1.000000, 0.390725, -1.000000
0.090000, 0.820000, 3.910001, 0.867500, 0.354189, -1.000000, 0.387441, -1.000000, 0.369482, -1.000000, 0.390722, -1.000000
0.090000, 0.830000, 3.900001, 0.873137, 0.354227, -1.000000, 0.387254, -1.000000, 0.369348, -1.000000, 0.390718, -1.000000
0.090000, 0.839999, 3.890001, 0.878700, 0.354265, -1.000000, 0.387066, -1.000000, 0.369213, -1.000000, 0.390714, -1.000000
0.090000, 0.849999, 3.880001, 0.884187, 0.354302, -1.000000, 0.386879, -1.000000, 0.369079, -1.000000, 0.390711, -1.000000
0.090000, 0.859999, 3.870001, 0.889600, 0.354340, -1.000000, 0.386692, -1.000000, 0.368944, -1.000000, 0.390707, -1.000000
0.090000, 0.869999, 3.860001, 0.894937, 0.354378, -1.000000, 0.386505, -1.000000, 0.368810, -1.000000, 0.390703, -1.000000
0.090000, 0.879999, 3.850001, 0.900200, 0.354415, -1.000000, 0.386318, -1.000000, 0.368676, -1.000000, 0.390699, -1.000000
0.090000, 0.889999, 3.840001, 0.905387, 0.354453, -1.000000, 0.386131, -1.000000, 0.368549, -1.000000, 0.390696, -1.000000
0.090000, 0.899999, 3.830001, 0.910500, 0.354491, -1.000000, 0.385944, -1.000000, 0.368467, -1.000000, 0.390692, -1.000000
0.090000, 0.909999, 3.820001, 0.915537, 0.354528, -1.000000, 0.385756, -1.000000, 0.368384, -1.000000, 0.390688, -1.000000
0.090000, 0.919999, 3.810001, 0.920500, 0.354566, -1.000000, 0.385569, -1.000000, 0.368302, -1.000000, 0.390685, -1.000000
0.090000, 0.929999, 3.800001, 0.925387, 0.354604, -1.000000, 0.385383, -1.000000, 0.368219, -1.000000, 0.390681, -1.000000
0.090000, 0.939999, 3.790001, 0.930200, 0.354641, -1.000000, 0.385196, -1.000000, 0.368137, -1.000000, 0.390677, -1.000000
0.090000, 0.949999, 3.780001, 0.934937, 0.354679, -1.000000, 0.385009, -1.000000, 0.368054, -1.000000, 0.390674, -1.000000
0.090000, 0.959999, 3.770001, 0.939600, 0.354717, -1.000000, 0.384822, -1.000000, 0.367972, -1.000000, 0.390670, -1.000000
0.090000, 0.969999, 3.760001, 0.944187, 0.354755, -1.000000, 0.384635, -1.000000, 0.367889, -1.000000, 0.390666, -1.000000
0.090000, 0.979999, 3.750001, 0.948700, 0.354792, -1.000000, 0.384448, -1.000000, 0.367807, -1.000000, 0.390662, -1.000000
0.090000, 0.989999, 3.740001, 0.953137, 0.354830, -1.000000, 0.384261, -1.000000, 0.367725, -1.000000, 0.390659, -1.000000
0.090000, 0.999999, 3.730001, 0.957500, 0.354868, -1.000000, 0.384075, -1.000000, 0.367642, -1.000000, 0.390655, -1.000000
0.100000, 0.000000, 4.700000, 0.150000, 0.215674, 0.732997, 0.403018, 0.995347, 0.228003, 0.804154, 0.240283, 0.980389
0.100000, 0.010000, 4.690000, 0.161713, 0.217070, -1.000000, 0.402829, -1.000000, 0.229811, -1.000000, 0.242347, -1.000000
0.100000, 0.020000, 4.680000, 0.173350, 0.218563, -1.000000, 0.402639, -1.000000, 0.231630, -1.000000, 0.244423, -1.000000
0.100000, 0.030000, 4.670000, 0.184913, 0.220621, -1.000000, 0.402449, -1.000000, 0.233458, -1.000000, 0.246511, -1.000000
0.100000, 0.040000, 4.660000, 0.196400, 0.222900, -1.000000, 0.402259, -1.000000, 0.235296, -1.000000, 0.248611, -1.000000
0.100000, 0.050000, 4.650000, 0.207813, 0.225196, -1.000000, 0.402069, -1.000000, 0.237144, -1.000000, 0.250722, -1.000000
0.100000, 0.060000, 4.640000, 0.219150, 0.227509, -1.000000, 0.401880, -1.000000, 0.239003, -1.000000, 0.252846, -1.000000
0.100000, 0.070000, 4.630000, 0.230413, 0.229839, -1.000000, 0.401690, -1.000000, 0.240871, -1.000000, 0.254981, -1.000000
0.100000, 0.080000, 4.620000, 0.241600, 0.232185, -1.000000, 0.401500, -1.000000, 0.242749, -1.000000, 0.257129, -1.000000
0.100000, 0.090000, 4.610000, 0.252713, 0.234548, -1.000000, 0.401311, -1.000000, 0.244637, -1.000000, 0.259288, -1.000000
0.100000, 0.100000, 4.600000, 0.263750, 0.236927, -1.000000, 0.401121, -1.000000, 0.246535, -1.000000, 0.261459, -1.000000
0.100000, 0.110000, 4.590000, 0.274713, 0.239323, -1.000000, 0.400931, -1.000000, 0.248443, -1.000000, 0.263641, -1.000000
0.100000, 0.120000, 4.580000, 0.285600, 0.241736, -1.000000, 0.400742, -1.000000, 0.250361, -1.000000, 0.265835, -1.000000
0.100000, 0.130000, 4.570000, 0.296413, 0.244165, -1.000000, 0.400552, -1.000000, 0.252288, -1.000000, 0.268041, -1.000000
0.100000, 0.140000, 4.560000, 0.307150, 0.246611, -1.000000, 0.400363, -1.000000, 0.254226, -1.000000, 0.270259, -1.000000
0.100000, 0.150000, 4.550000, 0.317813, 0.249073, -1.000000, 0.400173, -1.000000, 0.256173, -1.000000, 0.272368, -1.000000
0.100000, 0.160000, 4.540000, 0.328400, 0.251551, -1.000000, 0.399984, -1.000000, 0.258130, -1.000000, 0.274473, -1.000000
0.100000, 0.170000, 4.530000, 0.338913, 0.254046, -1.000000, 0.399794, -1.000000, 0.260366, -1.000000, 0.276766, -1.000000
0.100000, 0.180000, 4.520000, 0.349350, 0.256557, -1.000000, 0.399605, -1.000000, 0.262706, -1.000000, 0.279254, -1.000000
0.100000, 0.190000, 4.510000, 0.359713, 0.259084, -1.000000, 0.399416, -1.000000, 0.265059, -1.000000, 0.281756, -1.000000
0.100000, 0.200000, 4.500000, 0.370000, 0.261628, -1.000000, 0.399226, -1.000000, 0.267425, -1.000000, 0.284271, -1.000000
0.100000, 0.210000, 4.490000, 0.380213, 0.264187, -1.000000, 0.399037, -1.000000, 0.269805, -1.000000, 0.286800, -1.000000
0.100000, 0.220000, 4.480000, 0.390350, 0.266762, -1.000000, 0.398848, -1.000000, 0.272198, -1.000000, 0.289342, -1.000000
0.100000, 0.230000, 4.470000, 0.400413, 0.269354, -1.000000, 0.398659, -1.000000, 0.274605, -1.000000, 0.291898, -1.000000
0.100000, 0.240000, 4.460000, 0.410400, 0.271961, -1.000000, 0.398469, -1.000000, 0.277024, -1.000000, 0.294466, -1.000000
0.100000, 0.250000, 4.450000, 0.420313, 0.274584, -1.000000, 0.398280, -1.000000, 0.279457, -1.000000, 0.297048, -1.000000
0.100000, 0.260000, 4.440000, 0.430150, 0.277222, -1.000000, 0.398091, -1.000000, 0.281903, -1.000000, 0.299643, -1.000000
0.100000, 0.270000, 4.430000, 0.439913, 0.279877, -1.000000, 0.397902, -1.000000, 0.284361, -1.000000, 0.302251, -1.000000
0.100000, 0.280000, 4.420000, 0.449600, 0.282546, -1.000000, 0.397713, -1.000000, 0.286833, -1.000000, 0.304871, -1.000000
0.100000, 0.290000, 4.410000, 0.459213, 0.285231, -1.000000, 0.397524, -1.000000, 0.289317, -1.000000, 0.307505, -1.000000
0.100000, 0.300000, 4.400000, 0.468750, 0.287931, -1.000000, 0.397335, -1.000000, 0.291814, -1.000000, 0.310150, -1.000000
0.100000, 0.310000, 4.390000, 0.478212, 0.290647, -1.000000, 0.397146, -1.000000, 0.294324, -1.000000, 0.312809, -1.000000
0.100000, 0.320000, 4.380000, 0.487600, 0.293377, -1.000000, 0.396957, -1.000000, 0.296846, -1.000000, 0.315479, -1.000000
0.100000, 0.330000, 4.370000, 0.496912, 0.296123, -1.000000, 0.396768, -1.000000, 0.299380, -1.000000, 0.318162, -1.000000
0.100000, 0.340000, 4.360000, 0.506150, 0.298883, -1.000000, 0.396579, -1.000000, 0.301927, -1.000000, 0.320857, -1.000000
0.100000, 0.350000, 4.350000, 0.515312, 0.301658, -1.000000, 0.396390, -1.000000, 0.304487, -1.000000, 0.323564, -1.000000
0.100000, 0.360000, 4.340000, 0.524400, 0.304448, -1.000000, 0.396201, -1.000000, 0.307058, -1.000000, 0.326283, -1.000000
0.100000, 0.370000, 4.330000, 0.533412, 0.307252, -1.000000, 0.396013, -1.000000, 0.309641, -1.000000, 0.329014, -1.000000
0.100000, 0.380000, 4.320000, 0.542350, 0.310070, -1.000000, 0.395824, -1.000000, 0.312237, -1.000000, 0.331756, -1.000000
0.100000, 0.390000, 4.310000, 0.551212, 0.312902, -1.000000, 0.395635, -1.000000, 0.314844, -1.000000, 0.334510, -1.000000
0.100000, 0.400000, 4.300000, 0.560000, 0.315749, -1.000000, 0.395446, -1.000000, 0.317463, -1.000000, 0.337275, -1.000000
0.100000, 0.410000, 4.290000, 0.568712, 0.318609, -1.000000, 0.395258, -1.000000, 0.320093, -1.000000, 0.340051, -1.000000
0.100000, 0.420000, 4.280000, 0.577350, 0.321483, -1.000000, 0.395069, -1.000000, 0.322735, -1.000000, 0.342839, -1.000000
0.100000, 0.430000, 4.270000, 0.585912, 0.324371, -1.000000, 0.394880, -1.000000, 0.325389, -1.000000, 0.345637, -1.000000
0.100000, 0.440000, 4.260000, 0.594400, 0.327272, -1.000000, 0.394692, -1.000000, 0.328053, -1.000000, 0.348446, -1.000000
0.100000, 0.450000, 4.250000, 0.602812, 0.330187, -1.000000, 0.394503, -1.000000, 0.330729, -1.000000, 0.351265, -1.000000
0.100000, 0.460000, 4.240000, 0.611150, 0.333114, -1.000000, 0.394315, -1.000000, 0.333416, -1.000000, 0.354095, -1.000000
0.100000, 0.470000, 4.230000, 0.619412, 0.336055, -1.000000, 0.394126, -1.000000, 0.336114, -1.000000, 0.356935, -1.000000
0.100000, 0.480000, 4.220000, 0.627600, 0.339008, -1.000000, 0.393938, -1.000000, 0.338822, -1.000000, 0.359785, -1.000000
0.100000, 0.490000, 4.210000, 0.635712, 0.341974, -1.000000, 0.393749, -1.000000, 0.341541, -1.000000, 0.362645, -1.000000
0.100000, 0.500000, 4.200000, 0.643750, 0.344952, -1.000000, 0.393561, -1.000000, 0.343020, -1.000000, 0.365515, -1.000000
0.100000, 0.510000, 4.190000, 0.651712, 0.347942, -1.000000, 0.393373, -1.000000, 0.343929, -1.000000, 0.368395, -1.000000
0.100000, 0.520000, 4.180000, 0.659600, 0.350945, -1.000000, 0.393184, -1.000000, 0.344838, -1.000000, 0.371283, -1.000000
0.100000, 0.530000, 4.170000, 0.667412, 0.353079, -1.000000, 0.392996, -1.000000, 0.345749, -1.000000, 0.374182, -1.000000
0.100000, 0.540000, 4.160000, 0.675150, 0.353117, -1.000000, 0.392808, -1.000000, 0.346661, -1.000000, 0.377089, -1.000000
0.100000, 0.550000, 4.150000, 0.682812, 0.353154, -1.000000, 0.392620, -1.000000, 0.347574, -1.000000, 0.380005, -1.000000
0.100000, 0.560000, 4.140000, 0.690400, 0.353192, -1.000000, 0.392431, -1.000000, 0.348488, -1.000000, 0.382929, -1.000000
0.100000, 0.570000, 4.130000, 0.697912, 0.353230, -1.000000, 0.392243, -1.000000, 0.349404, -1.000000, 0.385863, -1.000000
0.100000, 0.580000, 4.120000, 0.705350, 0.353267, -1.000000, 0.392055, -1.000000, 0.350320, -1.000000, 0.388804, -1.000000
0.100000, 0.590000, 4.110000, 0.712712, 0.353305, -1.000000, 0.391867, -1.000000, 0.351237, -1.000000, 0.390825, -1.000000
0.100000, 0.600000, 4.100000, 0.720000, 0.353342, -1.000000, 0.391679, -1.000000, 0.352156, -1.000000, 0.390821, -1.000000
0.100000, 0.610000, 4.090000, 0.727212, 0.353380, -1.000000, 0.391491, -1.000000, 0.353076, -1.000000, 0.390817, -1.000000
0.100000, 0.620000, 4.080000, 0.734350, 0.353418, -1.000000, 0.391303, -1.000000, 0.353996, -1.000000, 0.390814, -1.000000
0.100000, 0.630000, 4.070000, 0.741412, 0.353455, -1.000000, 0.391115, -1.000000, 0.354918, -1.000000, 0.390810, -1.000000
0.100000, 0.640000, 4.060000, 0.748400, 0.353493, -1.000000, 0.390927, -1.000000, 0.355841, -1.000000, 0.390806, -1.000000
0.100000, 0.650000, 4.050000, 0.755312, 0.353531, -1.000000, 0.390739, -1.000000, 0.356765, -1.000000, 0.390802, -1.000000
0.100000, 0.660000, 4.040000, 0.762150, 0.353568, -1.000000, 0.390551, -1.000000, 0.357690, -1.000000, 0.390799, -1.000000
0.100000, 0.670000, 4.030000, 0.768912, 0.353606, -1.000000, 0.390363, -1.000000, 0.358742, -1.000000, 0.390795, -1.000000
0.100000, 0.680000, 4.020000, 0.775600, 0.353643, -1.000000, 0.390175, -1.000000, 0.359840, -1.000000, 0.390791, -1.000000
0.100000, 0.690000, 4.010000, 0.782212, 0.353681, -1.000000, 0.389988, -1.000000, 0.360939, -1.000000, 0.390788, -1.000000
0.100000, 0.700000, 4.000000, 0.788750, 0.353719, -1.000000, 0.389800, -1.000000, 0.362039, -1.000000, 0.390784, -1.000000
0.100000, 0.710000, 3.990000, 0.795212, 0.353756, -1.000000, 0.389612, -1.000000, 0.363141, -1.000000, 0.390780, -1.000000
0.100000, 0.720000, 3.980000, 0.801600, 0.353794, -1.000000, 0.389424, -1.000000, 0.364244, -1.000000, 0.390777, -1.000000
0.100000, 0.730000, 3.970000, 0.807912, 0.353832, -1.000000, 0.389237, -1.000000, 0.365349, -1.000000, 0.390773, -1.000000
0.100000, 0.740000, 3.960001, 0.814150, 0.353869, -1.000000, 0.389049, -1.000000, 0.366455, -1.000000, 0.390769, -1.000000
0.100000, 0.750000, 3.950000, 0.820312, 0.353907, -1.000000, 0.388862, -1.000000, 0.367563, -1.000000, 0.390765, -1.000000
0.100000, 0.760000, 3.940001, 0.826400, 0.353945, -1.000000, 0.388674, -1.000000, 0.368672, -1.000000, 0.390762, -1.000000
0.100000, 0.770000, 3.930000, 0.832412, 0.353982, -1.000000, 0.388486, -1.000000, 0.369782, -1.000000, 0.390758, -1.000000
0.100000, 0.780000, 3.920001, 0.838350, 0.354020, -1.000000, 0.388299, -1.000000, 0.369953, -1.000000, 0.390754, -1.000000
0.100000, 0.790000, 3.910000, 0.844212, 0.354058, -1.000000, 0.388112, -1.000000, 0.369819, -1.000000, 0.390751, -1.000000
0.100000, 0.800000, 3.900001, 0.850000, 0.354095, -1.000000, 0.387924, -1.000000, 0.369684, -1.000000, 0.390747, -1.000000
0.100000, 0.810000, 3.890000, 0.855712, 0.354133, -1.000000, 0.387737, -1.000000, 0.369550, -1.000000, 0.390743, -1.000000
0.100000, 0.820000, 3.880001, 0.861350, 0.354171, -1.000000, 0.387549, -1.000000, 0.369415, -1.000000, 0.390740, -1.000000
0.100000, 0.830000, 3.870000, 0.866912, 0.354208, -1.000000, 0.387362, -1.000000, 0.369281, -1.000000, 0.390736, -1.000000
0.100000, 0.839999, 3.860001, 0.872400, 0.354246, -1.000000, 0.387175, -1.000000, 0.369146, -1.000000, 0.390732, -1.000000
0.100000, 0.849999, 3.850000, 0.877812, 0.354284, -1.000000, 0.386988, -1.000000, 0.369012, -1.000000, 0.390728, -1.000000
0.100000, 0.859999, 3.840001, 0.883150, 0.354321, -1.000000, 0.386800, -1.000000, 0.368878, -1.000000, 0.390725, -1.000000
0.100000, 0.869999, 3.830000, 0.888412, 0.354359, -1.000000, 0.386613, -1.000000, 0.368743, -1.000000, 0.390721, -1.000000
0.100000, 0.879999, 3.820001, 0.893600, 0.354397, -1.000000, 0.386426, -1.000000, 0.368609, -1.000000, 0.390717, -1.000000
0.100000, 0.889999, 3.810000, 0.898712, 0.354434, -1.000000, 0.386239, -1.000000, 0.368503, -1.000000, 0.390714, -1.000000
0.100000, 0.899999, 3.800001, 0.903750, 0.354472, -1.000000, 0.386052, -1.000000, 0.368420, -1.000000, 0.390710, -1.000000
0.100000, 0.909999, 3.790000, 0.908712, 0.354510, -1.000000, 0.385865, -1.000000, 0.368338, -1.000000, 0.390706, -1.000000
0.100000, 0.919999, 3.780001, 0.913600, 0.354547, -1.000000, 0.385678, -1.000000, 0.368255, -1.000000, 0.390703, -1.000000
0.100000, 0.929999, 3.770000, 0.918412, 0.354585, -1.000000, 0.385491, -1.000000, 0.368173, -1.000000, 0.390699, -1.000000
0.100000, 0.939999, 3.760001, 0.923150, 0.354623, -1.000000, 0.385304, -1.000000, 0.368090, -1.000000, 0.390695, -1.000000
0.100000, 0.949999, 3.750000, 0.927812, 0.354660, -1.000000, 0.385117, -1.000000, 0.368008, -1.000000, 0.390691, -1.000000
0.100000, 0.959999, 3.740001, 0.932400, 0.354698, -1.000000, 0.384930, -1.000000, 0.367926, -1.000000, 0.390688, -1.000000
0.100000, 0.969999, 3.730000, 0.936912, 0.354736, -1.000000, 0.384743, -1.000000, 0.367843, -1.000000, 0.390684, -1.000000
0.100000, 0.979999, 3.720001, 0.941350, 0.354773, -1.000000, 0.384556, -1.000000, 0.367761, -1.000000, 0.390680, -1.000000
0.100000, 0.989999, 3.710001, 0.945712, 0.354811, -1.000000, 0.384369, -1.000000, 0.367678, -1.000000, 0.390677, -1.000000
0.100000, 0.999999, 3.700001, 0.950000, 0.354849, -1.000000, 0.384183, -1.000000, 0.367596, -1.000000, 0.390673, -1.000000
0.110000, 0.000000, 4.670000, 0.150000, 0.215463, 0.732994, 0.403128, 0.995362, 0.227350, 0.804220, 0.240176, 0.980698
0.110000, 0.010000, 4.660000, 0.161637, 0.216858, -1.000000, 0.402938, -1.000000, 0.229155, -1.000000, 0.242239, -1.000000
0.110000, 0.020000, 4.650000, 0.173200, 0.218365, -1.000000, 0.402748, -1.000000, 0.230969, -1.000000, 0.244315, -1.000000
0.110000, 0.030000, 4.640000, 0.184687, 0.220457, -1.000000, 0.402559, -1.000000, 0.232794, -1.000000, 0.246402, -1.000000
0.110000, 0.040000, 4.630000, 0.196100, 0.222735, -1.000000, 0.402369, -1.000000, 0.234629, -1.000000, 0.248501, -1.000000
0.110000, 0.050000, 4.620000, 0.207438, 0.225030, -1.000000, 0.402179, -1.000000, 0.236473, -1.000000, 0.250612, -1.000000
0.110000, 0.060000, 4.610000, 0.218700, 0.227341, -1.000000, 0.401989, -1.000000, 0.238328, -1.000000, 0.252735, -1.000000
0.110000, 0.070000, 4.600000, 0.229888, 0.229670, -1.000000, 0.401800, -1.000000, 0.240192, -1.000000, 0.254870, -1.000000
0.110000, 0.080000, 4.590000, 0.241000, 0.232015, -1.000000, 0.401610, -1.000000, 0.242067, -1.000000, 0.257017, -1.000000
0.110000, 0.090000, 4.580000, 0.252037, 0.234376, -1.000000, 0.401420, -1.000000, 0.243951, -1.000000, 0.259175, -1.000000
0.110000, 0.100000, 4.570000, 0.263000, 0.236755, -1.000000, 0.401231, -1.000000, 0.245846, -1.000000, 0.261345, -1.000000
0.110000, 0.110000, 4.560000, 0.273888, 0.239149, -1.000000, 0.401041, -1.000000, 0.247750, -1.000000, 0.263527, -1.000000
0.110000, 0.120000, 4.550000, 0.284700, 0.241561, -1.000000, 0.400851, -1.000000, 0.249664, -1.000000, 0.265721, -1.000000
0.110000, 0.130000, 4.540000, 0.295438, 0.243989, -1.000000, 0.400662, -1.000000, 0.251588, -1.000000, 0.267926, -1.000000
0.110000, 0.140000, 4.530000, 0.306100, 0.246433, -1.000000, 0.400472, -1.000000, 0.253522, -1.000000, 0.270143, -1.000000
0.110000, 0.150000, 4.520000, 0.316688, 0.248894, -1.000000, 0.400283, -1.000000, 0.255466, -1.000000, 0.272371, -1.000000
0.110000, 0.160000, 4.510000, 0.327200, 0.251371, -1.000000, 0.400093, -1.000000, 0.257618, -1.000000, 0.274611, -1.000000
0.110000, 0.170000, 4.500000, 0.337638, 0.253865, -1.000000, 0.399904, -1.000000, 0.259941, -1.000000, 0.277194, -1.000000
0.110000, 0.180000, 4.490000, 0.348000, 0.256375, -1.000000, 0.399715, -1.000000, 0.262278, -1.000000, 0.279708, -1.000000
0.110000, 0.190000, 4.480000, 0.358288, 0.258901, -1.000000, 0.399525, -1.000000, 0.264629, -1.000000, 0.282213, -1.000000
0.110000, 0.200000, 4.470000, 0.368500, 0.261443, -1.000000, 0.399336, -1.000000, 0.266993, -1.000000, 0.284730, -1.000000
0.110000, 0.210000, 4.460000, 0.378638, 0.264001, -1.000000, 0.399147, -1.000000, 0.269370, -1.000000, 0.287261, -1.000000
0.110000, 0.220000, 4.450000, 0.388700, 0.266576, -1.000000, 0.398957, -1.000000, 0.271761, -1.000000, 0.289806, -1.000000
0.110000, 0.230000, 4.440000, 0.398688, 0.269166, -1.000000, 0.398768, -1.000000, 0.274165, -1.000000, 0.292364, -1.000000
0.110000, 0.240000, 4.430000, 0.408600, 0.271772, -1.000000, 0.398579, -1.000000, 0.276582, -1.000000, 0.294935, -1.000000
0.110000, 0.250000, 4.420000, 0.418438, 0.274393, -1.000000, 0.398390, -1.000000, 0.279012, -1.000000, 0.297519, -1.000000
0.110000, 0.260000, 4.410000, 0.428200, 0.277031, -1.000000, 0.398200, -1.000000, 0.281455, -1.000000, 0.300116, -1.000000
0.110000, 0.270000, 4.400000, 0.437888, 0.279684, -1.000000, 0.398011, -1.000000, 0.283912, -1.000000, 0.302726, -1.000000
0.110000, 0.280000, 4.390000, 0.447500, 0.282352, -1.000000, 0.397822, -1.000000, 0.286381, -1.000000, 0.305349, -1.000000
0.110000, 0.290000, 4.380000, 0.457038, 0.285036, -1.000000, 0.397633, -1.000000, 0.288863, -1.000000, 0.307985, -1.000000
0.110000, 0.300000, 4.370000, 0.466500, 0.287735, -1.000000, 0.397444, -1.000000, 0.291357, -1.000000, 0.310633, -1.000000
0.110000, 0.310000, 4.360000, 0.475888, 0.290450, -1.000000, 0.397255, -1.000000, 0.293865, -1.000000, 0.313294, -1.000000
0.110000, 0.320000, 4.350000, 0.485200, 0.293179, -1.000000, 0.397066, -1.000000, 0.296385, -1.000000, 0.315966, -1.000000
0.110000, 0.330000, 4.340000, 0.494437, 0.295924, -1.000000, 0.396877, -1.000000, 0.298917, -1.000000, 0.318652, -1.000000
0.110000, 0.340000, 4.330000, 0.503600, 0.298683, -1.000000, 0.396688, -1.000000, 0.301462, -1.000000, 0.321349, -1.000000
0.110000, 0.350000, 4.320000, 0.512688, 0.301457, -1.000000, 0.396499, -1.000000, 0.304019, -1.000000, 0.324058, -1.000000
0.110000, 0.360000, 4.310000, 0.521700, 0.304245, -1.000000, 0.396311, -1.000000, 0.306588, -1.000000, 0.326779, -1.000000
0.110000, 0.370000, 4.300000, 0.530638, 0.307048, -1.000000, 0.396122, -1.000000, 0.309169, -1.000000, 0.329512, -1.000000
0.110000, 0.380000, 4.290000, 0.539500, 0.309865, -1.000000, 0.395933, -1.000000, 0.311762, -1.000000, 0.332256, -1.000000
0.110000, 0.390000, 4.280000, 0.548288, 0.312697, -1.000000, 0.395744, -1.000000, 0.314367, -1.000000, 0.335012, -1.000000
0.110000, 0.400000, 4.270000, 0.557000, 0.315542, -1.000000, 0.395555, -1.000000, 0.316984, -1.000000, 0.337779, -1.000000
0.110000, 0.410000, 4.260000, 0.565637, 0.318402, -1.000000, 0.395367, -1.000000, 0.319613, -1.000000, 0.340557, -1.000000
0.110000, 0.420000, 4.250000, 0.574200, 0.321275, -1.000000, 0.395178, -1.000000, 0.322252, -1.000000, 0.343347, -1.000000
0.110000, 0.430000, 4.240000, 0.582687, 0.324162, -1.000000, 0.394989, -1.000000, 0.324904, -1.000000, 0.346147, -1.000000
0.110000, 0.440000, 4.230000, 0.591100, 0.327062, -1.000000, 0.394801, -1.000000, 0.327566, -1.000000, 0.348958, -1.000000
0.110000, 0.450000, 4.220000, 0.599437, 0.329975, -1.000000, 0.394612, -1.000000, 0.330240, -1.000000, 0.351779, -1.000000
0.110000, 0.460000, 4.210000, 0.607700, 0.332902, -1.000000, 0.394424, -1.000000, 0.332925, -1.000000, 0.354611, -1.000000
0.110000, 0.470000, 4.200000, 0.615887, 0.335841, -1.000000, 0.394235, -1.000000, 0.335621, -1.000000, 0.357453, -1.000000
0.110000, 0.480000, 4.190000, 0.624000, 0.338794, -1.000000, 0.394047, -1.000000, 0.338327, -1.000000, 0.360305, -1.000000
0.110000, 0.490000, 4.180000, 0.632037, 0.341758, -1.000000, 0.393858, -1.000000, 0.341044, -1.000000, 0.363167, -1.000000
0.110000, 0.500000, 4.170000, 0.640000, 0.344736, -1.000000, 0.393670, -1.000000, 0.343320, -1.000000, 0.366038, -1.000000
0.110000, 0.510000, 4.160000, 0.647887, 0.347725, -1.000000, 0.393482, -1.000000, 0.344228, -1.000000, 0.368919, -1.000000
0.110000, 0.520000, 4.150000, 0.655700, 0.350727, -1.000000, 0.393293, -1.000000, 0.345138, -1.000000, 0.371810, -1.000000
0.110000, 0.530000, 4.140000, 0.663437, 0.353060, -1.000000, 0.393105, -1.000000, 0.346050, -1.000000, 0.374710, -1.000000
0.110000, 0.540000, 4.130000, 0.671100, 0.353098, -1.000000, 0.392917, -1.000000, 0.346962, -1.000000, 0.377618, -1.000000
0.110000, 0.550000, 4.120000, 0.678687, 0.353135, -1.000000, 0.392728, -1.000000, 0.347875, -1.000000, 0.380536, -1.000000
0.110000, 0.560000, 4.110000, 0.686200, 0.353173, -1.000000, 0.392540, -1.000000, 0.348790, -1.000000, 0.383462, -1.000000
0.110000, 0.570000, 4.100000, 0.693637, 0.353211, -1.000000, 0.392352, -1.000000, 0.349705, -1.000000, 0.386397, -1.000000
0.110000, 0.580000, 4.090000, 0.701000, 0.353248, -1.000000, 0.392164, -1.000000, 0.350622, -1.000000, 0.389340, -1.000000
0.110000, 0.590000, 4.080000, 0.708287, 0.353286, -1.000000, 0.391976, -1.000000, 0.351540, -1.000000, 0.390843, -1.000000
0.110000, 0.600000, 4.070000, 0.715500, 0.353324, -1.000000, 0.391788, -1.000000, 0.352459, -1.000000, 0.390839, -1.000000
0.110000, 0.610000, 4.060000, 0.722637, 0.353361, -1.000000, 0.391600, -1.000000, 0.353379, -1.000000, 0.390835, -1.000000
0.110000, 0.620000, 4.050000, 0.729700, 0.353399, -1.000000, 0.391411, -1.000000, 0.354300, -1.000000, 0.390831, -1.000000
0.110000, 0.630000, 4.040000, 0.736687, 0.353436, -1.000000, 0.391223, -1.000000, 0.355222, -1.000000, 0.390828, -1.000000
0.110000, 0.640000, 4.030000, 0.743600, 0.353474, -1.000000, 0.391036, -1.000000, 0.356146, -1.000000, 0.390824, -1.000000
0.110000, 0.650000, 4.020000, 0.750437, 0.353512, -1.000000, 0.390848, -1.000000, 0.357168, -1.000000, 0.390820, -1.000000
0.110000, 0.660000, 4.010000, 0.757200, 0.353549, -1.000000, 0.390660, -1.000000, 0.358264, -1.000000, 0.390817, -1.000000
0.110000, 0.670000, 4.000000, 0.763887, 0.353587, -1.000000, 0.390472, -1.000000, 0.359361, -1.000000, 0.390813, -1.000000
0.110000, 0.680000, 3.990000, 0.770500, 0.353625, -1.000000, 0.390284, -1.000000, 0.360459, -1.000000, 0.390809, -1.000000
0.110000, 0.690000, 3.980000, 0.777037, 0.353662, -1.000000, 0.390096, -1.000000, 0.361559, -1.000000, 0.390806, -1.000000
0.110000, 0.700000, 3.970000, 0.783500, 0.353700, -1.000000, 0.389908, -1.000000, 0.362660, -1.000000, 0.390802, -1.000000
0.110000, 0.710000, 3.960001, 0.789887, 0.353738, -1.000000, 0.389721, -1.000000, 0.363763, -1.000000, 0.390798, -1.000000
0.110000, 0.720000, 3.950000, 0.796200, 0.353775, -1.000000, 0.389533, -1.000000, 0.364867, -1.000000, 0.390794, -1.000000
0.110000, 0.730000, 3.940001, 0.802437, 0.353813, -1.000000, 0.389345, -1.000000, 0.365972, -1.000000, 0.390791, -1.000000
0.110000, 0.740000, 3.930000, 0.808600, 0.353850, -1.000000, 0.389158, -1.000000, 0.367079, -1.000000, 0.390787, -1.000000
0.110000, 0.750000, 3.920001, 0.814687, 0.353888, -1.000000, 0.388970, -1.000000, 0.368188, -1.000000, 0.390783, -1.000000
0.110000, 0.760000, 3.910000, 0.820700, 0.353926, -1.000000, 0.388782, -1.000000, 0.369298, -1.000000, 0.390780, -1.000000
0.110000, 0.770000, 3.900001, 0.826637, 0.353963, -1.000000, 0.388595, -1.000000, 0.370021, -1.000000, 0.390776, -1.000000
0.110000, 0.780000, 3.890000, 0.832500, 0.354001, -1.000000, 0.388407, -1.000000, 0.369886, -1.000000, 0.390772, -1.000000
0.110000, 0.790000, 3.880001, 0.838287, 0.354039, -1.000000, 0.388220, -1.000000, 0.369752, -1.000000, 0.390769, -1.000000
0.110000, 0.800000, 3.870000, 0.844000, 0.354076, -1.000000, 0.388033, -1.000000, 0.369617, -1.000000, 0.390765, -1.000000
0.110000, 0.810000, 3.860001, 0.849637, 0.354114, -1.000000, 0.387845, -1.000000, 0.369483, -1.000000, 0.390761, -1.000000
0.110000, 0.820000, 3.850000, 0.855200, 0.354152, -1.000000, 0.387658, -1.000000, 0.369348, -1.000000, 0.390757, -1.000000
0.110000, 0.830000, 3.840001, 0.860687, 0.354189, -1.000000, 0.387470, -1.000000, 0.369214, -1.000000, 0.390754, -1.000000
0.110000, 0.839999, 3.830000, 0.866100, 0.354227, -1.000000, 0.387283, -1.000000, 0.369080, -1.000000, 0.390750, -1.000000
0.110000, 0.849999, 3.820001, 0.871437, 0.354265, -1.000000, 0.387096, -1.000000, 0.368945, -1.000000, 0.390746, -1.000000
0.110000, 0.859999, 3.810000, 0.876700, 0.354302, -1.000000, 0.386909, -1.000000, 0.368811, -1.000000, 0.390743, -1.000000
0.110000, 0.869999, 3.800001, 0.881887, 0.354340, -1.000000, 0.386721, -1.000000, 0.368677, -1.000000, 0.390739, -1.000000
0.110000, 0.879999, 3.790000, 0.887000, 0.354378, -1.000000, 0.386534, -1.000000, 0.368542, -1.000000, 0.390735, -1.000000
0.110000, 0.889999, 3.780001, 0.892037, 0.354415, -1.000000, 0.386347, -1.000000, 0.368457, -1.000000, 0.390732, -1.000000
0.110000, 0.899999, 3.770000, 0.897000, 0.354453, -1.000000, 0.386160, -1.000000, 0.368374, -1.000000, 0.390728, -1.000000
0.110000, 0.909999, 3.760001, 0.901887, 0.354491, -1.000000, 0.385973, -1.000000, 0.368292, -1.000000, 0.390724, -1.000000
0.110000, 0.919999, 3.750000, 0.906700, 0.354528, -1.000000, 0.385786, -1.000000, 0.368209, -1.000000, 0.390720, -1.000000
0.110000, 0.929999, 3.740001, 0.911437, 0.354566, -1.000000, 0.385599, -1.000000, 0.368127, -1.000000, 0.390717, -1.000000
0.110000, 0.939999, 3.730000, 0.916100, 0.354604, -1.000000, 0.385412, -1.000000, 0.368044, -1.000000, 0.390713, -1.000000
0.110000, 0.949999, 3.720001, 0.920687, 0.354641, -1.000000, 0.385225, -1.000000, 0.367962, -1.000000, 0.390709, -1.000000
0.110000, 0.959999, 3.710001, 0.925200, 0.354679, -1.000000, 0.385038, -1.000000, 0.367879, -1.000000, 0.390706, -1.000000
0.110000, 0.969999, 3.700001, 0.929637, 0.354717, -1.000000, 0.384851, -1.000000, 0.367797, -1.000000, 0.390702, -1.000000
0.110000, 0.979999, 3.690001, 0.934000, 0.354755, -1.000000, 0.384664, -1.000000, 0.367714, -1.000000, 0.390698, -1.000000
0.110000, 0.989999, 3.680001, 0.938287, 0.354792, -1.000000, 0.384477, -1.000000, 0.367632, -1.000000, 0.390694, -1.000000
0.110000, 0.999999, 3.670001, 0.942500, 0.354830, -1.000000, 0.384291, -1.000000, 0.367550, -1.000000, 0.390691, -1.000000
0.120000, 0.000000, 4.640000, 0.150000, 0.215251, 0.732992, 0.403238, 0.995378, 0.226698, 0.804286, 0.240069, 0.981003
0.120000, 0.010000, 4.630000, 0.161563, 0.216645, -1.000000, 0.403048, -1.000000, 0.228499, -1.000000, 0.242132, -1.000000
0.120000, 0.020000, 4.620000, 0.173050, 0.218166, -1.000000, 0.402858, -1.000000, 0.230310, -1.000000, 0.244206, -1.000000
0.120000, 0.030000, 4.610000, 0.184463, 0.220292, -1.000000, 0.402668, -1.000000, 0.232131, -1.000000, 0.246293, -1.000000
0.120000, 0.040000, 4.600000, 0.195800, 0.222569, -1.000000, 0.402479, -1.000000, 0.233962, -1.000000, 0.248391, -1.000000
0.120000, 0.050000, 4.590000, 0.207063, 0.224863, -1.000000, 0.402289, -1.000000, 0.235803, -1.000000, 0.250502, -1.000000
0.120000, 0.060000, 4.580000, 0.218250, 0.227173, -1.000000, 0.402099, -1.000000, 0.237654, -1.000000, 0.252624, -1.000000
0.120000, 0.070000, 4.570000, 0.229363, 0.229500, -1.000000, 0.401909, -1.000000, 0.239515, -1.000000, 0.254758, -1.000000
0.120000, 0.080000, 4.560000, 0.240400, 0.231844, -1.000000, 0.401720, -1.000000, 0.241386, -1.000000, 0.256904, -1.000000
0.120000, 0.090000, 4.550000, 0.251363, 0.234205, -1.000000, 0.401530, -1.000000, 0.243267, -1.000000, 0.259062, -1.000000
0.120000, 0.100000, 4.540000, 0.262250, 0.236582, -1.000000, 0.401340, -1.000000, 0.245158, -1.000000, 0.261232, -1.000000
0.120000, 0.110000, 4.530000, 0.273062, 0.238975, -1.000000, 0.401151, -1.000000, 0.247059, -1.000000, 0.263413, -1.000000
0.120000, 0.120000, 4.520000, 0.283800, 0.241386, -1.000000, 0.400961, -1.000000, 0.248969, -1.000000, 0.265606, -1.000000
0.120000, 0.130000, 4.510000, 0.294463, 0.243812, -1.000000, 0.400771, -1.000000, 0.250890, -1.000000, 0.267811, -1.000000
0.120000, 0.140000, 4.500000, 0.305050, 0.246256, -1.000000, 0.400582, -1.000000, 0.252820, -1.000000, 0.270027, -1.000000
0.120000, 0.150000, 4.490000, 0.315562, 0.248715, -1.000000, 0.400392, -1.000000, 0.254888, -1.000000, 0.272255, -1.000000
0.120000, 0.160000, 4.480000, 0.326000, 0.251192, -1.000000, 0.400203, -1.000000, 0.257195, -1.000000, 0.274617, -1.000000
0.120000, 0.170000, 4.470000, 0.336363, 0.253684, -1.000000, 0.400014, -1.000000, 0.259516, -1.000000, 0.277229, -1.000000
0.120000, 0.180000, 4.460000, 0.346650, 0.256193, -1.000000, 0.399824, -1.000000, 0.261851, -1.000000, 0.279857, -1.000000
0.120000, 0.190000, 4.450000, 0.356863, 0.258717, -1.000000, 0.399635, -1.000000, 0.264199, -1.000000, 0.282499, -1.000000
0.120000, 0.200000, 4.440000, 0.367000, 0.261258, -1.000000, 0.399445, -1.000000, 0.266560, -1.000000, 0.285157, -1.000000
0.120000, 0.210000, 4.430000, 0.377063, 0.263816, -1.000000, 0.399256, -1.000000, 0.268935, -1.000000, 0.287723, -1.000000
0.120000, 0.220000, 4.420000, 0.387050, 0.266389, -1.000000, 0.399067, -1.000000, 0.271324, -1.000000, 0.290270, -1.000000
0.120000, 0.230000, 4.410000, 0.396963, 0.268978, -1.000000, 0.398877, -1.000000, 0.273725, -1.000000, 0.292831, -1.000000
0.120000, 0.240000, 4.400000, 0.406800, 0.271583, -1.000000, 0.398688, -1.000000, 0.276140, -1.000000, 0.295404, -1.000000
0.120000, 0.250000, 4.390000, 0.416563, 0.274203, -1.000000, 0.398499, -1.000000, 0.278568, -1.000000, 0.297991, -1.000000
0.120000, 0.260000, 4.380000, 0.426250, 0.276839, -1.000000, 0.398310, -1.000000, 0.281009, -1.000000, 0.300590, -1.000000
0.120000, 0.270000, 4.370000, 0.435863, 0.279491, -1.000000, 0.398121, -1.000000, 0.283462, -1.000000, 0.303202, -1.000000
0.120000, 0.280000, 4.360000, 0.445400, 0.282159, -1.000000, 0.397932, -1.000000, 0.285929, -1.000000, 0.305828, -1.000000
0.120000, 0.290000, 4.350000, 0.454863, 0.284841, -1.000000, 0.397743, -1.000000, 0.288409, -1.000000, 0.308466, -1.000000
0.120000, 0.300000, 4.340000, 0.464250, 0.287540, -1.000000, 0.397553, -1.000000, 0.290901, -1.000000, 0.311116, -1.000000
0.120000, 0.310000, 4.330000, 0.473562, 0.290253, -1.000000, 0.397364, -1.000000, 0.293406, -1.000000, 0.313779, -1.000000
0.120000, 0.320000, 4.320000, 0.482800, 0.292981, -1.000000, 0.397175, -1.000000, 0.295924, -1.000000, 0.316454, -1.000000
0.120000, 0.330000, 4.310000, 0.491962, 0.295724, -1.000000, 0.396986, -1.000000, 0.298454, -1.000000, 0.319141, -1.000000
0.120000, 0.340000, 4.300000, 0.501050, 0.298483, -1.000000, 0.396798, -1.000000, 0.300997, -1.000000, 0.321841, -1.000000
0.120000, 0.350000, 4.290000, 0.510062, 0.301255, -1.000000, 0.396609, -1.000000, 0.303551, -1.000000, 0.324552, -1.000000
0.120000, 0.360000, 4.280000, 0.519000, 0.304043, -1.000000, 0.396420, -1.000000, 0.306118, -1.000000, 0.327275, -1.000000
0.120000, 0.370000, 4.270000, 0.527862, 0.306845, -1.000000, 0.396231, -1.000000, 0.308697, -1.000000, 0.330010, -1.000000
0.120000, 0.380000, 4.260000, 0.536650, 0.309661, -1.000000, 0.396042, -1.000000, 0.311288, -1.000000, 0.332757, -1.000000
0.120000, 0.390000, 4.250000, 0.545362, 0.312491, -1.000000, 0.395853, -1.000000, 0.313891, -1.000000, 0.335515, -1.000000
0.120000, 0.400000, 4.240000, 0.554000, 0.315336, -1.000000, 0.395665, -1.000000, 0.316506, -1.000000, 0.338284, -1.000000
0.120000, 0.410000, 4.230000, 0.562562, 0.318194, -1.000000, 0.395476, -1.000000, 0.319132, -1.000000, 0.341064, -1.000000
0.120000, 0.420000, 4.220000, 0.571050, 0.321066, -1.000000, 0.395287, -1.000000, 0.321770, -1.000000, 0.343855, -1.000000
0.120000, 0.430000, 4.210000, 0.579462, 0.323952, -1.000000, 0.395099, -1.000000, 0.324419, -1.000000, 0.346657, -1.000000
0.120000, 0.440000, 4.200000, 0.587800, 0.326851, -1.000000, 0.394910, -1.000000, 0.327080, -1.000000, 0.349470, -1.000000
0.120000, 0.450000, 4.190000, 0.596062, 0.329764, -1.000000, 0.394721, -1.000000, 0.329751, -1.000000, 0.352293, -1.000000
0.120000, 0.460000, 4.180000, 0.604250, 0.332689, -1.000000, 0.394533, -1.000000, 0.332434, -1.000000, 0.355127, -1.000000
0.120000, 0.470000, 4.170000, 0.612362, 0.335628, -1.000000, 0.394344, -1.000000, 0.335128, -1.000000, 0.357971, -1.000000
0.120000, 0.480000, 4.160000, 0.620400, 0.338579, -1.000000, 0.394156, -1.000000, 0.337832, -1.000000, 0.360824, -1.000000
0.120000, 0.490000, 4.150000, 0.628362, 0.341543, -1.000000, 0.393967, -1.000000, 0.340547, -1.000000, 0.363688, -1.000000
0.120000, 0.500000, 4.140000, 0.636250, 0.344520, -1.000000, 0.393779, -1.000000, 0.343273, -1.000000, 0.366561, -1.000000
0.120000, 0.510000, 4.130000, 0.644062, 0.347509, -1.000000, 0.393590, -1.000000, 0.344528, -1.000000, 0.369444, -1.000000
0.120000, 0.520000, 4.120000, 0.651800, 0.350509, -1.000000, 0.393402, -1.000000, 0.345439, -1.000000, 0.372337, -1.000000
0.120000, 0.530000, 4.110000, 0.659462, 0.352866, -1.000000, 0.393214, -1.000000, 0.346350, -1.000000, 0.375238, -1.000000
0.120000, 0.540000, 4.100000, 0.667050, 0.353079, -1.000000, 0.393025, -1.000000, 0.347263, -1.000000, 0.378148, -1.000000
0.120000, 0.550000, 4.090000, 0.674562, 0.353117, -1.000000, 0.392837, -1.000000, 0.348177, -1.000000, 0.381068, -1.000000
0.120000, 0.560000, 4.080000, 0.682000, 0.353154, -1.000000, 0.392649, -1.000000, 0.349091, -1.000000, 0.383995, -1.000000
0.120000, 0.570000, 4.070000, 0.689362, 0.353192, -1.000000, 0.392461, -1.000000, 0.350007, -1.000000, 0.386932, -1.000000
0.120000, 0.580000, 4.060000, 0.696650, 0.353229, -1.000000, 0.392273, -1.000000, 0.350925, -1.000000, 0.389876, -1.000000
0.120000, 0.590000, 4.050000, 0.703862, 0.353267, -1.000000, 0.392084, -1.000000, 0.351843, -1.000000, 0.390860, -1.000000
0.120000, 0.600000, 4.040000, 0.711000, 0.353305, -1.000000, 0.391896, -1.000000, 0.352762, -1.000000, 0.390857, -1.000000
0.120000, 0.610000, 4.030000, 0.718062, 0.353342, -1.000000, 0.391708, -1.000000, 0.353682, -1.000000, 0.390853, -1.000000
0.120000, 0.620000, 4.020000, 0.725050, 0.353380, -1.000000, 0.391520, -1.000000, 0.354604, -1.000000, 0.390849, -1.000000
0.120000, 0.630000, 4.010000, 0.731962, 0.353418, -1.000000, 0.391332, -1.000000, 0.355598, -1.000000, 0.390846, -1.000000
0.120000, 0.640000, 4.000000, 0.738800, 0.353455, -1.000000, 0.391144, -1.000000, 0.356691, -1.000000, 0.390842, -1.000000
0.120000, 0.650000, 3.990000, 0.745562, 0.353493, -1.000000, 0.390956, -1.000000, 0.357786, -1.000000, 0.390838, -1.000000
0.120000, 0.660000, 3.980000, 0.752250, 0.353530, -1.000000, 0.390768, -1.000000, 0.358882, -1.000000, 0.390835, -1.000000
0.120000, 0.670000, 3.970000, 0.758862, 0.353568, -1.000000, 0.390580, -1.000000, 0.359980, -1.000000, 0.390831, -1.000000
0.120000, 0.680000, 3.960001, 0.765400, 0.353606, -1.000000, 0.390393, -1.000000, 0.361079, -1.000000, 0.390827, -1.000000
0.120000, 0.690000, 3.950000, 0.771862, 0.353643, -1.000000, 0.390205, -1.000000, 0.362180, -1.000000, 0.390823, -1.000000
0.120000, 0.700000, 3.940001, 0.778250, 0.353681, -1.000000, 0.390017, -1.000000, 0.363282, -1.000000, 0.390820, -1.000000
0.120000, 0.710000, 3.930000, 0.784562, 0.353719, -1.000000, 0.389829, -1.000000, 0.364385, -1.000000, 0.390816, -1.000000
0.120000, 0.720000, 3.920001, 0.790800, 0.353756, -1.000000, 0.389642, -1.000000, 0.365490, -1.000000, 0.390812, -1.000000
0.120000, 0.730000, 3.910000, 0.796962, 0.353794, -1.000000, 0.389454, -1.000000, 0.366596, -1.000000, 0.390809, -1.000000
0.120000, 0.740000, 3.900001, 0.803050, 0.353832, -1.000000, 0.389266, -1.000000, 0.367704, -1.000000, 0.390805, -1.000000
0.120000, 0.750000, 3.890000, 0.809062, 0.353869, -1.000000, 0.389079, -1.000000, 0.368813, -1.000000, 0.390801, -1.000000
0.120000, 0.760000, 3.880001, 0.815000, 0.353907, -1.000000, 0.388891, -1.000000, 0.369924, -1.000000, 0.390798, -1.000000
0.120000, 0.770000, 3.870000, 0.820862, 0.353945, -1.000000, 0.388703, -1.000000, 0.369954, -1.000000, 0.390794, -1.000000
0.120000, 0.780000, 3.860001, 0.826650, 0.353982, -1.000000, 0.388516, -1.000000, 0.369819, -1.000000, 0.390790, -1.000000
0.120000, 0.790000, 3.850000, 0.832362, 0.354020, -1.000000, 0.388328, -1.000000, 0.369685, -1.000000, 0.390786, -1.000000
0.120000, 0.800000, 3.840001, 0.838000, 0.354057, -1.000000, 0.388141, -1.000000, 0.369551, -1.000000, 0.390783, -1.000000
0.120000, 0.810000, 3.830000, 0.843562, 0.354095, -1.000000, 0.387953, -1.000000, 0.369416, -1.000000, 0.390779, -1.000000
0.120000, 0.820000, 3.820001, 0.849050, 0.354133, -1.000000, 0.387766, -1.000000, 0.369282, -1.000000, 0.390775, -1.000000
0.120000, 0.830000, 3.810000, 0.854462, 0.354170, -1.000000, 0.387579, -1.000000, 0.369147, -1.000000, 0.390772, -1.000000
0.120000, 0.839999, 3.800001, 0.859800, 0.354208, -1.000000, 0.387391, -1.000000, 0.369013, -1.000000, 0.390768, -1.000000
0.120000, 0.849999, 3.790000, 0.865062, 0.354246, -1.000000, 0.387204, -1.000000, 0.368878, -1.000000, 0.390764, -1.000000
0.120000, 0.859999, 3.780001, 0.870250, 0.354283, -1.000000, 0.387017, -1.000000, 0.368744, -1.000000, 0.390761, -1.000000
0.120000, 0.869999, 3.770000, 0.875362, 0.354321, -1.000000, 0.386830, -1.000000, 0.368610, -1.000000, 0.390757, -1.000000
0.120000, 0.879999, 3.760001, 0.880400, 0.354359, -1.000000, 0.386642, -1.000000, 0.368493, -1.000000, 0.390753, -1.000000
0.120000, 0.889999, 3.750000, 0.885362, 0.354397, -1.000000, 0.386455, -1.000000, 0.368410, -1.000000, 0.390749, -1.000000
0.120000, 0.899999, 3.740001, 0.890250, 0.354434, -1.000000, 0.386268, -1.000000, 0.368328, -1.000000, 0.390746, -1.000000
0.120000, 0.909999, 3.730000, 0.895062, 0.354472, -1.000000, 0.386081, -1.000000, 0.368245, -1.000000, 0.390742, -1.000000
0.120000, 0.919999, 3.720001, 0.899800, 0.354510, -1.000000, 0.385894, -1.000000, 0.368163, -1.000000, 0.390738, -1.000000
0.120000, 0.929999, 3.710001, 0.904462, 0.354547, -1.000000, 0.385707, -1.000000, 0.368080, -1.000000, 0.390735, -1.000000
0.120000, 0.939999, 3.700001, 0.909050, 0.354585, -1.000000, 0.385520, -1.000000, 0.367998, -1.000000, 0.390731, -1.000000
0.120000, 0.949999, 3.690001, 0.913562, 0.354623, -1.000000, 0.385333, -1.000000, 0.367915, -1.000000, 0.390727, -1.000000
0.120000, 0.959999, 3.680001, 0.918000, 0.354660, -1.000000, 0.385146, -1.000000, 0.367833, -1.000000, 0.390724, -1.000000
0.120000, 0.969999, 3.670001, 0.922362, 0.354698, -1.000000, 0.384959, -1.000000, 0.367751, -1.000000, 0.390720, -1.000000
0.120000, 0.979999, 3.660001, 0.926650, 0.354736, -1.000000, 0.384772, -1.000000, 0.367668, -1.000000, 0.390716, -1.000000
0.120000, 0.989999, 3.650001, 0.930862, 0.354773, -1.000000, 0.384585, -1.000000, 0.367586, -1.000000, 0.390712, -1.000000
0.120000, 0.999999, 3.640001, 0.935000, 0.354811, -1.000000, 0.384399, -1.000000, 0.367503, -1.000000, 0.390709, -1.000000
0.130000, 0.000000, 4.610000, 0.150000, 0.215040, 0.732989, 0.403348, 0.995393, 0.226048, 0.804352, 0.239962, 0.981303
0.130000, 0.010000, 4.600000, 0.161488, 0.216433, -1.000000, 0.403158, -1.000000, 0.227845, -1.000000, 0.242024, -1.000000
0.130000, 0.020000, 4.590000, 0.172900, 0.217968, -1.000000, 0.402968, -1.000000, 0.229652, -1.000000, 0.244098, -1.000000
0.130000, 0.030000, 4.580000, 0.184238, 0.220128, -1.000000, 0.402778, -1.000000, 0.231470, -1.000000, 0.246184, -1.000000
0.130000, 0.040000, 4.570000, 0.195500, 0.222404, -1.000000, 0.402588, -1.000000, 0.233297, -1.000000, 0.248282, -1.000000
0.130000, 0.050000, 4.560000, 0.206688, 0.224696, -1.000000, 0.402399, -1.000000, 0.235135, -1.000000, 0.250391, -1.000000
0.130000, 0.060000, 4.550000, 0.217800, 0.227005, -1.000000, 0.402209, -1.000000, 0.236982, -1.000000, 0.252513, -1.000000
0.130000, 0.070000, 4.540000, 0.228838, 0.229331, -1.000000, 0.402019, -1.000000, 0.238839, -1.000000, 0.254647, -1.000000
0.130000, 0.080000, 4.530000, 0.239800, 0.231674, -1.000000, 0.401829, -1.000000, 0.240707, -1.000000, 0.256792, -1.000000
0.130000, 0.090000, 4.520000, 0.250688, 0.234033, -1.000000, 0.401640, -1.000000, 0.242584, -1.000000, 0.258950, -1.000000
0.130000, 0.100000, 4.510000, 0.261500, 0.236409, -1.000000, 0.401450, -1.000000, 0.244471, -1.000000, 0.261119, -1.000000
0.130000, 0.110000, 4.500000, 0.272238, 0.238802, -1.000000, 0.401260, -1.000000, 0.246368, -1.000000, 0.263299, -1.000000
0.130000, 0.120000, 4.490000, 0.282900, 0.241211, -1.000000, 0.401071, -1.000000, 0.248275, -1.000000, 0.265492, -1.000000
0.130000, 0.130000, 4.480000, 0.293487, 0.243636, -1.000000, 0.400881, -1.000000, 0.250192, -1.000000, 0.267696, -1.000000
0.130000, 0.140000, 4.470000, 0.304000, 0.246078, -1.000000, 0.400692, -1.000000, 0.252177, -1.000000, 0.269911, -1.000000
0.130000, 0.150000, 4.460000, 0.314438, 0.248537, -1.000000, 0.400502, -1.000000, 0.254468, -1.000000, 0.272138, -1.000000
0.130000, 0.160000, 4.450000, 0.324800, 0.251012, -1.000000, 0.400313, -1.000000, 0.256773, -1.000000, 0.274652, -1.000000
0.130000, 0.170000, 4.440000, 0.335088, 0.253503, -1.000000, 0.400123, -1.000000, 0.259092, -1.000000, 0.277265, -1.000000
0.130000, 0.180000, 4.430000, 0.345300, 0.256010, -1.000000, 0.399934, -1.000000, 0.261424, -1.000000, 0.279892, -1.000000
0.130000, 0.190000, 4.420000, 0.355438, 0.258534, -1.000000, 0.399744, -1.000000, 0.263769, -1.000000, 0.282535, -1.000000
0.130000, 0.200000, 4.410000, 0.365500, 0.261074, -1.000000, 0.399555, -1.000000, 0.266128, -1.000000, 0.285193, -1.000000
0.130000, 0.210000, 4.400000, 0.375488, 0.263630, -1.000000, 0.399365, -1.000000, 0.268501, -1.000000, 0.287866, -1.000000
0.130000, 0.220000, 4.390000, 0.385400, 0.266202, -1.000000, 0.399176, -1.000000, 0.270887, -1.000000, 0.290554, -1.000000
0.130000, 0.230000, 4.380000, 0.395238, 0.268790, -1.000000, 0.398987, -1.000000, 0.273286, -1.000000, 0.293256, -1.000000
0.130000, 0.240000, 4.370000, 0.405000, 0.271393, -1.000000, 0.398798, -1.000000, 0.275698, -1.000000, 0.295873, -1.000000
0.130000, 0.250000, 4.360000, 0.414688, 0.274013, -1.000000, 0.398608, -1.000000, 0.278124, -1.000000, 0.298462, -1.000000
0.130000, 0.260000, 4.350000, 0.424300, 0.276648, -1.000000, 0.398419, -1.000000, 0.280562, -1.000000, 0.301064, -1.000000
0.130000, 0.270000, 4.340000, 0.433838, 0.279299, -1.000000, 0.398230, -1.000000, 0.283014, -1.000000, 0.303679, -1.000000
0.130000, 0.280000, 4.330000, 0.443300, 0.281965, -1.000000, 0.398041, -1.000000, 0.285478, -1.000000, 0.306306, -1.000000
0.130000, 0.290000, 4.320000, 0.452688, 0.284647, -1.000000, 0.397852, -1.000000, 0.287956, -1.000000, 0.308947, -1.000000
0.130000, 0.300000, 4.310000, 0.462000, 0.287344, -1.000000, 0.397663, -1.000000, 0.290446, -1.000000, 0.311599, -1.000000
0.130000, 0.310000, 4.300000, 0.471238, 0.290056, -1.000000, 0.397474, -1.000000, 0.292948, -1.000000, 0.314264, -1.000000
0.130000, 0.320000, 4.290000, 0.480400, 0.292783, -1.000000, 0.397285, -1.000000, 0.295464, -1.000000, 0.316942, -1.000000
0.130000, 0.330000, 4.280000, 0.489487, 0.295525, -1.000000, 0.397096, -1.000000, 0.297992, -1.000000, 0.319631, -1.000000
0.130000, 0.340000, 4.270000, 0.498500, 0.298282, -1.000000, 0.396907, -1.000000, 0.300532, -1.000000, 0.322333, -1.000000
0.130000, 0.350000, 4.260000, 0.507437, 0.301054, -1.000000, 0.396718, -1.000000, 0.303084, -1.000000, 0.325047, -1.000000
0.130000, 0.360000, 4.250000, 0.516300, 0.303840, -1.000000, 0.396529, -1.000000, 0.305649, -1.000000, 0.327772, -1.000000
0.130000, 0.370000, 4.240000, 0.525087, 0.306641, -1.000000, 0.396340, -1.000000, 0.308226, -1.000000, 0.330509, -1.000000
0.130000, 0.380000, 4.230000, 0.533800, 0.309457, -1.000000, 0.396151, -1.000000, 0.310815, -1.000000, 0.333257, -1.000000
0.130000, 0.390000, 4.220000, 0.542437, 0.312286, -1.000000, 0.395963, -1.000000, 0.313415, -1.000000, 0.336017, -1.000000
0.130000, 0.400000, 4.210000, 0.551000, 0.315129, -1.000000, 0.395774, -1.000000, 0.316028, -1.000000, 0.338789, -1.000000
0.130000, 0.410000, 4.200000, 0.559487, 0.317987, -1.000000, 0.395585, -1.000000, 0.318652, -1.000000, 0.341571, -1.000000
0.130000, 0.420000, 4.190000, 0.567900, 0.320858, -1.000000, 0.395396, -1.000000, 0.321288, -1.000000, 0.344364, -1.000000
0.130000, 0.430000, 4.180000, 0.576237, 0.323743, -1.000000, 0.395208, -1.000000, 0.323935, -1.000000, 0.347168, -1.000000
0.130000, 0.440000, 4.170000, 0.584500, 0.326641, -1.000000, 0.395019, -1.000000, 0.326594, -1.000000, 0.349983, -1.000000
0.130000, 0.450000, 4.160000, 0.592687, 0.329553, -1.000000, 0.394830, -1.000000, 0.329263, -1.000000, 0.352808, -1.000000
0.130000, 0.460000, 4.150000, 0.600800, 0.332477, -1.000000, 0.394642, -1.000000, 0.331944, -1.000000, 0.355643, -1.000000
0.130000, 0.470000, 4.140000, 0.608837, 0.335415, -1.000000, 0.394453, -1.000000, 0.334636, -1.000000, 0.358489, -1.000000
0.130000, 0.480000, 4.130000, 0.616800, 0.338365, -1.000000, 0.394265, -1.000000, 0.337338, -1.000000, 0.361344, -1.000000
0.130000, 0.490000, 4.120000, 0.624687, 0.341328, -1.000000, 0.394076, -1.000000, 0.340051, -1.000000, 0.364210, -1.000000
0.130000, 0.500000, 4.110000, 0.632500, 0.344304, -1.000000, 0.393888, -1.000000, 0.342775, -1.000000, 0.367085, -1.000000
0.130000, 0.510000, 4.100000, 0.640237, 0.347292, -1.000000, 0.393699, -1.000000, 0.344828, -1.000000, 0.369970, -1.000000
0.130000, 0.520000, 4.090000, 0.647900, 0.350292, -1.000000, 0.393511, -1.000000, 0.345739, -1.000000, 0.372864, -1.000000
0.130000, 0.530000, 4.080000, 0.655487, 0.352560, -1.000000, 0.393323, -1.000000, 0.346651, -1.000000, 0.375767, -1.000000
0.130000, 0.540000, 4.070000, 0.663000, 0.353060, -1.000000, 0.393134, -1.000000, 0.347564, -1.000000, 0.378679, -1.000000
0.130000, 0.550000, 4.060000, 0.670437, 0.353098, -1.000000, 0.392946, -1.000000, 0.348478, -1.000000, 0.381599, -1.000000
0.130000, 0.560000, 4.050000, 0.677800, 0.353135, -1.000000, 0.392758, -1.000000, 0.349393, -1.000000, 0.384529, -1.000000
0.130000, 0.570000, 4.040000, 0.685087, 0.353173, -1.000000, 0.392570, -1.000000, 0.350310, -1.000000, 0.387467, -1.000000
0.130000, 0.580000, 4.030000, 0.692300, 0.353211, -1.000000, 0.392381, -1.000000, 0.351227, -1.000000, 0.390413, -1.000000
0.130000, 0.590000, 4.020000, 0.699437, 0.353248, -1.000000, 0.392193, -1.000000, 0.352146, -1.000000, 0.390878, -1.000000
0.130000, 0.600000, 4.010000, 0.706500, 0.353286, -1.000000, 0.392005, -1.000000, 0.353065, -1.000000, 0.390875, -1.000000
0.130000, 0.610000, 4.000000, 0.713487, 0.353323, -1.000000, 0.391817, -1.000000, 0.354030, -1.000000, 0.390871, -1.000000
0.130000, 0.620000, 3.990000, 0.720400, 0.353361, -1.000000, 0.391629, -1.000000, 0.355121, -1.000000, 0.390867, -1.000000
0.130000, 0.630000, 3.980000, 0.727237, 0.353399, -1.000000, 0.391441, -1.000000, 0.356214, -1.000000, 0.390864, -1.000000
0.130000, 0.640000, 3.970000, 0.734000, 0.353436, -1.000000, 0.391253, -1.000000, 0.357308, -1.000000, 0.390860, -1.000000
0.130000, 0.650000, 3.960000, 0.740687, 0.353474, -1.000000, 0.391065, -1.000000, 0.358404, -1.000000, 0.390856, -1.000000
0.130000, 0.660000, 3.950000, 0.747300, 0.353512, -1.000000, 0.390877, -1.000000, 0.359501, -1.000000, 0.390852, -1.000000
0.130000, 0.670000, 3.940000, 0.753837, 0.353549, -1.000000, 0.390689, -1.000000, 0.360599, -1.000000, 0.390849, -1.000000
0.130000, 0.680000, 3.930000, 0.760300, 0.353587, -1.000000, 0.390501, -1.000000, 0.361699, -1.000000, 0.390845, -1.000000
0.130000, 0.690000, 3.920000, 0.766687, 0.353625, -1.000000, 0.390313, -1.000000, 0.362801, -1.000000, 0.390841, -1.000000
0.130000, 0.700000, 3.910000, 0.773000, 0.353662, -1.000000, 0.390126, -1.000000, 0.363904, -1.000000, 0.390838, -1.000000
0.130000, 0.710000, 3.900000, 0.779237, 0.353700, -1.000000, 0.389938, -1.000000, 0.365008, -1.000000, 0.390834, -1.000000
0.130000, 0.720000, 3.890000, 0.785400, 0.353737, -1.000000, 0.389750, -1.000000, 0.366114, -1.000000, 0.390830, -1.000000
0.130000, 0.730000, 3.880000, 0.791487, 0.353775, -1.000000, 0.389562, -1.000000, 0.367221, -1.000000, 0.390827, -1.000000
0.130000, 0.740000, 3.870000, 0.797500, 0.353813, -1.000000, 0.389375, -1.000000, 0.368329, -1.000000, 0.390823, -1.000000
0.130000, 0.750000, 3.860000, 0.803437, 0.353850, -1.000000, 0.389187, -1.000000, 0.369439, -1.000000, 0.390819, -1.000000
0.130000, 0.760000, 3.850000, 0.809300, 0.353888, -1.000000, 0.388999, -1.000000, 0.370022, -1.000000, 0.390815, -1.000000
0.130000, 0.770000, 3.840000, 0.815087, 0.353926, -1.000000, 0.388812, -1.000000, 0.369887, -1.000000, 0.390812, -1.000000
0.130000, 0.780000, 3.830000, 0.820800, 0.353963, -1.000000, 0.388624, -1.000000, 0.369753, -1.000000, 0.390808, -1.000000
0.130000, 0.790000, 3.820000, 0.826437, 0.354001, -1.000000, 0.388437, -1.000000, 0.369618, -1.000000, 0.390804, -1.000000
0.130000, 0.800000, 3.810000, 0.832000, 0.354039, -1.000000, 0.388249, -1.000000, 0.369484, -1.000000, 0.390801, -1.000000
0.130000, 0.810000, 3.800000, 0.837487, 0.354076, -1.000000, 0.388062, -1.000000, 0.369349, -1.000000, 0.390797, -1.000000
0.130000, 0.820000, 3.790000, 0.842900, 0.354114, -1.000000, 0.387874, -1.000000, 0.369215, -1.000000, 0.390793, -1.000000
0.130000, 0.830000, 3.780000, 0.848237, 0.354152, -1.000000, 0.387687, -1.000000, 0.369081, -1.000000, 0.390790, -1.000000
0.130000, 0.839999, 3.770000, 0.853500, 0.354189, -1.000000, 0.387500, -1.000000, 0.368946, -1.000000, 0.390786, -1.000000
0.130000, 0.849999, 3.760000, 0.858687, 0.354227, -1.000000, 0.387312, -1.000000, 0.368812, -1.000000, 0.390782, -1.000000
0.130000, 0.859999, 3.750000, 0.863800, 0.354265, -1.000000, 0.387125, -1.000000, 0.368677, -1.000000, 0.390778, -1.000000
0.130000, 0.869999, 3.740000, 0.868837, 0.354302, -1.000000, 0.386938, -1.000000, 0.368543, -1.000000, 0.390775, -1.000000
0.130000, 0.879999, 3.730000, 0.873800, 0.354340, -1.000000, 0.386751, -1.000000, 0.368446, -1.000000, 0.390771, -1.000000
0.130000, 0.889999, 3.720001, 0.878687, 0.354378, -1.000000, 0.386563, -1.000000, 0.368364, -1.000000, 0.390767, -1.000000
0.130000, 0.899999, 3.710001, 0.883500, 0.354415, -1.000000, 0.386376, -1.000000, 0.368282, -1.000000, 0.390764, -1.000000
0.130000, 0.909999, 3.700001, 0.888237, 0.354453, -1.000000, 0.386189, -1.000000, 0.368199, -1.000000, 0.390760, -1.000000
0.130000, 0.919999, 3.690001, 0.892900, 0.354491, -1.000000, 0.386002, -1.000000, 0.368117, -1.000000, 0.390756, -1.000000
0.130000, 0.929999, 3.680001, 0.897487, 0.354528, -1.000000, 0.385815, -1.000000, 0.368034, -1.000000, 0.390752, -1.000000
0.130000, 0.939999, 3.670001, 0.902000, 0.354566, -1.000000, 0.385628, -1.000000, 0.367952, -1.000000, 0.390749, -1.000000
0.130000, 0.949999, 3.660001, 0.906437, 0.354604, -1.000000, 0.385441, -1.000000, 0.367869, -1.000000, 0.390745, -1.000000
0.130000, 0.959999, 3.650001, 0.910800, 0.354641, -1.000000, 0.385254, -1.000000, 0.367787, -1.000000, 0.390741, -1.000000
0.130000, 0.969999, 3.640001, 0.915087, 0.354679, -1.000000, 0.385067, -1.000000, 0.367704, -1.000000, 0.390738, -1.000000
0.130000, 0.979999, 3.630001, 0.919300, 0.354717, -1.000000, 0.384880, -1.000000, 0.367622, -1.000000, 0.390734, -1.000000
0.130000, 0.989999, 3.620001, 0.923437, 0.354754, -1.000000, 0.384694, -1.000000, 0.367540, -1.000000, 0.390730, -1.000000
0.130000, 0.999999, 3.610001, 0.927500, 0.354792, -1.000000, 0.384507, -1.000000, 0.367457, -1.000000, 0.390727, -1.000000
0.140000, 0.000000, 4.580000, 0.150000, 0.214829, 0.732987, 0.403458, 0.995408, 0.225399, 0.804418, 0.239855, 0.981598
0.140000, 0.010000, 4.570000, 0.161413, 0.216221, -1.000000, 0.403268, -1.000000, 0.227192, -1.000000, 0.241916, -1.000000
0.140000, 0.020000, 4.560000, 0.172750, 0.217770, -1.000000, 0.403078, -1.000000, 0.228996, -1.000000, 0.243989, -1.000000
0.140000, 0.030000, 4.550000, 0.184013, 0.219964, -1.000000, 0.402888, -1.000000, 0.230810, -1.000000, 0.246075, -1.000000
0.140000, 0.040000, 4.540000, 0.195200, 0.222238, -1.000000, 0.402698, -1.000000, 0.232634, -1.000000, 0.248172, -1.000000
0.140000, 0.050000, 4.530000, 0.206313, 0.224530, -1.000000, 0.402508, -1.000000, 0.234467, -1.000000, 0.250281, -1.000000
0.140000, 0.060000, 4.520000, 0.217350, 0.226838, -1.000000, 0.402319, -1.000000, 0.236311, -1.000000, 0.252402, -1.000000
0.140000, 0.070000, 4.510000, 0.228313, 0.229162, -1.000000, 0.402129, -1.000000, 0.238165, -1.000000, 0.254535, -1.000000
0.140000, 0.080000, 4.500000, 0.239200, 0.231504, -1.000000, 0.401939, -1.000000, 0.240029, -1.000000, 0.256680, -1.000000
0.140000, 0.090000, 4.490000, 0.250013, 0.233862, -1.000000, 0.401749, -1.000000, 0.241902, -1.000000, 0.258837, -1.000000
0.140000, 0.100000, 4.480000, 0.260750, 0.236237, -1.000000, 0.401560, -1.000000, 0.243786, -1.000000, 0.261005, -1.000000
0.140000, 0.110000, 4.470000, 0.271412, 0.238628, -1.000000, 0.401370, -1.000000, 0.245679, -1.000000, 0.263185, -1.000000
0.140000, 0.120000, 4.460000, 0.282000, 0.241036, -1.000000, 0.401180, -1.000000, 0.247583, -1.000000, 0.265377, -1.000000
0.140000, 0.130000, 4.450000, 0.292513, 0.243460, -1.000000, 0.400991, -1.000000, 0.249496, -1.000000, 0.267581, -1.000000
0.140000, 0.140000, 4.440000, 0.302950, 0.245901, -1.000000, 0.400801, -1.000000, 0.251760, -1.000000, 0.269796, -1.000000
0.140000, 0.150000, 4.430000, 0.313313, 0.248358, -1.000000, 0.400612, -1.000000, 0.254049, -1.000000, 0.272090, -1.000000
0.140000, 0.160000, 4.420000, 0.323600, 0.250832, -1.000000, 0.400422, -1.000000, 0.256352, -1.000000, 0.274687, -1.000000
0.140000, 0.170000, 4.410000, 0.333813, 0.253322, -1.000000, 0.400233, -1.000000, 0.258668, -1.000000, 0.277300, -1.000000
0.140000, 0.180000, 4.400000, 0.343950, 0.255828, -1.000000, 0.400043, -1.000000, 0.260997, -1.000000, 0.279928, -1.000000
0.140000, 0.190000, 4.390000, 0.354013, 0.258351, -1.000000, 0.399854, -1.000000, 0.263340, -1.000000, 0.282571, -1.000000
0.140000, 0.200000, 4.380000, 0.364000, 0.260890, -1.000000, 0.399664, -1.000000, 0.265697, -1.000000, 0.285229, -1.000000
0.140000, 0.210000, 4.370000, 0.373913, 0.263444, -1.000000, 0.399475, -1.000000, 0.268067, -1.000000, 0.287902, -1.000000
0.140000, 0.220000, 4.360000, 0.383750, 0.266015, -1.000000, 0.399286, -1.000000, 0.270451, -1.000000, 0.290590, -1.000000
0.140000, 0.230000, 4.350000, 0.393513, 0.268602, -1.000000, 0.399096, -1.000000, 0.272847, -1.000000, 0.293293, -1.000000
0.140000, 0.240000, 4.340000, 0.403200, 0.271204, -1.000000, 0.398907, -1.000000, 0.275257, -1.000000, 0.296010, -1.000000
0.140000, 0.250000, 4.330000, 0.412813, 0.273823, -1.000000, 0.398718, -1.000000, 0.277680, -1.000000, 0.298742, -1.000000
0.140000, 0.260000, 4.320000, 0.422350, 0.276457, -1.000000, 0.398529, -1.000000, 0.280116, -1.000000, 0.301488, -1.000000
0.140000, 0.270000, 4.310000, 0.431813, 0.279106, -1.000000, 0.398339, -1.000000, 0.282566, -1.000000, 0.304156, -1.000000
0.140000, 0.280000, 4.300000, 0.441200, 0.281772, -1.000000, 0.398150, -1.000000, 0.285028, -1.000000, 0.306786, -1.000000
0.140000, 0.290000, 4.290000, 0.450513, 0.284452, -1.000000, 0.397961, -1.000000, 0.287503, -1.000000, 0.309428, -1.000000
0.140000, 0.300000, 4.280000, 0.459750, 0.287148, -1.000000, 0.397772, -1.000000, 0.289990, -1.000000, 0.312083, -1.000000
0.140000, 0.310000, 4.270000, 0.468912, 0.289859, -1.000000, 0.397583, -1.000000, 0.292491, -1.000000, 0.314750, -1.000000
0.140000, 0.320000, 4.260000, 0.478000, 0.292585, -1.000000, 0.397394, -1.000000, 0.295004, -1.000000, 0.317430, -1.000000
0.140000, 0.330000, 4.250000, 0.487012, 0.295326, -1.000000, 0.397205, -1.000000, 0.297529, -1.000000, 0.320122, -1.000000
0.140000, 0.340000, 4.240000, 0.495950, 0.298082, -1.000000, 0.397016, -1.000000, 0.300067, -1.000000, 0.322826, -1.000000
0.140000, 0.350000, 4.230000, 0.504812, 0.300853, -1.000000, 0.396827, -1.000000, 0.302618, -1.000000, 0.325541, -1.000000
0.140000, 0.360000, 4.220000, 0.513600, 0.303638, -1.000000, 0.396638, -1.000000, 0.305180, -1.000000, 0.328269, -1.000000
0.140000, 0.370000, 4.210000, 0.522312, 0.306438, -1.000000, 0.396449, -1.000000, 0.307755, -1.000000, 0.331008, -1.000000
0.140000, 0.380000, 4.200000, 0.530950, 0.309252, -1.000000, 0.396261, -1.000000, 0.310341, -1.000000, 0.333759, -1.000000
0.140000, 0.390000, 4.190000, 0.539512, 0.312081, -1.000000, 0.396072, -1.000000, 0.312940, -1.000000, 0.336520, -1.000000
0.140000, 0.400000, 4.180000, 0.548000, 0.314923, -1.000000, 0.395883, -1.000000, 0.315550, -1.000000, 0.339294, -1.000000
0.140000, 0.410000, 4.170000, 0.556412, 0.317780, -1.000000, 0.395694, -1.000000, 0.318173, -1.000000, 0.342078, -1.000000
0.140000, 0.420000, 4.160000, 0.564750, 0.320650, -1.000000, 0.395505, -1.000000, 0.320806, -1.000000, 0.344873, -1.000000
0.140000, 0.430000, 4.150000, 0.573012, 0.323533, -1.000000, 0.395317, -1.000000, 0.323451, -1.000000, 0.347679, -1.000000
0.140000, 0.440000, 4.140000, 0.581200, 0.326431, -1.000000, 0.395128, -1.000000, 0.326108, -1.000000, 0.350496, -1.000000
0.140000, 0.450000, 4.130000, 0.589312, 0.329341, -1.000000, 0.394939, -1.000000, 0.328775, -1.000000, 0.353323, -1.000000
0.140000, 0.460000, 4.120000, 0.597350, 0.332265, -1.000000, 0.394751, -1.000000, 0.331454, -1.000000, 0.356160, -1.000000
0.140000, 0.470000, 4.110000, 0.605312, 0.335202, -1.000000, 0.394562, -1.000000, 0.334144, -1.000000, 0.359007, -1.000000
0.140000, 0.480000, 4.100000, 0.613200, 0.338151, -1.000000, 0.394374, -1.000000, 0.336844, -1.000000, 0.361865, -1.000000
0.140000, 0.490000, 4.090000, 0.621012, 0.341113, -1.000000, 0.394185, -1.000000, 0.339556, -1.000000, 0.364732, -1.000000
0.140000, 0.500000, 4.080000, 0.628750, 0.344088, -1.000000, 0.393997, -1.000000, 0.342277, -1.000000, 0.367609, -1.000000
0.140000, 0.510000, 4.070000, 0.636412, 0.347075, -1.000000, 0.393808, -1.000000, 0.345010, -1.000000, 0.370495, -1.000000
0.140000, 0.520000, 4.060000, 0.644000, 0.350074, -1.000000, 0.393620, -1.000000, 0.346039, -1.000000, 0.373391, -1.000000
0.140000, 0.530000, 4.050000, 0.651512, 0.352254, -1.000000, 0.393432, -1.000000, 0.346952, -1.000000, 0.376296, -1.000000
0.140000, 0.540000, 4.040000, 0.658950, 0.353041, -1.000000, 0.393243, -1.000000, 0.347865, -1.000000, 0.379209, -1.000000
0.140000, 0.550000, 4.030000, 0.666312, 0.353079, -1.000000, 0.393055, -1.000000, 0.348779, -1.000000, 0.382132, -1.000000
0.140000, 0.560000, 4.020000, 0.673600, 0.353117, -1.000000, 0.392867, -1.000000, 0.349695, -1.000000, 0.385063, -1.000000
0.140000, 0.570000, 4.010000, 0.680812, 0.353154, -1.000000, 0.392678, -1.000000, 0.350612, -1.000000, 0.388002, -1.000000
0.140000, 0.580000, 4.000000, 0.687950, 0.353192, -1.000000, 0.392490, -1.000000, 0.351530, -1.000000, 0.390900, -1.000000
0.140000, 0.590000, 3.990000, 0.695012, 0.353229, -1.000000, 0.392302, -1.000000, 0.352466, -1.000000, 0.390896, -1.000000
0.140000, 0.600000, 3.980000, 0.702000, 0.353267, -1.000000, 0.392114, -1.000000, 0.353555, -1.000000, 0.390893, -1.000000
0.140000, 0.610000, 3.970000, 0.708912, 0.353305, -1.000000, 0.391926, -1.000000, 0.354645, -1.000000, 0.390889, -1.000000
0.140000, 0.620000, 3.960000, 0.715750, 0.353342, -1.000000, 0.391738, -1.000000, 0.355737, -1.000000, 0.390885, -1.000000
0.140000, 0.630000, 3.950000, 0.722512, 0.353380, -1.000000, 0.391550, -1.000000, 0.356831, -1.000000, 0.390881, -1.000000
0.140000, 0.640000, 3.940000, 0.729200, 0.353418, -1.000000, 0.391362, -1.000000, 0.357926, -1.000000, 0.390878, -1.000000
0.140000, 0.650000, 3.930000, 0.735812, 0.353455, -1.000000, 0.391174, -1.000000, 0.359022, -1.000000, 0.390874, -1.000000
0.140000, 0.660000, 3.920000, 0.742350, 0.353493, -1.000000, 0.390986, -1.000000, 0.360120, -1.000000, 0.390870, -1.000000
0.140000, 0.670000, 3.910000, 0.748812, 0.353530, -1.000000, 0.390798, -1.000000, 0.361219, -1.000000, 0.390867, -1.000000
0.140000, 0.680000, 3.900000, 0.755200, 0.353568, -1.000000, 0.390610, -1.000000, 0.362320, -1.000000, 0.390863, -1.000000
0.140000, 0.690000, 3.890000, 0.761512, 0.353606, -1.000000, 0.390422, -1.000000, 0.363422, -1.000000, 0.390859, -1.000000
0.140000, 0.700000, 3.880000, 0.767750, 0.353643, -1.000000, 0.390234, -1.000000, 0.364526, -1.000000, 0.390855, -1.000000
0.140000, 0.710000, 3.870000, 0.773912, 0.353681, -1.000000, 0.390046, -1.000000, 0.365631, -1.000000, 0.390852, -1.000000
0.140000, 0.720000, 3.860000, 0.780000, 0.353719, -1.000000, 0.389859, -1.000000, 0.366738, -1.000000, 0.390848, -1.000000
0.140000, 0.730000, 3.850000, 0.786012, 0.353756, -1.000000, 0.389671, -1.000000, 0.367846, -1.000000, 0.390844, -1.000000
0.140000, 0.740000, 3.840000, 0.791950, 0.353794, -1.000000, 0.389483, -1.000000, 0.368955, -1.000000, 0.390841, -1.000000
0.140000, 0.750000, 3.830000, 0.797812, 0.353832, -1.000000, 0.389296, -1.000000, 0.370066, -1.000000, 0.390837, -1.000000
0.140000, 0.760000, 3.820000, 0.803600, 0.353869, -1.000000, 0.389108, -1.000000, 0.369955, -1.000000, 0.390833, -1.000000
0.140000, 0.770000, 3.810000, 0.809312, 0.353907, -1.000000, 0.388920, -1.000000, 0.369820, -1.000000, 0.390830, -1.000000
0.140000, 0.780000, 3.800000, 0.814950, 0.353944, -1.000000, 0.388733, -1.000000, 0.369686, -1.000000, 0.390826, -1.000000
0.140000, 0.790000, 3.790000, 0.820512, 0.353982, -1.000000, 0.388545, -1.000000, 0.369551, -1.000000, 0.390822, -1.000000
0.140000, 0.800000, 3.780000, 0.826000, 0.354020, -1.000000, 0.388358, -1.000000, 0.369417, -1.000000, 0.390819, -1.000000
0.140000, 0.810000, 3.770000, 0.831412, 0.354057, -1.000000, 0.388170, -1.000000, 0.369283, -1.000000, 0.390815, -1.000000
0.140000, 0.820000, 3.760000, 0.836750, 0.354095, -1.000000, 0.387983, -1.000000, 0.369148, -1.000000, 0.390811, -1.000000
0.140000, 0.830000, 3.750000, 0.842012, 0.354133, -1.000000, 0.387795, -1.000000, 0.369014, -1.000000, 0.390807, -1.000000
0.140000, 0.839999, 3.740000, 0.847200, 0.354170, -1.000000, 0.387608, -1.000000, 0.368879, -1.000000, 0.390804, -1.000000
0.140000, 0.849999, 3.730000, 0.852312, 0.354208, -1.000000, 0.387421, -1.000000, 0.368745, -1.000000, 0.390800, -1.000000
0.140000, 0.859999, 3.720001, 0.857350, 0.354246, -1.000000, 0.387233, -1.000000, 0.368611, -1.000000, 0.390796, -1.000000
0.140000, 0.869999, 3.710001, 0.862312, 0.354283, -1.000000, 0.387046, -1.000000, 0.368483, -1.000000, 0.390793, -1.000000
0.140000, 0.879999, 3.700001, 0.867200, 0.354321, -1.000000, 0.386859, -1.000000, 0.368400, -1.000000, 0.390789, -1.000000
0.140000, 0.889999, 3.690001, 0.872012, 0.354359, -1.000000, 0.386672, -1.000000, 0.368318, -1.000000, 0.390785, -1.000000
0.140000, 0.899999, 3.680001, 0.876750, 0.354396, -1.000000, 0.386485, -1.000000, 0.368235, -1.000000, 0.390781, -1.000000
0.140000, 0.909999, 3.670001, 0.881412, 0.354434, -1.000000, 0.386297, -1.000000, 0.368153, -1.000000, 0.390778, -1.000000
0.140000, 0.919999, 3.660001, 0.886000, 0.354472, -1.000000, 0.386110, -1.000000, 0.368070, -1.000000, 0.390774, -1.000000
0.140000, 0.929999, 3.650001, 0.890512, 0.354509, -1.000000, 0.385923, -1.000000, 0.367988, -1.000000, 0.390770, -1.000000
0.140000, 0.939999, 3.640001, 0.894950, 0.354547, -1.000000, 0.385736, -1.000000, 0.367905, -1.000000, 0.390767, -1.000000
0.140000, 0.949999, 3.630001, 0.899312, 0.354585, -1.000000, 0.385549, -1.000000, 0.367823, -1.000000, 0.390763, -1.000000
0.140000, 0.959999, 3.620001, 0.903600, 0.354623, -1.000000, 0.385362, -1.000000, 0.367741, -1.000000, 0.390759, -1.000000
0.140000, 0.969999, 3.610001, 0.907812, 0.354660, -1.000000, 0.385175, -1.000000, 0.367658, -1.000000, 0.390756, -1.000000
0.140000, 0.979999, 3.600001, 0.911950, 0.354698, -1.000000, 0.384988, -1.000000, 0.367576, -1.000000, 0.390755, -1.000000
0.140000, 0.989999, 3.590001, 0.916012, 0.354736, -1.000000, 0.384802, -1.000000, 0.367493, -1.000000, 0.390758, -1.000000
0.140000, 0.999999, 3.580001, 0.920000, 0.354773, -1.000000, 0.384615, -1.000000, 0.367411, -1.000000, 0.390761, -1.000000
0.150000, 0.000000, 4.550000, 0.150000, 0.214618, 0.732984, 0.403568, 0.995423, 0.224751, 0.804484, 0.239748, 0.981889
0.150000, 0.010000, 4.540000, 0.161338, 0.216009, -1.000000, 0.403378, -1.000000, 0.226541, -1.000000, 0.241808, -1.000000
0.150000, 0.020000, 4.530000, 0.172600, 0.217572, -1.000000, 0.403188, -1.000000, 0.228341, -1.000000, 0.243881, -1.000000
0.150000, 0.030000, 4.520000, 0.183788, 0.219800, -1.000000, 0.402998, -1.000000, 0.230151, -1.000000, 0.245966, -1.000000
0.150000, 0.040000, 4.510000, 0.194900, 0.222073, -1.000000, 0.402808, -1.000000, 0.231971, -1.000000, 0.248062, -1.000000
0.150000, 0.050000, 4.500000, 0.205938, 0.224363, -1.000000, 0.402618, -1.000000, 0.233801, -1.000000, 0.250171, -1.000000
0.150000, 0.060000, 4.490000, 0.216900, 0.226670, -1.000000, 0.402428, -1.000000, 0.235641, -1.000000, 0.252292, -1.000000
0.150000, 0.070000, 4.480000, 0.227788, 0.228994, -1.000000, 0.402238, -1.000000, 0.237492, -1.000000, 0.254424, -1.000000
0.150000, 0.080000, 4.470000, 0.238600, 0.231334, -1.000000, 0.402049, -1.000000, 0.239352, -1.000000, 0.256568, -1.000000
0.150000, 0.090000, 4.460000, 0.249338, 0.233691, -1.000000, 0.401859, -1.000000, 0.241222, -1.000000, 0.258724, -1.000000
0.150000, 0.100000, 4.450000, 0.260000, 0.236064, -1.000000, 0.401669, -1.000000, 0.243102, -1.000000, 0.260892, -1.000000
0.150000, 0.110000, 4.440000, 0.270588, 0.238454, -1.000000, 0.401480, -1.000000, 0.244992, -1.000000, 0.263071, -1.000000
0.150000, 0.120000, 4.430000, 0.281100, 0.240861, -1.000000, 0.401290, -1.000000, 0.246891, -1.000000, 0.265263, -1.000000
0.150000, 0.130000, 4.420000, 0.291538, 0.243284, -1.000000, 0.401100, -1.000000, 0.249072, -1.000000, 0.267466, -1.000000
0.150000, 0.140000, 4.410000, 0.301900, 0.245724, -1.000000, 0.400911, -1.000000, 0.251344, -1.000000, 0.269680, -1.000000
0.150000, 0.150000, 4.400000, 0.312187, 0.248180, -1.000000, 0.400721, -1.000000, 0.253631, -1.000000, 0.272125, -1.000000
0.150000, 0.160000, 4.390000, 0.322400, 0.250652, -1.000000, 0.400532, -1.000000, 0.255930, -1.000000, 0.274722, -1.000000
0.150000, 0.170000, 4.380000, 0.332538, 0.253141, -1.000000, 0.400342, -1.000000, 0.258244, -1.000000, 0.277335, -1.000000
0.150000, 0.180000, 4.370000, 0.342600, 0.255646, -1.000000, 0.400153, -1.000000, 0.260571, -1.000000, 0.279963, -1.000000
0.150000, 0.190000, 4.360000, 0.352588, 0.258168, -1.000000, 0.399963, -1.000000, 0.262912, -1.000000, 0.282606, -1.000000
0.150000, 0.200000, 4.350000, 0.362500, 0.260705, -1.000000, 0.399774, -1.000000, 0.265266, -1.000000, 0.285265, -1.000000
0.150000, 0.210000, 4.340000, 0.372338, 0.263259, -1.000000, 0.399584, -1.000000, 0.267634, -1.000000, 0.287938, -1.000000
0.150000, 0.220000, 4.330000, 0.382100, 0.265828, -1.000000, 0.399395, -1.000000, 0.270015, -1.000000, 0.290626, -1.000000
0.150000, 0.230000, 4.320000, 0.391788, 0.268414, -1.000000, 0.399206, -1.000000, 0.272409, -1.000000, 0.293329, -1.000000
0.150000, 0.240000, 4.310000, 0.401400, 0.271015, -1.000000, 0.399017, -1.000000, 0.274816, -1.000000, 0.296047, -1.000000
0.150000, 0.250000, 4.300000, 0.410938, 0.273633, -1.000000, 0.398827, -1.000000, 0.277237, -1.000000, 0.298779, -1.000000
0.150000, 0.260000, 4.290000, 0.420400, 0.276266, -1.000000, 0.398638, -1.000000, 0.279671, -1.000000, 0.301525, -1.000000
0.150000, 0.270000, 4.280000, 0.429788, 0.278914, -1.000000, 0.398449, -1.000000, 0.282118, -1.000000, 0.304286, -1.000000
0.150000, 0.280000, 4.270000, 0.439100, 0.281578, -1.000000, 0.398260, -1.000000, 0.284578, -1.000000, 0.307061, -1.000000
0.150000, 0.290000, 4.260000, 0.448338, 0.284257, -1.000000, 0.398071, -1.000000, 0.287050, -1.000000, 0.309850, -1.000000
0.150000, 0.300000, 4.250000, 0.457500, 0.286952, -1.000000, 0.397881, -1.000000, 0.289536, -1.000000, 0.312567, -1.000000
0.150000, 0.310000, 4.240000, 0.466587, 0.289662, -1.000000, 0.397692, -1.000000, 0.292034, -1.000000, 0.315237, -1.000000
0.150000, 0.320000, 4.230000, 0.475600, 0.292387, -1.000000, 0.397503, -1.000000, 0.294544, -1.000000, 0.317919, -1.000000
0.150000, 0.330000, 4.220000, 0.484538, 0.295127, -1.000000, 0.397314, -1.000000, 0.297068, -1.000000, 0.320613, -1.000000
0.150000, 0.340000, 4.210000, 0.493400, 0.297882, -1.000000, 0.397125, -1.000000, 0.299603, -1.000000, 0.323319, -1.000000
0.150000, 0.350000, 4.200000, 0.502187, 0.300652, -1.000000, 0.396936, -1.000000, 0.302151, -1.000000, 0.326037, -1.000000
0.150000, 0.360000, 4.190000, 0.510900, 0.303436, -1.000000, 0.396747, -1.000000, 0.304712, -1.000000, 0.328766, -1.000000
0.150000, 0.370000, 4.180000, 0.519537, 0.306235, -1.000000, 0.396559, -1.000000, 0.307284, -1.000000, 0.331507, -1.000000
0.150000, 0.380000, 4.170000, 0.528100, 0.309048, -1.000000, 0.396370, -1.000000, 0.309869, -1.000000, 0.334260, -1.000000
0.150000, 0.390000, 4.160000, 0.536587, 0.311875, -1.000000, 0.396181, -1.000000, 0.312465, -1.000000, 0.337024, -1.000000
0.150000, 0.400000, 4.150000, 0.545000, 0.314717, -1.000000, 0.395992, -1.000000, 0.315073, -1.000000, 0.339799, -1.000000
0.150000, 0.410000, 4.140000, 0.553337, 0.317572, -1.000000, 0.395803, -1.000000, 0.317693, -1.000000, 0.342586, -1.000000
0.150000, 0.420000, 4.130000, 0.561600, 0.320441, -1.000000, 0.395615, -1.000000, 0.320325, -1.000000, 0.345383, -1.000000
0.150000, 0.430000, 4.120000, 0.569787, 0.323324, -1.000000, 0.395426, -1.000000, 0.322968, -1.000000, 0.348191, -1.000000
0.150000, 0.440000, 4.110000, 0.577900, 0.326221, -1.000000, 0.395237, -1.000000, 0.325622, -1.000000, 0.351009, -1.000000
0.150000, 0.450000, 4.100000, 0.585937, 0.329130, -1.000000, 0.395049, -1.000000, 0.328288, -1.000000, 0.353838, -1.000000
0.150000, 0.460000, 4.090000, 0.593900, 0.332053, -1.000000, 0.394860, -1.000000, 0.330965, -1.000000, 0.356677, -1.000000
0.150000, 0.470000, 4.080000, 0.601787, 0.334989, -1.000000, 0.394671, -1.000000, 0.333652, -1.000000, 0.359526, -1.000000
0.150000, 0.480000, 4.070000, 0.609600, 0.337937, -1.000000, 0.394483, -1.000000, 0.336351, -1.000000, 0.362386, -1.000000
0.150000, 0.490000, 4.060000, 0.617337, 0.340899, -1.000000, 0.394294, -1.000000, 0.339060, -1.000000, 0.365255, -1.000000
0.150000, 0.500000, 4.050000, 0.625000, 0.343872, -1.000000, 0.394106, -1.000000, 0.341780, -1.000000, 0.368133, -1.000000
0.150000, 0.510000, 4.040000, 0.632587, 0.346858, -1.000000, 0.393917, -1.000000, 0.344510, -1.000000, 0.371021, -1.000000
0.150000, 0.520000, 4.030000, 0.640100, 0.349856, -1.000000, 0.393729, -1.000000, 0.346340, -1.000000, 0.373919, -1.000000
0.150000, 0.530000, 4.020000, 0.647537, 0.351947, -1.000000, 0.393541, -1.000000, 0.347252, -1.000000, 0.376825, -1.000000
0.150000, 0.540000, 4.010000, 0.654900, 0.353022, -1.000000, 0.393352, -1.000000, 0.348166, -1.000000, 0.379740, -1.000000
0.150000, 0.550000, 4.000000, 0.662187, 0.353060, -1.000000, 0.393164, -1.000000, 0.349081, -1.000000, 0.382664, -1.000000
0.150000, 0.560000, 3.990000, 0.669400, 0.353098, -1.000000, 0.392976, -1.000000, 0.349997, -1.000000, 0.385596, -1.000000
0.150000, 0.570000, 3.980000, 0.676537, 0.353135, -1.000000, 0.392787, -1.000000, 0.350914, -1.000000, 0.388537, -1.000000
0.150000, 0.580000, 3.970000, 0.683600, 0.353173, -1.000000, 0.392599, -1.000000, 0.351992, -1.000000, 0.390918, -1.000000
0.150000, 0.590000, 3.960000, 0.690587, 0.353211, -1.000000, 0.392411, -1.000000, 0.353080, -1.000000, 0.390914, -1.000000
0.150000, 0.600000, 3.950000, 0.697500, 0.353248, -1.000000, 0.392223, -1.000000, 0.354170, -1.000000, 0.390910, -1.000000
0.150000, 0.610000, 3.940000, 0.704337, 0.353286, -1.000000, 0.392035, -1.000000, 0.355261, -1.000000, 0.390907, -1.000000
0.150000, 0.620000, 3.930000, 0.711100, 0.353323, -1.000000, 0.391846, -1.000000, 0.356354, -1.000000, 0.390903, -1.000000
0.150000, 0.630000, 3.920000, 0.717787, 0.353361, -1.000000, 0.391658, -1.000000, 0.357448, -1.000000, 0.390899, -1.000000
0.150000, 0.640000, 3.910000, 0.724400, 0.353399, -1.000000, 0.391470, -1.000000, 0.358544, -1.000000, 0.390896, -1.000000
0.150000, 0.650000, 3.900000, 0.730937, 0.353436, -1.000000, 0.391282, -1.000000, 0.359641, -1.000000, 0.390892, -1.000000
0.150000, 0.660000, 3.890000, 0.737400, 0.353474, -1.000000, 0.391094, -1.000000, 0.360740, -1.000000, 0.390888, -1.000000
0.150000, 0.670000, 3.880000, 0.743787, 0.353512, -1.000000, 0.390906, -1.000000, 0.361840, -1.000000, 0.390884, -1.000000
0.150000, 0.680000, 3.870000, 0.750100, 0.353549, -1.000000, 0.390719, -1.000000, 0.362941, -1.000000, 0.390881, -1.000000
0.150000, 0.690000, 3.860000, 0.756337, 0.353587, -1.000000, 0.390531, -1.000000, 0.364044, -1.000000, 0.390877, -1.000000
0.150000, 0.700000, 3.850000, 0.762500, 0.353624, -1.000000, 0.390343, -1.000000, 0.365149, -1.000000, 0.390873, -1.000000
0.150000, 0.710000, 3.840000, 0.768587, 0.353662, -1.000000, 0.390155, -1.000000, 0.366255, -1.000000, 0.390870, -1.000000
0.150000, 0.720000, 3.830000, 0.774600, 0.353700, -1.000000, 0.389967, -1.000000, 0.367362, -1.000000, 0.390866, -1.000000
0.150000, 0.730000, 3.820000, 0.780537, 0.353737, -1.000000, 0.389779, -1.000000, 0.368471, -1.000000, 0.390862, -1.000000
0.150000, 0.740000, 3.810000, 0.786400, 0.353775, -1.000000, 0.389592, -1.000000, 0.369581, -1.000000, 0.390859, -1.000000
0.150000, 0.750000, 3.800000, 0.792187, 0.353813, -1.000000, 0.389404, -1.000000, 0.370023, -1.000000, 0.390855, -1.000000
0.150000, 0.760000, 3.790000, 0.797900, 0.353850, -1.000000, 0.389216, -1.000000, 0.369888, -1.000000, 0.390851, -1.000000
0.150000, 0.770000, 3.780000, 0.803537, 0.353888, -1.000000, 0.389029, -1.000000, 0.369754, -1.000000, 0.390847, -1.000000
0.150000, 0.780000, 3.770000, 0.809100, 0.353926, -1.000000, 0.388841, -1.000000, 0.369619, -1.000000, 0.390844, -1.000000
0.150000, 0.790000, 3.760000, 0.814587, 0.353963, -1.000000, 0.388654, -1.000000, 0.369485, -1.000000, 0.390840, -1.000000
0.150000, 0.800000, 3.750000, 0.820000, 0.354001, -1.000000, 0.388466, -1.000000, 0.369350, -1.000000, 0.390836, -1.000000
0.150000, 0.810000, 3.740000, 0.825337, 0.354039, -1.000000, 0.388279, -1.000000, 0.369216, -1.000000, 0.390833, -1.000000
0.150000, 0.820000, 3.730000, 0.830600, 0.354076, -1.000000, 0.388091, -1.000000, 0.369081, -1.000000, 0.390829, -1.000000
0.150000, 0.830000, 3.720001, 0.835787, 0.354114, -1.000000, 0.387904, -1.000000, 0.368947, -1.000000, 0.390825, -1.000000
0.150000, 0.839999, 3.710001, 0.840900, 0.354152, -1.000000, 0.387716, -1.000000, 0.368813, -1.000000, 0.390822, -1.000000
0.150000, 0.849999, 3.700001, 0.845937, 0.354189, -1.000000, 0.387529, -1.000000, 0.368678, -1.000000, 0.390818, -1.000000
0.150000, 0.859999, 3.690001, 0.850900, 0.354227, -1.000000, 0.387342, -1.000000, 0.368544, -1.000000, 0.390814, -1.000000
0.150000, 0.869999, 3.680001, 0.855787, 0.354265, -1.000000, 0.387154, -1.000000, 0.368436, -1.000000, 0.390810, -1.000000
0.150000, 0.879999, 3.670001, 0.860600, 0.354302, -1.000000, 0.386967, -1.000000, 0.368354, -1.000000, 0.390807, -1.000000
0.150000, 0.889999, 3.660001, 0.865337, 0.354340, -1.000000, 0.386780, -1.000000, 0.368271, -1.000000, 0.390803, -1.000000
0.150000, 0.899999, 3.650001, 0.870000, 0.354378, -1.000000, 0.386593, -1.000000, 0.368189, -1.000000, 0.390799, -1.000000
0.150000, 0.909999, 3.640001, 0.874587, 0.354415, -1.000000, 0.386406, -1.000000, 0.368106, -1.000000, 0.390796, -1.000000
0.150000, 0.919999, 3.630001, 0.879100, 0.354453, -1.000000, 0.386219, -1.000000, 0.368024, -1.000000, 0.390792, -1.000000
0.150000, 0.929999, 3.620001, 0.883537, 0.354491, -1.000000, 0.386031, -1.000000, 0.367942, -1.000000, 0.390789, -1.000000
0.150000, 0.939999, 3.610001, 0.887900, 0.354528, -1.000000, 0.385844, -1.000000, 0.367859, -1.000000, 0.390792, -1.000000
0.150000, 0.949999, 3.600001, 0.892187, 0.354566, -1.000000, 0.385657, -1.000000, 0.367777, -1.000000, 0.390795, -1.000000
0.150000, 0.959999, 3.590001, 0.896400, 0.354604, -1.000000, 0.385470, -1.000000, 0.367694, -1.000000, 0.390799, -1.000000
0.150000, 0.969999, 3.580001, 0.900537, 0.354641, -1.000000, 0.385283, -1.000000, 0.367612, -1.000000, 0.390802, -1.000000
0.150000, 0.979999, 3.570001, 0.904600, 0.354679, -1.000000, 0.385096, -1.000000, 0.367529, -1.000000, 0.390806, -1.000000
0.150000, 0.989999, 3.560001, 0.908587, 0.354717, -1.000000, 0.384910, -1.000000, 0.367447, -1.000000, 0.390809, -1.000000
0.150000, 0.999999, 3.550001, 0.912500, 0.354754, -1.000000, 0.384723, -1.000000, 0.367365, -1.000000, 0.390812, -1.000000
0.160000, 0.000000, 4.520000, 0.150000, 0.214408, 0.732983, 0.403678, 0.995439, 0.224105, 0.804550, 0.239641, 0.982176
0.160000, 0.010000, 4.510000, 0.161263, 0.215798, -1.000000, 0.403488, -1.000000, 0.225891, -1.000000, 0.241701, -1.000000
0.160000, 0.020000, 4.500000, 0.172450, 0.217381, -1.000000, 0.403298, -1.000000, 0.227687, -1.000000, 0.243773, -1.000000
0.160000, 0.030000, 4.490000, 0.183563, 0.219636, -1.000000, 0.403108, -1.000000, 0.229494, -1.000000, 0.245857, -1.000000
0.160000, 0.040000, 4.480000, 0.194600, 0.221908, -1.000000, 0.402918, -1.000000, 0.231310, -1.000000, 0.247953, -1.000000
0.160000, 0.050000, 4.470000, 0.205563, 0.224197, -1.000000, 0.402728, -1.000000, 0.233137, -1.000000, 0.250061, -1.000000
0.160000, 0.060000, 4.460000, 0.216450, 0.226503, -1.000000, 0.402538, -1.000000, 0.234973, -1.000000, 0.252181, -1.000000
0.160000, 0.070000, 4.450000, 0.227262, 0.228825, -1.000000, 0.402348, -1.000000, 0.236820, -1.000000, 0.254313, -1.000000
0.160000, 0.080000, 4.440000, 0.238000, 0.231164, -1.000000, 0.402158, -1.000000, 0.238676, -1.000000, 0.256456, -1.000000
0.160000, 0.090000, 4.430000, 0.248663, 0.233519, -1.000000, 0.401969, -1.000000, 0.240543, -1.000000, 0.258612, -1.000000
0.160000, 0.100000, 4.420000, 0.259250, 0.235892, -1.000000, 0.401779, -1.000000, 0.242419, -1.000000, 0.260779, -1.000000
0.160000, 0.110000, 4.410000, 0.269762, 0.238281, -1.000000, 0.401589, -1.000000, 0.244305, -1.000000, 0.262958, -1.000000
0.160000, 0.120000, 4.400000, 0.280200, 0.240686, -1.000000, 0.401400, -1.000000, 0.246402, -1.000000, 0.265148, -1.000000
0.160000, 0.130000, 4.390000, 0.290563, 0.243108, -1.000000, 0.401210, -1.000000, 0.248659, -1.000000, 0.267350, -1.000000
0.160000, 0.140000, 4.380000, 0.300850, 0.245547, -1.000000, 0.401020, -1.000000, 0.250929, -1.000000, 0.269577, -1.000000
0.160000, 0.150000, 4.370000, 0.311063, 0.248001, -1.000000, 0.400831, -1.000000, 0.253212, -1.000000, 0.272160, -1.000000
0.160000, 0.160000, 4.360000, 0.321200, 0.250473, -1.000000, 0.400641, -1.000000, 0.255510, -1.000000, 0.274757, -1.000000
0.160000, 0.170000, 4.350000, 0.331263, 0.252960, -1.000000, 0.400452, -1.000000, 0.257821, -1.000000, 0.277370, -1.000000
0.160000, 0.180000, 4.340000, 0.341250, 0.255464, -1.000000, 0.400262, -1.000000, 0.260146, -1.000000, 0.279999, -1.000000
0.160000, 0.190000, 4.330000, 0.351163, 0.257985, -1.000000, 0.400073, -1.000000, 0.262484, -1.000000, 0.282642, -1.000000
0.160000, 0.200000, 4.320000, 0.361000, 0.260521, -1.000000, 0.399883, -1.000000, 0.264836, -1.000000, 0.285301, -1.000000
0.160000, 0.210000, 4.310000, 0.370763, 0.263073, -1.000000, 0.399694, -1.000000, 0.267201, -1.000000, 0.287974, -1.000000
0.160000, 0.220000, 4.300000, 0.380450, 0.265642, -1.000000, 0.399505, -1.000000, 0.269579, -1.000000, 0.290662, -1.000000
0.160000, 0.230000, 4.290000, 0.390063, 0.268226, -1.000000, 0.399315, -1.000000, 0.271971, -1.000000, 0.293365, -1.000000
0.160000, 0.240000, 4.280000, 0.399600, 0.270827, -1.000000, 0.399126, -1.000000, 0.274376, -1.000000, 0.296083, -1.000000
0.160000, 0.250000, 4.270000, 0.409063, 0.273443, -1.000000, 0.398937, -1.000000, 0.276795, -1.000000, 0.298815, -1.000000
0.160000, 0.260000, 4.260000, 0.418450, 0.276074, -1.000000, 0.398748, -1.000000, 0.279226, -1.000000, 0.301562, -1.000000
0.160000, 0.270000, 4.250000, 0.427763, 0.278722, -1.000000, 0.398558, -1.000000, 0.281670, -1.000000, 0.304323, -1.000000
0.160000, 0.280000, 4.240000, 0.437000, 0.281385, -1.000000, 0.398369, -1.000000, 0.284128, -1.000000, 0.307098, -1.000000
0.160000, 0.290000, 4.230000, 0.446163, 0.284063, -1.000000, 0.398180, -1.000000, 0.286598, -1.000000, 0.309887, -1.000000
0.160000, 0.300000, 4.220000, 0.455250, 0.286757, -1.000000, 0.397991, -1.000000, 0.289081, -1.000000, 0.312690, -1.000000
0.160000, 0.310000, 4.210000, 0.464262, 0.289465, -1.000000, 0.397802, -1.000000, 0.291577, -1.000000, 0.315507, -1.000000
0.160000, 0.320000, 4.200000, 0.473200, 0.292189, -1.000000, 0.397613, -1.000000, 0.294085, -1.000000, 0.318338, -1.000000
0.160000, 0.330000, 4.190000, 0.482062, 0.294928, -1.000000, 0.397424, -1.000000, 0.296606, -1.000000, 0.321104, -1.000000
0.160000, 0.340000, 4.180000, 0.490850, 0.297682, -1.000000, 0.397235, -1.000000, 0.299140, -1.000000, 0.323812, -1.000000
0.160000, 0.350000, 4.170000, 0.499562, 0.300451, -1.000000, 0.397046, -1.000000, 0.301686, -1.000000, 0.326532, -1.000000
0.160000, 0.360000, 4.160000, 0.508200, 0.303234, -1.000000, 0.396857, -1.000000, 0.304244, -1.000000, 0.329264, -1.000000
0.160000, 0.370000, 4.150000, 0.516762, 0.306032, -1.000000, 0.396668, -1.000000, 0.306814, -1.000000, 0.332007, -1.000000
0.160000, 0.380000, 4.140000, 0.525250, 0.308844, -1.000000, 0.396479, -1.000000, 0.309396, -1.000000, 0.334762, -1.000000
0.160000, 0.390000, 4.130000, 0.533662, 0.311670, -1.000000, 0.396290, -1.000000, 0.311990, -1.000000, 0.337528, -1.000000
0.160000, 0.400000, 4.120000, 0.542000, 0.314511, -1.000000, 0.396101, -1.000000, 0.314597, -1.000000, 0.340305, -1.000000
0.160000, 0.410000, 4.110000, 0.550262, 0.317365, -1.000000, 0.395912, -1.000000, 0.317214, -1.000000, 0.343093, -1.000000
0.160000, 0.420000, 4.100000, 0.558450, 0.320233, -1.000000, 0.395724, -1.000000, 0.319844, -1.000000, 0.345893, -1.000000
0.160000, 0.430000, 4.090000, 0.566562, 0.323115, -1.000000, 0.395535, -1.000000, 0.322485, -1.000000, 0.348702, -1.000000
0.160000, 0.440000, 4.080000, 0.574600, 0.326010, -1.000000, 0.395346, -1.000000, 0.325137, -1.000000, 0.351523, -1.000000
0.160000, 0.450000, 4.070000, 0.582562, 0.328919, -1.000000, 0.395158, -1.000000, 0.327801, -1.000000, 0.354354, -1.000000
0.160000, 0.460000, 4.060000, 0.590450, 0.331841, -1.000000, 0.394969, -1.000000, 0.330475, -1.000000, 0.357195, -1.000000
0.160000, 0.470000, 4.050000, 0.598262, 0.334776, -1.000000, 0.394780, -1.000000, 0.333161, -1.000000, 0.360046, -1.000000
0.160000, 0.480000, 4.040000, 0.606000, 0.337723, -1.000000, 0.394592, -1.000000, 0.335858, -1.000000, 0.362907, -1.000000
0.160000, 0.490000, 4.030000, 0.613662, 0.340684, -1.000000, 0.394403, -1.000000, 0.338565, -1.000000, 0.365777, -1.000000
0.160000, 0.500000, 4.020000, 0.621250, 0.343657, -1.000000, 0.394215, -1.000000, 0.341283, -1.000000, 0.368658, -1.000000
0.160000, 0.510000, 4.010000, 0.628762, 0.346642, -1.000000, 0.394026, -1.000000, 0.344011, -1.000000, 0.371548, -1.000000
0.160000, 0.520000, 4.000000, 0.636200, 0.349571, -1.000000, 0.393838, -1.000000, 0.346640, -1.000000, 0.374446, -1.000000
0.160000, 0.530000, 3.990000, 0.643562, 0.351641, -1.000000, 0.393650, -1.000000, 0.347553, -1.000000, 0.377354, -1.000000
0.160000, 0.540000, 3.980000, 0.650850, 0.353004, -1.000000, 0.393461, -1.000000, 0.348468, -1.000000, 0.380271, -1.000000
0.160000, 0.550000, 3.970000, 0.658062, 0.353041, -1.000000, 0.393273, -1.000000, 0.349383, -1.000000, 0.383197, -1.000000
0.160000, 0.560000, 3.960000, 0.665200, 0.353079, -1.000000, 0.393084, -1.000000, 0.350431, -1.000000, 0.386131, -1.000000
0.160000, 0.570000, 3.950000, 0.672262, 0.353116, -1.000000, 0.392896, -1.000000, 0.351517, -1.000000, 0.389073, -1.000000
0.160000, 0.580000, 3.940000, 0.679250, 0.353154, -1.000000, 0.392708, -1.000000, 0.352605, -1.000000, 0.390936, -1.000000
0.160000, 0.590000, 3.930000, 0.686162, 0.353192, -1.000000, 0.392520, -1.000000, 0.353694, -1.000000, 0.390932, -1.000000
0.160000, 0.600000, 3.920000, 0.693000, 0.353229, -1.000000, 0.392332, -1.000000, 0.354785, -1.000000, 0.390928, -1.000000
0.160000, 0.610000, 3.910000, 0.699762, 0.353267, -1.000000, 0.392143, -1.000000, 0.355877, -1.000000, 0.390925, -1.000000
0.160000, 0.620000, 3.900000, 0.706450, 0.353305, -1.000000, 0.391955, -1.000000, 0.356970, -1.000000, 0.390921, -1.000000
0.160000, 0.630000, 3.890000, 0.713062, 0.353342, -1.000000, 0.391767, -1.000000, 0.358065, -1.000000, 0.390917, -1.000000
0.160000, 0.640000, 3.880000, 0.719600, 0.353380, -1.000000, 0.391579, -1.000000, 0.359162, -1.000000, 0.390913, -1.000000
0.160000, 0.650000, 3.870000, 0.726062, 0.353417, -1.000000, 0.391391, -1.000000, 0.360260, -1.000000, 0.390910, -1.000000
0.160000, 0.660000, 3.860000, 0.732450, 0.353455, -1.000000, 0.391203, -1.000000, 0.361360, -1.000000, 0.390906, -1.000000
0.160000, 0.670000, 3.850000, 0.738762, 0.353493, -1.000000, 0.391015, -1.000000, 0.362461, -1.000000, 0.390902, -1.000000
0.160000, 0.680000, 3.840000, 0.745000, 0.353530, -1.000000, 0.390827, -1.000000, 0.363563, -1.000000, 0.390899, -1.000000
0.160000, 0.690000, 3.830000, 0.751162, 0.353568, -1.000000, 0.390639, -1.000000, 0.364667, -1.000000, 0.390895, -1.000000
0.160000, 0.700000, 3.820000, 0.757250, 0.353606, -1.000000, 0.390451, -1.000000, 0.365772, -1.000000, 0.390891, -1.000000
0.160000, 0.710000, 3.810000, 0.763262, 0.353643, -1.000000, 0.390264, -1.000000, 0.366879, -1.000000, 0.390888, -1.000000
0.160000, 0.720000, 3.800000, 0.769200, 0.353681, -1.000000, 0.390076, -1.000000, 0.367987, -1.000000, 0.390884, -1.000000
0.160000, 0.730000, 3.790000, 0.775062, 0.353718, -1.000000, 0.389888, -1.000000, 0.369097, -1.000000, 0.390880, -1.000000
0.160000, 0.740000, 3.780000, 0.780850, 0.353756, -1.000000, 0.389700, -1.000000, 0.370090, -1.000000, 0.390876, -1.000000
0.160000, 0.750000, 3.770000, 0.786562, 0.353794, -1.000000, 0.389513, -1.000000, 0.369956, -1.000000, 0.390873, -1.000000
0.160000, 0.760000, 3.760000, 0.792200, 0.353831, -1.000000, 0.389325, -1.000000, 0.369821, -1.000000, 0.390869, -1.000000
0.160000, 0.770000, 3.750000, 0.797762, 0.353869, -1.000000, 0.389137, -1.000000, 0.369687, -1.000000, 0.390865, -1.000000
0.160000, 0.780000, 3.740000, 0.803250, 0.353907, -1.000000, 0.388950, -1.000000, 0.369552, -1.000000, 0.390862, -1.000000
0.160000, 0.790000, 3.730000, 0.808662, 0.353944, -1.000000, 0.388762, -1.000000, 0.369418, -1.000000, 0.390858, -1.000000
0.160000, 0.800000, 3.720001, 0.814000, 0.353982, -1.000000, 0.388575, -1.000000, 0.369283, -1.000000, 0.390854, -1.000000
0.160000, 0.810000, 3.710001, 0.819262, 0.354020, -1.000000, 0.388387, -1.000000, 0.369149, -1.000000, 0.390851, -1.000000
0.160000, 0.820000, 3.700001, 0.824450, 0.354057, -1.000000, 0.388200, -1.000000, 0.369015, -1.000000, 0.390847, -1.000000
0.160000, 0.830000, 3.690001, 0.829562, 0.354095, -1.000000, 0.388012, -1.000000, 0.368880, -1.000000, 0.390843, -1.000000
0.160000, 0.839999, 3.680001, 0.834600, 0.354133, -1.000000, 0.387825, -1.000000, 0.368746, -1.000000, 0.390839, -1.000000
0.160000, 0.849999, 3.670001, 0.839562, 0.354170, -1.000000, 0.387637, -1.000000, 0.368612, -1.000000, 0.390836, -1.000000
0.160000, 0.859999, 3.660001, 0.844450, 0.354208, -1.000000, 0.387450, -1.000000, 0.368477, -1.000000, 0.390832, -1.000000
0.160000, 0.869999, 3.650001, 0.849262, 0.354246, -1.000000, 0.387263, -1.000000, 0.368390, -1.000000, 0.390828, -1.000000
0.160000, 0.879999, 3.640001, 0.854000, 0.354283, -1.000000, 0.387075, -1.000000, 0.368308, -1.000000, 0.390825, -1.000000
0.160000, 0.889999, 3.630001, 0.858662, 0.354321, -1.000000, 0.386888, -1.000000, 0.368225, -1.000000, 0.390826, -1.000000
0.160000, 0.899999, 3.620001, 0.863250, 0.354359, -1.000000, 0.386701, -1.000000, 0.368143, -1.000000, 0.390830, -1.000000
0.160000, 0.909999, 3.610001, 0.867762, 0.354396, -1.000000, 0.386514, -1.000000, 0.368060, -1.000000, 0.390833, -1.000000
0.160000, 0.919999, 3.600001, 0.872200, 0.354434, -1.000000, 0.386327, -1.000000, 0.367978, -1.000000, 0.390836, -1.000000
0.160000, 0.929999, 3.590001, 0.876562, 0.354472, -1.000000, 0.386140, -1.000000, 0.367895, -1.000000, 0.390840, -1.000000
0.160000, 0.939999, 3.580001, 0.880850, 0.354509, -1.000000, 0.385953, -1.000000, 0.367813, -1.000000, 0.390843, -1.000000
0.160000, 0.949999, 3.570001, 0.885062, 0.354547, -1.000000, 0.385765, -1.000000, 0.367730, -1.000000, 0.390846, -1.000000
0.160000, 0.959999, 3.560001, 0.889200, 0.354585, -1.000000, 0.385579, -1.000000, 0.367648, -1.000000, 0.390850, -1.000000
0.160000, 0.969999, 3.550001, 0.893262, 0.354622, -1.000000, 0.385392, -1.000000, 0.367566, -1.000000, 0.390853, -1.000000
0.160000, 0.979999, 3.540001, 0.897250, 0.354660, -1.000000, 0.385205, -1.000000, 0.367483, -1.000000, 0.390857, -1.000000
0.160000, 0.989999, 3.530001, 0.901162, 0.354698, -1.000000, 0.385018, -1.000000, 0.367401, -1.000000, 0.390860, -1.000000
0.160000, 0.999999, 3.520001, 0.905000, 0.354736, -1.000000, 0.384831, -1.000000, 0.367318, -1.000000, 0.390863, -1.000000
0.170000, 0.000000, 4.490000, 0.150000, 0.214197, 0.732982, 0.403787, 0.995454, 0.223459, 0.804616, 0.239534, 0.982457
0.170000, 0.010000, 4.480000, 0.161187, 0.215586, -1.000000, 0.403597, -1.000000, 0.225242, -1.000000, 0.241593, -1.000000
0.170000, 0.020000, 4.470000, 0.172300, 0.217218, -1.000000, 0.403407, -1.000000, 0.227035, -1.000000, 0.243664, -1.000000
0.170000, 0.030000, 4.460000, 0.183338, 0.219472, -1.000000, 0.403217, -1.000000, 0.228838, -1.000000, 0.245748, -1.000000
0.170000, 0.040000, 4.450000, 0.194300, 0.221743, -1.000000, 0.403028, -1.000000, 0.230650, -1.000000, 0.247843, -1.000000
0.170000, 0.050000, 4.440000, 0.205187, 0.224031, -1.000000, 0.402838, -1.000000, 0.232473, -1.000000, 0.249951, -1.000000
0.170000, 0.060000, 4.430000, 0.216000, 0.226335, -1.000000, 0.402648, -1.000000, 0.234306, -1.000000, 0.252070, -1.000000
0.170000, 0.070000, 4.420000, 0.226737, 0.228656, -1.000000, 0.402458, -1.000000, 0.236149, -1.000000, 0.254201, -1.000000
0.170000, 0.080000, 4.410000, 0.237400, 0.230994, -1.000000, 0.402268, -1.000000, 0.238002, -1.000000, 0.256344, -1.000000
0.170000, 0.090000, 4.400000, 0.247988, 0.233348, -1.000000, 0.402078, -1.000000, 0.239865, -1.000000, 0.258499, -1.000000
0.170000, 0.100000, 4.390000, 0.258500, 0.235719, -1.000000, 0.401889, -1.000000, 0.241737, -1.000000, 0.260666, -1.000000
0.170000, 0.110000, 4.380000, 0.268937, 0.238107, -1.000000, 0.401699, -1.000000, 0.243752, -1.000000, 0.262844, -1.000000
0.170000, 0.120000, 4.370000, 0.279300, 0.240511, -1.000000, 0.401509, -1.000000, 0.245992, -1.000000, 0.265034, -1.000000
0.170000, 0.130000, 4.360000, 0.289587, 0.242932, -1.000000, 0.401320, -1.000000, 0.248246, -1.000000, 0.267235, -1.000000
0.170000, 0.140000, 4.350000, 0.299800, 0.245369, -1.000000, 0.401130, -1.000000, 0.250513, -1.000000, 0.269612, -1.000000
0.170000, 0.150000, 4.340000, 0.309938, 0.247823, -1.000000, 0.400940, -1.000000, 0.252795, -1.000000, 0.272195, -1.000000
0.170000, 0.160000, 4.330000, 0.320000, 0.250293, -1.000000, 0.400751, -1.000000, 0.255090, -1.000000, 0.274792, -1.000000
0.170000, 0.170000, 4.320000, 0.329988, 0.252780, -1.000000, 0.400561, -1.000000, 0.257398, -1.000000, 0.277406, -1.000000
0.170000, 0.180000, 4.310000, 0.339900, 0.255283, -1.000000, 0.400372, -1.000000, 0.259720, -1.000000, 0.280034, -1.000000
0.170000, 0.190000, 4.300000, 0.349738, 0.257802, -1.000000, 0.400182, -1.000000, 0.262056, -1.000000, 0.282678, -1.000000
0.170000, 0.200000, 4.290000, 0.359500, 0.260337, -1.000000, 0.399993, -1.000000, 0.264406, -1.000000, 0.285336, -1.000000
0.170000, 0.210000, 4.280000, 0.369188, 0.262888, -1.000000, 0.399804, -1.000000, 0.266768, -1.000000, 0.288010, -1.000000
0.170000, 0.220000, 4.270000, 0.378800, 0.265455, -1.000000, 0.399614, -1.000000, 0.269144, -1.000000, 0.290699, -1.000000
0.170000, 0.230000, 4.260000, 0.388338, 0.268039, -1.000000, 0.399425, -1.000000, 0.271534, -1.000000, 0.293402, -1.000000
0.170000, 0.240000, 4.250000, 0.397800, 0.270638, -1.000000, 0.399235, -1.000000, 0.273936, -1.000000, 0.296120, -1.000000
0.170000, 0.250000, 4.240000, 0.407188, 0.273253, -1.000000, 0.399046, -1.000000, 0.276352, -1.000000, 0.298852, -1.000000
0.170000, 0.260000, 4.230000, 0.416500, 0.275883, -1.000000, 0.398857, -1.000000, 0.278781, -1.000000, 0.301599, -1.000000
0.170000, 0.270000, 4.220000, 0.425738, 0.278530, -1.000000, 0.398668, -1.000000, 0.281223, -1.000000, 0.304360, -1.000000
0.170000, 0.280000, 4.210000, 0.434900, 0.281191, -1.000000, 0.398478, -1.000000, 0.283679, -1.000000, 0.307136, -1.000000
0.170000, 0.290000, 4.200000, 0.443988, 0.283869, -1.000000, 0.398289, -1.000000, 0.286146, -1.000000, 0.309925, -1.000000
0.170000, 0.300000, 4.190000, 0.453000, 0.286561, -1.000000, 0.398100, -1.000000, 0.288627, -1.000000, 0.312728, -1.000000
0.170000, 0.310000, 4.180000, 0.461937, 0.289269, -1.000000, 0.397911, -1.000000, 0.291121, -1.000000, 0.315545, -1.000000
0.170000, 0.320000, 4.170000, 0.470800, 0.291992, -1.000000, 0.397722, -1.000000, 0.293627, -1.000000, 0.318376, -1.000000
0.170000, 0.330000, 4.160000, 0.479587, 0.294730, -1.000000, 0.397533, -1.000000, 0.296146, -1.000000, 0.321220, -1.000000
0.170000, 0.340000, 4.150000, 0.488300, 0.297482, -1.000000, 0.397344, -1.000000, 0.298677, -1.000000, 0.324077, -1.000000
0.170000, 0.350000, 4.140000, 0.496937, 0.300250, -1.000000, 0.397155, -1.000000, 0.301220, -1.000000, 0.326948, -1.000000
0.170000, 0.360000, 4.130000, 0.505500, 0.303032, -1.000000, 0.396966, -1.000000, 0.303776, -1.000000, 0.329762, -1.000000
0.170000, 0.370000, 4.120000, 0.513987, 0.305829, -1.000000, 0.396777, -1.000000, 0.306344, -1.000000, 0.332507, -1.000000
0.170000, 0.380000, 4.110000, 0.522400, 0.308640, -1.000000, 0.396588, -1.000000, 0.308924, -1.000000, 0.335264, -1.000000
0.170000, 0.390000, 4.100000, 0.530737, 0.311465, -1.000000, 0.396399, -1.000000, 0.311516, -1.000000, 0.338032, -1.000000
0.170000, 0.400000, 4.090000, 0.539000, 0.314305, -1.000000, 0.396210, -1.000000, 0.314120, -1.000000, 0.340811, -1.000000
0.170000, 0.410000, 4.080000, 0.547187, 0.317158, -1.000000, 0.396022, -1.000000, 0.316736, -1.000000, 0.343602, -1.000000
0.170000, 0.420000, 4.070000, 0.555300, 0.320025, -1.000000, 0.395833, -1.000000, 0.319363, -1.000000, 0.346403, -1.000000
0.170000, 0.430000, 4.060000, 0.563337, 0.322906, -1.000000, 0.395644, -1.000000, 0.322002, -1.000000, 0.349215, -1.000000
0.170000, 0.440000, 4.050000, 0.571300, 0.325800, -1.000000, 0.395455, -1.000000, 0.324652, -1.000000, 0.352037, -1.000000
0.170000, 0.450000, 4.040000, 0.579187, 0.328708, -1.000000, 0.395267, -1.000000, 0.327314, -1.000000, 0.354870, -1.000000
0.170000, 0.460000, 4.030000, 0.587000, 0.331629, -1.000000, 0.395078, -1.000000, 0.329987, -1.000000, 0.357712, -1.000000
0.170000, 0.470000, 4.020000, 0.594737, 0.334563, -1.000000, 0.394890, -1.000000, 0.332670, -1.000000, 0.360565, -1.000000
0.170000, 0.480000, 4.010000, 0.602400, 0.337510, -1.000000, 0.394701, -1.000000, 0.335365, -1.000000, 0.363428, -1.000000
0.170000, 0.490000, 4.000000, 0.609987, 0.340469, -1.000000, 0.394512, -1.000000, 0.338070, -1.000000, 0.366301, -1.000000
0.170000, 0.500000, 3.990000, 0.617500, 0.343441, -1.000000, 0.394324, -1.000000, 0.340786, -1.000000, 0.369183, -1.000000
0.170000, 0.510000, 3.980000, 0.624937, 0.346425, -1.000000, 0.394135, -1.000000, 0.343513, -1.000000, 0.372074, -1.000000
0.170000, 0.520000, 3.970000, 0.632300, 0.349266, -1.000000, 0.393947, -1.000000, 0.346250, -1.000000, 0.374975, -1.000000
0.170000, 0.530000, 3.960000, 0.639587, 0.351335, -1.000000, 0.393758, -1.000000, 0.347855, -1.000000, 0.377884, -1.000000
0.170000, 0.540000, 3.950000, 0.646800, 0.352985, -1.000000, 0.393570, -1.000000, 0.348874, -1.000000, 0.380803, -1.000000
0.170000, 0.550000, 3.940000, 0.653937, 0.353022, -1.000000, 0.393382, -1.000000, 0.349958, -1.000000, 0.383730, -1.000000
0.170000, 0.560000, 3.930000, 0.661000, 0.353060, -1.000000, 0.393193, -1.000000, 0.351043, -1.000000, 0.386665, -1.000000
0.170000, 0.570000, 3.920000, 0.667987, 0.353098, -1.000000, 0.393005, -1.000000, 0.352130, -1.000000, 0.389609, -1.000000
0.170000, 0.580000, 3.910000, 0.674900, 0.353135, -1.000000, 0.392817, -1.000000, 0.353219, -1.000000, 0.390954, -1.000000
0.170000, 0.590000, 3.900000, 0.681737, 0.353173, -1.000000, 0.392629, -1.000000, 0.354309, -1.000000, 0.390950, -1.000000
0.170000, 0.600000, 3.890000, 0.688500, 0.353211, -1.000000, 0.392440, -1.000000, 0.355400, -1.000000, 0.390946, -1.000000
0.170000, 0.610000, 3.880000, 0.695187, 0.353248, -1.000000, 0.392252, -1.000000, 0.356493, -1.000000, 0.390942, -1.000000
0.170000, 0.620000, 3.870000, 0.701800, 0.353286, -1.000000, 0.392064, -1.000000, 0.357588, -1.000000, 0.390939, -1.000000
0.170000, 0.630000, 3.860000, 0.708337, 0.353323, -1.000000, 0.391876, -1.000000, 0.358683, -1.000000, 0.390935, -1.000000
0.170000, 0.640000, 3.850000, 0.714800, 0.353361, -1.000000, 0.391688, -1.000000, 0.359781, -1.000000, 0.390931, -1.000000
0.170000, 0.650000, 3.840000, 0.721187, 0.353399, -1.000000, 0.391500, -1.000000, 0.360880, -1.000000, 0.390928, -1.000000
0.170000, 0.660000, 3.830000, 0.727500, 0.353436, -1.000000, 0.391312, -1.000000, 0.361980, -1.000000, 0.390924, -1.000000
0.170000, 0.670000, 3.820000, 0.733737, 0.353474, -1.000000, 0.391124, -1.000000, 0.363082, -1.000000, 0.390920, -1.000000
0.170000, 0.680000, 3.810000, 0.739900, 0.353511, -1.000000, 0.390936, -1.000000, 0.364185, -1.000000, 0.390917, -1.000000
0.170000, 0.690000, 3.800000, 0.745987, 0.353549, -1.000000, 0.390748, -1.000000, 0.365290, -1.000000, 0.390913, -1.000000
0.170000, 0.700000, 3.790000, 0.752000, 0.353587, -1.000000, 0.390560, -1.000000, 0.366396, -1.000000, 0.390909, -1.000000
0.170000, 0.710000, 3.780000, 0.757937, 0.353624, -1.000000, 0.390372, -1.000000, 0.367503, -1.000000, 0.390905, -1.000000
0.170000, 0.720000, 3.770000, 0.763800, 0.353662, -1.000000, 0.390184, -1.000000, 0.368612, -1.000000, 0.390902, -1.000000
0.170000, 0.730000, 3.760000, 0.769587, 0.353700, -1.000000, 0.389997, -1.000000, 0.369723, -1.000000, 0.390898, -1.000000
0.170000, 0.740000, 3.750000, 0.775300, 0.353737, -1.000000, 0.389809, -1.000000, 0.370023, -1.000000, 0.390894, -1.000000
0.170000, 0.750000, 3.740000, 0.780937, 0.353775, -1.000000, 0.389621, -1.000000, 0.369889, -1.000000, 0.390891, -1.000000
0.170000, 0.760000, 3.730000, 0.786500, 0.353813, -1.000000, 0.389433, -1.000000, 0.369754, -1.000000, 0.390887, -1.000000
0.170000, 0.770000, 3.720000, 0.791987, 0.353850, -1.000000, 0.389246, -1.000000, 0.369620, -1.000000, 0.390883, -1.000000
0.170000, 0.780000, 3.710001, 0.797400, 0.353888, -1.000000, 0.389058, -1.000000, 0.369486, -1.000000, 0.390880, -1.000000
0.170000, 0.790000, 3.700000, 0.802737, 0.353926, -1.000000, 0.388871, -1.000000, 0.369351, -1.000000, 0.390876, -1.000000
0.170000, 0.800000, 3.690001, 0.808000, 0.353963, -1.000000, 0.388683, -1.000000, 0.369217, -1.000000, 0.390872, -1.000000
0.170000, 0.810000, 3.680000, 0.813187, 0.354001, -1.000000, 0.388496, -1.000000, 0.369082, -1.000000, 0.390868, -1.000000
0.170000, 0.820000, 3.670001, 0.818300, 0.354039, -1.000000, 0.388308, -1.000000, 0.368948, -1.000000, 0.390865, -1.000000
0.170000, 0.830000, 3.660000, 0.823337, 0.354076, -1.000000, 0.388121, -1.000000, 0.368814, -1.000000, 0.390861, -1.000000
0.170000, 0.839999, 3.650001, 0.828300, 0.354114, -1.000000, 0.387933, -1.000000, 0.368679, -1.000000, 0.390860, -1.000000
0.170000, 0.849999, 3.640000, 0.833187, 0.354151, -1.000000, 0.387746, -1.000000, 0.368545, -1.000000, 0.390864, -1.000000
0.170000, 0.859999, 3.630001, 0.838000, 0.354189, -1.000000, 0.387558, -1.000000, 0.368426, -1.000000, 0.390867, -1.000000
0.170000, 0.869999, 3.620000, 0.842737, 0.354227, -1.000000, 0.387371, -1.000000, 0.368344, -1.000000, 0.390870, -1.000000
0.170000, 0.879999, 3.610001, 0.847400, 0.354264, -1.000000, 0.387184, -1.000000, 0.368261, -1.000000, 0.390874, -1.000000
0.170000, 0.889999, 3.600000, 0.851987, 0.354302, -1.000000, 0.386997, -1.000000, 0.368179, -1.000000, 0.390877, -1.000000
0.170000, 0.899999, 3.590001, 0.856500, 0.354340, -1.000000, 0.386809, -1.000000, 0.368096, -1.000000, 0.390880, -1.000000
0.170000, 0.909999, 3.580000, 0.860937, 0.354378, -1.000000, 0.386622, -1.000000, 0.368014, -1.000000, 0.390884, -1.000000
0.170000, 0.919999, 3.570001, 0.865300, 0.354415, -1.000000, 0.386435, -1.000000, 0.367931, -1.000000, 0.390887, -1.000000
0.170000, 0.929999, 3.560000, 0.869587, 0.354453, -1.000000, 0.386248, -1.000000, 0.367849, -1.000000, 0.390891, -1.000000
0.170000, 0.939999, 3.550001, 0.873800, 0.354491, -1.000000, 0.386061, -1.000000, 0.367767, -1.000000, 0.390894, -1.000000
0.170000, 0.949999, 3.540000, 0.877937, 0.354528, -1.000000, 0.385874, -1.000000, 0.367684, -1.000000, 0.390897, -1.000000
0.170000, 0.959999, 3.530001, 0.882000, 0.354566, -1.000000, 0.385687, -1.000000, 0.367602, -1.000000, 0.390901, -1.000000
0.170000, 0.969999, 3.520000, 0.885987, 0.354604, -1.000000, 0.385500, -1.000000, 0.367519, -1.000000, 0.390904, -1.000000
0.170000, 0.979999, 3.510001, 0.889900, 0.354641, -1.000000, 0.385313, -1.000000, 0.367437, -1.000000, 0.390907, -1.000000
0.170000, 0.989999, 3.500000, 0.893737, 0.354679, -1.000000, 0.385126, -1.000000, 0.367355, -1.000000, 0.390911, -1.000000
0.170000, 0.999999, 3.490001, 0.897500, 0.354717, -1.000000, 0.384939, -1.000000, 0.367272, -1.000000, 0.390914, -1.000000
0.180000, 0.000000, 4.460000, 0.150000, 0.213987, 0.732980, 0.403897, 0.995469, 0.222815, 0.804681, 0.239427, 0.982735
0.180000, 0.010000, 4.450000, 0.161113, 0.215375, -1.000000, 0.403707, -1.000000, 0.224594, -1.000000, 0.241485, -1.000000
0.180000, 0.020000, 4.440000, 0.172150, 0.217056, -1.000000, 0.403517, -1.000000, 0.226384, -1.000000, 0.243556, -1.000000
0.180000, 0.030000, 4.430000, 0.183113, 0.219308, -1.000000, 0.403327, -1.000000, 0.228183, -1.000000, 0.245639, -1.000000
0.180000, 0.040000, 4.420000, 0.194000, 0.221578, -1.000000, 0.403137, -1.000000, 0.229992, -1.000000, 0.247734, -1.000000
0.180000, 0.050000, 4.410000, 0.204812, 0.223864, -1.000000, 0.402948, -1.000000, 0.231811, -1.000000, 0.249841, -1.000000
0.180000, 0.060000, 4.400000, 0.215550, 0.226168, -1.000000, 0.402758, -1.000000, 0.233640, -1.000000, 0.251959, -1.000000
0.180000, 0.070000, 4.390000, 0.226213, 0.228487, -1.000000, 0.402568, -1.000000, 0.235480, -1.000000, 0.254090, -1.000000
0.180000, 0.080000, 4.380000, 0.236800, 0.230824, -1.000000, 0.402378, -1.000000, 0.237329, -1.000000, 0.256232, -1.000000
0.180000, 0.090000, 4.370000, 0.247313, 0.233177, -1.000000, 0.402188, -1.000000, 0.239188, -1.000000, 0.258386, -1.000000
0.180000, 0.100000, 4.360000, 0.257750, 0.235547, -1.000000, 0.401998, -1.000000, 0.241122, -1.000000, 0.260552, -1.000000
0.180000, 0.110000, 4.350000, 0.268112, 0.237934, -1.000000, 0.401809, -1.000000, 0.243345, -1.000000, 0.262730, -1.000000
0.180000, 0.120000, 4.340000, 0.278400, 0.240337, -1.000000, 0.401619, -1.000000, 0.245583, -1.000000, 0.264919, -1.000000
0.180000, 0.130000, 4.330000, 0.288612, 0.242756, -1.000000, 0.401429, -1.000000, 0.247834, -1.000000, 0.267120, -1.000000
0.180000, 0.140000, 4.320000, 0.298750, 0.245192, -1.000000, 0.401240, -1.000000, 0.250099, -1.000000, 0.269647, -1.000000
0.180000, 0.150000, 4.310000, 0.308812, 0.247645, -1.000000, 0.401050, -1.000000, 0.252378, -1.000000, 0.272229, -1.000000
0.180000, 0.160000, 4.300000, 0.318800, 0.250114, -1.000000, 0.400861, -1.000000, 0.254670, -1.000000, 0.274827, -1.000000
0.180000, 0.170000, 4.290000, 0.328713, 0.252599, -1.000000, 0.400671, -1.000000, 0.256976, -1.000000, 0.277441, -1.000000
0.180000, 0.180000, 4.280000, 0.338550, 0.255101, -1.000000, 0.400481, -1.000000, 0.259296, -1.000000, 0.280070, -1.000000
0.180000, 0.190000, 4.270000, 0.348313, 0.257619, -1.000000, 0.400292, -1.000000, 0.261629, -1.000000, 0.282713, -1.000000
0.180000, 0.200000, 4.260000, 0.358000, 0.260153, -1.000000, 0.400103, -1.000000, 0.263976, -1.000000, 0.285372, -1.000000
0.180000, 0.210000, 4.250000, 0.367613, 0.262703, -1.000000, 0.399913, -1.000000, 0.266336, -1.000000, 0.288046, -1.000000
0.180000, 0.220000, 4.240000, 0.377150, 0.265269, -1.000000, 0.399724, -1.000000, 0.268710, -1.000000, 0.290735, -1.000000
0.180000, 0.230000, 4.230000, 0.386613, 0.267851, -1.000000, 0.399534, -1.000000, 0.271097, -1.000000, 0.293438, -1.000000
0.180000, 0.240000, 4.220000, 0.396000, 0.270449, -1.000000, 0.399345, -1.000000, 0.273497, -1.000000, 0.296157, -1.000000
0.180000, 0.250000, 4.210000, 0.405313, 0.273063, -1.000000, 0.399156, -1.000000, 0.275911, -1.000000, 0.298889, -1.000000
0.180000, 0.260000, 4.200000, 0.414550, 0.275692, -1.000000, 0.398966, -1.000000, 0.278337, -1.000000, 0.301636, -1.000000
0.180000, 0.270000, 4.190000, 0.423713, 0.278337, -1.000000, 0.398777, -1.000000, 0.280777, -1.000000, 0.304398, -1.000000
0.180000, 0.280000, 4.180000, 0.432800, 0.280998, -1.000000, 0.398588, -1.000000, 0.283230, -1.000000, 0.307173, -1.000000
0.180000, 0.290000, 4.170000, 0.441813, 0.283674, -1.000000, 0.398399, -1.000000, 0.285695, -1.000000, 0.309963, -1.000000
0.180000, 0.300000, 4.160000, 0.450750, 0.286366, -1.000000, 0.398210, -1.000000, 0.288174, -1.000000, 0.312766, -1.000000
0.180000, 0.310000, 4.150000, 0.459613, 0.289072, -1.000000, 0.398020, -1.000000, 0.290665, -1.000000, 0.315583, -1.000000
0.180000, 0.320000, 4.140000, 0.468400, 0.291794, -1.000000, 0.397831, -1.000000, 0.293169, -1.000000, 0.318414, -1.000000
0.180000, 0.330000, 4.130000, 0.477113, 0.294531, -1.000000, 0.397642, -1.000000, 0.295685, -1.000000, 0.321258, -1.000000
0.180000, 0.340000, 4.120000, 0.485750, 0.297283, -1.000000, 0.397453, -1.000000, 0.298214, -1.000000, 0.324116, -1.000000
0.180000, 0.350000, 4.110000, 0.494312, 0.300049, -1.000000, 0.397264, -1.000000, 0.300755, -1.000000, 0.326987, -1.000000
0.180000, 0.360000, 4.100000, 0.502800, 0.302830, -1.000000, 0.397075, -1.000000, 0.303309, -1.000000, 0.329870, -1.000000
0.180000, 0.370000, 4.090000, 0.511212, 0.305626, -1.000000, 0.396886, -1.000000, 0.305875, -1.000000, 0.332767, -1.000000
0.180000, 0.380000, 4.080000, 0.519550, 0.308436, -1.000000, 0.396697, -1.000000, 0.308453, -1.000000, 0.335676, -1.000000
0.180000, 0.390000, 4.070000, 0.527812, 0.311260, -1.000000, 0.396509, -1.000000, 0.311042, -1.000000, 0.338537, -1.000000
0.180000, 0.400000, 4.060000, 0.536000, 0.314099, -1.000000, 0.396320, -1.000000, 0.313644, -1.000000, 0.341318, -1.000000
0.180000, 0.410000, 4.050000, 0.544112, 0.316951, -1.000000, 0.396131, -1.000000, 0.316258, -1.000000, 0.344110, -1.000000
0.180000, 0.420000, 4.040000, 0.552150, 0.319817, -1.000000, 0.395942, -1.000000, 0.318883, -1.000000, 0.346913, -1.000000
0.180000, 0.430000, 4.030000, 0.560112, 0.322697, -1.000000, 0.395753, -1.000000, 0.321520, -1.000000, 0.349727, -1.000000
0.180000, 0.440000, 4.020000, 0.568000, 0.325590, -1.000000, 0.395565, -1.000000, 0.324168, -1.000000, 0.352551, -1.000000
0.180000, 0.450000, 4.010000, 0.575812, 0.328497, -1.000000, 0.395376, -1.000000, 0.326827, -1.000000, 0.355386, -1.000000
0.180000, 0.460000, 4.000000, 0.583550, 0.331417, -1.000000, 0.395187, -1.000000, 0.329498, -1.000000, 0.358231, -1.000000
0.180000, 0.470000, 3.990000, 0.591212, 0.334350, -1.000000, 0.394999, -1.000000, 0.332180, -1.000000, 0.361085, -1.000000
0.180000, 0.480000, 3.980000, 0.598800, 0.337296, -1.000000, 0.394810, -1.000000, 0.334872, -1.000000, 0.363950, -1.000000
0.180000, 0.490000, 3.970000, 0.606312, 0.340254, -1.000000, 0.394621, -1.000000, 0.337576, -1.000000, 0.366824, -1.000000
0.180000, 0.500000, 3.960000, 0.613750, 0.343225, -1.000000, 0.394433, -1.000000, 0.340290, -1.000000, 0.369708, -1.000000
0.180000, 0.510000, 3.950000, 0.621112, 0.346209, -1.000000, 0.394244, -1.000000, 0.343015, -1.000000, 0.372601, -1.000000
0.180000, 0.520000, 3.940000, 0.628400, 0.348961, -1.000000, 0.394056, -1.000000, 0.345828, -1.000000, 0.375503, -1.000000
0.180000, 0.530000, 3.930000, 0.635612, 0.351029, -1.000000, 0.393867, -1.000000, 0.348402, -1.000000, 0.378414, -1.000000
0.180000, 0.540000, 3.920000, 0.642750, 0.352966, -1.000000, 0.393679, -1.000000, 0.349485, -1.000000, 0.381334, -1.000000
0.180000, 0.550000, 3.910000, 0.649812, 0.353004, -1.000000, 0.393491, -1.000000, 0.350570, -1.000000, 0.384263, -1.000000
0.180000, 0.560000, 3.900000, 0.656800, 0.353041, -1.000000, 0.393302, -1.000000, 0.351656, -1.000000, 0.387200, -1.000000
0.180000, 0.570000, 3.890000, 0.663712, 0.353079, -1.000000, 0.393114, -1.000000, 0.352744, -1.000000, 0.390145, -1.000000
0.180000, 0.580000, 3.880000, 0.670550, 0.353116, -1.000000, 0.392926, -1.000000, 0.353833, -1.000000, 0.390971, -1.000000
0.180000, 0.590000, 3.870000, 0.677312, 0.353154, -1.000000, 0.392737, -1.000000, 0.354924, -1.000000, 0.390968, -1.000000
0.180000, 0.600000, 3.860000, 0.684000, 0.353192, -1.000000, 0.392549, -1.000000, 0.356016, -1.000000, 0.390964, -1.000000
0.180000, 0.610000, 3.850000, 0.690612, 0.353229, -1.000000, 0.392361, -1.000000, 0.357110, -1.000000, 0.390960, -1.000000
0.180000, 0.620000, 3.840000, 0.697150, 0.353267, -1.000000, 0.392173, -1.000000, 0.358205, -1.000000, 0.390957, -1.000000
0.180000, 0.630000, 3.830000, 0.703612, 0.353305, -1.000000, 0.391985, -1.000000, 0.359302, -1.000000, 0.390953, -1.000000
0.180000, 0.640000, 3.820000, 0.710000, 0.353342, -1.000000, 0.391797, -1.000000, 0.360400, -1.000000, 0.390949, -1.000000
0.180000, 0.650000, 3.810000, 0.716312, 0.353380, -1.000000, 0.391609, -1.000000, 0.361500, -1.000000, 0.390946, -1.000000
0.180000, 0.660000, 3.800000, 0.722550, 0.353417, -1.000000, 0.391421, -1.000000, 0.362601, -1.000000, 0.390942, -1.000000
0.180000, 0.670000, 3.790000, 0.728712, 0.353455, -1.000000, 0.391233, -1.000000, 0.363704, -1.000000, 0.390938, -1.000000
0.180000, 0.680000, 3.780000, 0.734800, 0.353493, -1.000000, 0.391045, -1.000000, 0.364808, -1.000000, 0.390934, -1.000000
0.180000, 0.690000, 3.770000, 0.740812, 0.353530, -1.000000, 0.390857, -1.000000, 0.365913, -1.000000, 0.390931, -1.000000
0.180000, 0.700000, 3.760000, 0.746750, 0.353568, -1.000000, 0.390669, -1.000000, 0.367020, -1.000000, 0.390927, -1.000000
0.180000, 0.710000, 3.750000, 0.752612, 0.353606, -1.000000, 0.390481, -1.000000, 0.368128, -1.000000, 0.390923, -1.000000
0.180000, 0.720000, 3.740000, 0.758400, 0.353643, -1.000000, 0.390293, -1.000000, 0.369238, -1.000000, 0.390920, -1.000000
0.180000, 0.730000, 3.730000, 0.764112, 0.353681, -1.000000, 0.390105, -1.000000, 0.370091, -1.000000, 0.390916, -1.000000
0.180000, 0.740000, 3.720000, 0.769750, 0.353718, -1.000000, 0.389917, -1.000000, 0.369957, -1.000000, 0.390912, -1.000000
0.180000, 0.750000, 3.710000, 0.775312, 0.353756, -1.000000, 0.389730, -1.000000, 0.369822, -1.000000, 0.390909, -1.000000
0.180000, 0.760000, 3.700000, 0.780800, 0.353794, -1.000000, 0.389542, -1.000000, 0.369688, -1.000000, 0.390905, -1.000000
0.180000, 0.770000, 3.690000, 0.786212, 0.353831, -1.000000, 0.389354, -1.000000, 0.369553, -1.000000, 0.390901, -1.000000
0.180000, 0.780000, 3.680000, 0.791550, 0.353869, -1.000000, 0.389167, -1.000000, 0.369419, -1.000000, 0.390897, -1.000000
0.180000, 0.790000, 3.670000, 0.796812, 0.353907, -1.000000, 0.388979, -1.000000, 0.369284, -1.000000, 0.390894, -1.000000
0.180000, 0.800000, 3.660000, 0.802000, 0.353944, -1.000000, 0.388792, -1.000000, 0.369150, -1.000000, 0.390898, -1.000000
0.180000, 0.810000, 3.650000, 0.807112, 0.353982, -1.000000, 0.388604, -1.000000, 0.369016, -1.000000, 0.390901, -1.000000
0.180000, 0.820000, 3.640000, 0.812150, 0.354020, -1.000000, 0.388416, -1.000000, 0.368881, -1.000000, 0.390904, -1.000000
0.180000, 0.830000, 3.630000, 0.817112, 0.354057, -1.000000, 0.388229, -1.000000, 0.368747, -1.000000, 0.390908, -1.000000
0.180000, 0.839999, 3.620000, 0.822000, 0.354095, -1.000000, 0.388042, -1.000000, 0.368613, -1.000000, 0.390911, -1.000000
0.180000, 0.849999, 3.610000, 0.826812, 0.354133, -1.000000, 0.387854, -1.000000, 0.368478, -1.000000, 0.390914, -1.000000
0.180000, 0.859999, 3.600000, 0.831550, 0.354170, -1.000000, 0.387667, -1.000000, 0.368380, -1.000000, 0.390918, -1.000000
0.180000, 0.869999, 3.590000, 0.836212, 0.354208, -1.000000, 0.387479, -1.000000, 0.368298, -1.000000, 0.390921, -1.000000
0.180000, 0.879999, 3.580000, 0.840800, 0.354246, -1.000000, 0.387292, -1.000000, 0.368215, -1.000000, 0.390925, -1.000000
0.180000, 0.889999, 3.570000, 0.845312, 0.354283, -1.000000, 0.387105, -1.000000, 0.368133, -1.000000, 0.390928, -1.000000
0.180000, 0.899999, 3.560000, 0.849750, 0.354321, -1.000000, 0.386918, -1.000000, 0.368050, -1.000000, 0.390931, -1.000000
0.180000, 0.909999, 3.550000, 0.854112, 0.354359, -1.000000, 0.386730, -1.000000, 0.367968, -1.000000, 0.390935, -1.000000
0.180000, 0.919999, 3.540000, 0.858400, 0.354396, -1.000000, 0.386543, -1.000000, 0.367885, -1.000000, 0.390938, -1.000000
0.180000, 0.929999, 3.530000, 0.862612, 0.354434, -1.000000, 0.386356, -1.000000, 0.367803, -1.000000, 0.390941, -1.000000
0.180000, 0.939999, 3.520000, 0.866750, 0.354472, -1.000000, 0.386169, -1.000000, 0.367720, -1.000000, 0.390945, -1.000000
0.180000, 0.949999, 3.510000, 0.870812, 0.354509, -1.000000, 0.385982, -1.000000, 0.367638, -1.000000, 0.390948, -1.000000
0.180000, 0.959999, 3.500000, 0.874800, 0.354547, -1.000000, 0.385795, -1.000000, 0.367556, -1.000000, 0.390952, -1.000000
0.180000, 0.969999, 3.490000, 0.878712, 0.354585, -1.000000, 0.385608, -1.000000, 0.367473, -1.000000, 0.390955, -1.000000
0.180000, 0.979999, 3.480000, 0.882550, 0.354622, -1.000000, 0.385421, -1.000000, 0.367391, -1.000000, 0.390958, -1.000000
0.180000, 0.989999, 3.470001, 0.886312, 0.354660, -1.000000, 0.385234, -1.000000, 0.367308, -1.000000, 0.390962, -1.000000
0.180000, 0.999999, 3.460001, 0.890000, 0.354698, -1.000000, 0.385047, -1.000000, 0.367226, -1.000000, 0.390965, -1.000000
0.190000, 0.000000, 4.430000, 0.150000, 0.213776, 0.732979, 0.404007, 0.995484, 0.222173, 0.804747, 0.239320, 0.983008
0.190000, 0.010000, 4.420000, 0.161038, 0.215164, -1.000000, 0.403817, -1.000000, 0.223948, -1.000000, 0.241378, -1.000000
0.190000, 0.020000, 4.410000, 0.172000, 0.216893, -1.000000, 0.403627, -1.000000, 0.225734, -1.000000, 0.243448, -1.000000
0.190000, 0.030000, 4.400000, 0.182888, 0.219145, -1.000000, 0.403437, -1.000000, 0.227529, -1.000000, 0.245530, -1.000000
0.190000, 0.040000, 4.390000, 0.193700, 0.221413, -1.000000, 0.403247, -1.000000, 0.229335, -1.000000, 0.247624, -1.000000
0.190000, 0.050000, 4.380000, 0.204438, 0.223698, -1.000000, 0.403057, -1.000000, 0.231150, -1.000000, 0.249731, -1.000000
0.190000, 0.060000, 4.370000, 0.215100, 0.226000, -1.000000, 0.402867, -1.000000, 0.232976, -1.000000, 0.251849, -1.000000
0.190000, 0.070000, 4.360000, 0.225688, 0.228319, -1.000000, 0.402678, -1.000000, 0.234812, -1.000000, 0.253979, -1.000000
0.190000, 0.080000, 4.350000, 0.236200, 0.230654, -1.000000, 0.402488, -1.000000, 0.236657, -1.000000, 0.256120, -1.000000
0.190000, 0.090000, 4.340000, 0.246638, 0.233006, -1.000000, 0.402298, -1.000000, 0.238513, -1.000000, 0.258274, -1.000000
0.190000, 0.100000, 4.330000, 0.257000, 0.235375, -1.000000, 0.402108, -1.000000, 0.240718, -1.000000, 0.260439, -1.000000
0.190000, 0.110000, 4.320000, 0.267287, 0.237760, -1.000000, 0.401918, -1.000000, 0.242939, -1.000000, 0.262616, -1.000000
0.190000, 0.120000, 4.310000, 0.277500, 0.240162, -1.000000, 0.401729, -1.000000, 0.245173, -1.000000, 0.264805, -1.000000
0.190000, 0.130000, 4.300000, 0.287638, 0.242581, -1.000000, 0.401539, -1.000000, 0.247422, -1.000000, 0.267114, -1.000000
0.190000, 0.140000, 4.290000, 0.297700, 0.245015, -1.000000, 0.401349, -1.000000, 0.249684, -1.000000, 0.269681, -1.000000
0.190000, 0.150000, 4.280000, 0.307687, 0.247467, -1.000000, 0.401160, -1.000000, 0.251961, -1.000000, 0.272264, -1.000000
0.190000, 0.160000, 4.270000, 0.317600, 0.249935, -1.000000, 0.400970, -1.000000, 0.254251, -1.000000, 0.274863, -1.000000
0.190000, 0.170000, 4.260000, 0.327438, 0.252419, -1.000000, 0.400781, -1.000000, 0.256554, -1.000000, 0.277476, -1.000000
0.190000, 0.180000, 4.250000, 0.337200, 0.254919, -1.000000, 0.400591, -1.000000, 0.258872, -1.000000, 0.280105, -1.000000
0.190000, 0.190000, 4.240000, 0.346888, 0.257436, -1.000000, 0.400402, -1.000000, 0.261202, -1.000000, 0.282749, -1.000000
0.190000, 0.200000, 4.230000, 0.356500, 0.259969, -1.000000, 0.400212, -1.000000, 0.263547, -1.000000, 0.285408, -1.000000
0.190000, 0.210000, 4.220000, 0.366038, 0.262518, -1.000000, 0.400023, -1.000000, 0.265905, -1.000000, 0.288082, -1.000000
0.190000, 0.220000, 4.210000, 0.375500, 0.265083, -1.000000, 0.399833, -1.000000, 0.268276, -1.000000, 0.290771, -1.000000
0.190000, 0.230000, 4.200000, 0.384888, 0.267664, -1.000000, 0.399644, -1.000000, 0.270660, -1.000000, 0.293475, -1.000000
0.190000, 0.240000, 4.190000, 0.394200, 0.270260, -1.000000, 0.399454, -1.000000, 0.273058, -1.000000, 0.296193, -1.000000
0.190000, 0.250000, 4.180000, 0.403438, 0.272873, -1.000000, 0.399265, -1.000000, 0.275469, -1.000000, 0.298926, -1.000000
0.190000, 0.260000, 4.170000, 0.412600, 0.275501, -1.000000, 0.399076, -1.000000, 0.277894, -1.000000, 0.301673, -1.000000
0.190000, 0.270000, 4.160000, 0.421688, 0.278145, -1.000000, 0.398887, -1.000000, 0.280331, -1.000000, 0.304435, -1.000000
0.190000, 0.280000, 4.150000, 0.430700, 0.280805, -1.000000, 0.398697, -1.000000, 0.282781, -1.000000, 0.307211, -1.000000
0.190000, 0.290000, 4.140000, 0.439638, 0.283480, -1.000000, 0.398508, -1.000000, 0.285244, -1.000000, 0.310000, -1.000000
0.190000, 0.300000, 4.130000, 0.448500, 0.286170, -1.000000, 0.398319, -1.000000, 0.287721, -1.000000, 0.312804, -1.000000
0.190000, 0.310000, 4.120000, 0.457287, 0.288876, -1.000000, 0.398130, -1.000000, 0.290209, -1.000000, 0.315621, -1.000000
0.190000, 0.320000, 4.110000, 0.466000, 0.291597, -1.000000, 0.397941, -1.000000, 0.292711, -1.000000, 0.318452, -1.000000
0.190000, 0.330000, 4.100000, 0.474637, 0.294332, -1.000000, 0.397752, -1.000000, 0.295225, -1.000000, 0.321297, -1.000000
0.190000, 0.340000, 4.090000, 0.483200, 0.297083, -1.000000, 0.397563, -1.000000, 0.297752, -1.000000, 0.324154, -1.000000
0.190000, 0.350000, 4.080000, 0.491687, 0.299848, -1.000000, 0.397374, -1.000000, 0.300291, -1.000000, 0.327025, -1.000000
0.190000, 0.360000, 4.070000, 0.500100, 0.302628, -1.000000, 0.397185, -1.000000, 0.302842, -1.000000, 0.329909, -1.000000
0.190000, 0.370000, 4.060000, 0.508437, 0.305423, -1.000000, 0.396996, -1.000000, 0.305406, -1.000000, 0.332806, -1.000000
0.190000, 0.380000, 4.050000, 0.516700, 0.308232, -1.000000, 0.396807, -1.000000, 0.307981, -1.000000, 0.335716, -1.000000
0.190000, 0.390000, 4.040000, 0.524887, 0.311055, -1.000000, 0.396618, -1.000000, 0.310569, -1.000000, 0.338638, -1.000000
0.190000, 0.400000, 4.030000, 0.533000, 0.313893, -1.000000, 0.396429, -1.000000, 0.313169, -1.000000, 0.341572, -1.000000
0.190000, 0.410000, 4.020000, 0.541037, 0.316744, -1.000000, 0.396240, -1.000000, 0.315780, -1.000000, 0.344519, -1.000000
0.190000, 0.420000, 4.010000, 0.549000, 0.319609, -1.000000, 0.396051, -1.000000, 0.318403, -1.000000, 0.347424, -1.000000
0.190000, 0.430000, 4.000000, 0.556887, 0.322488, -1.000000, 0.395862, -1.000000, 0.321038, -1.000000, 0.350240, -1.000000
0.190000, 0.440000, 3.990000, 0.564700, 0.325380, -1.000000, 0.395674, -1.000000, 0.323684, -1.000000, 0.353066, -1.000000
0.190000, 0.450000, 3.980000, 0.572437, 0.328286, -1.000000, 0.395485, -1.000000, 0.326341, -1.000000, 0.355902, -1.000000
0.190000, 0.460000, 3.970000, 0.580100, 0.331205, -1.000000, 0.395296, -1.000000, 0.329010, -1.000000, 0.358749, -1.000000
0.190000, 0.470000, 3.960000, 0.587687, 0.334137, -1.000000, 0.395108, -1.000000, 0.331690, -1.000000, 0.361605, -1.000000
0.190000, 0.480000, 3.950000, 0.595200, 0.337082, -1.000000, 0.394919, -1.000000, 0.334380, -1.000000, 0.364472, -1.000000
0.190000, 0.490000, 3.940000, 0.602637, 0.340040, -1.000000, 0.394730, -1.000000, 0.337082, -1.000000, 0.367348, -1.000000
0.190000, 0.500000, 3.930000, 0.610000, 0.343010, -1.000000, 0.394542, -1.000000, 0.339845, -1.000000, 0.370233, -1.000000
0.190000, 0.510000, 3.920000, 0.617287, 0.345992, -1.000000, 0.394353, -1.000000, 0.342735, -1.000000, 0.373128, -1.000000
0.190000, 0.520000, 3.910000, 0.624500, 0.348656, -1.000000, 0.394165, -1.000000, 0.345636, -1.000000, 0.376032, -1.000000
0.190000, 0.530000, 3.900000, 0.631637, 0.350723, -1.000000, 0.393976, -1.000000, 0.348548, -1.000000, 0.378945, -1.000000
0.190000, 0.540000, 3.890000, 0.638700, 0.352797, -1.000000, 0.393788, -1.000000, 0.350097, -1.000000, 0.381866, -1.000000
0.190000, 0.550000, 3.880000, 0.645687, 0.352985, -1.000000, 0.393600, -1.000000, 0.351182, -1.000000, 0.384797, -1.000000
0.190000, 0.560000, 3.870000, 0.652600, 0.353022, -1.000000, 0.393411, -1.000000, 0.352269, -1.000000, 0.387735, -1.000000
0.190000, 0.570000, 3.860000, 0.659437, 0.353060, -1.000000, 0.393223, -1.000000, 0.353358, -1.000000, 0.390682, -1.000000
0.190000, 0.580000, 3.850000, 0.666200, 0.353098, -1.000000, 0.393035, -1.000000, 0.354448, -1.000000, 0.390989, -1.000000
0.190000, 0.590000, 3.840000, 0.672887, 0.353135, -1.000000, 0.392846, -1.000000, 0.355540, -1.000000, 0.390986, -1.000000
0.190000, 0.600000, 3.830000, 0.679500, 0.353173, -1.000000, 0.392658, -1.000000, 0.356633, -1.000000, 0.390982, -1.000000
0.190000, 0.610000, 3.820000, 0.686037, 0.353210, -1.000000, 0.392470, -1.000000, 0.357727, -1.000000, 0.390978, -1.000000
0.190000, 0.620000, 3.810000, 0.692500, 0.353248, -1.000000, 0.392282, -1.000000, 0.358823, -1.000000, 0.390975, -1.000000
0.190000, 0.630000, 3.800000, 0.698887, 0.353286, -1.000000, 0.392094, -1.000000, 0.359921, -1.000000, 0.390971, -1.000000
0.190000, 0.640000, 3.790000, 0.705200, 0.353323, -1.000000, 0.391905, -1.000000, 0.361020, -1.000000, 0.390967, -1.000000
0.190000, 0.650000, 3.780000, 0.711437, 0.353361, -1.000000, 0.391717, -1.000000, 0.362121, -1.000000, 0.390963, -1.000000
0.190000, 0.660000, 3.770000, 0.717600, 0.353399, -1.000000, 0.391529, -1.000000, 0.363223, -1.000000, 0.390960, -1.000000
0.190000, 0.670000, 3.760000, 0.723687, 0.353436, -1.000000, 0.391341, -1.000000, 0.364326, -1.000000, 0.390956, -1.000000
0.190000, 0.680000, 3.750000, 0.729700, 0.353474, -1.000000, 0.391153, -1.000000, 0.365431, -1.000000, 0.390952, -1.000000
0.190000, 0.690000, 3.740000, 0.735637, 0.353511, -1.000000, 0.390965, -1.000000, 0.366537, -1.000000, 0.390949, -1.000000
0.190000, 0.700000, 3.730000, 0.741500, 0.353549, -1.000000, 0.390777, -1.000000, 0.367645, -1.000000, 0.390945, -1.000000
0.190000, 0.710000, 3.720000, 0.747287, 0.353587, -1.000000, 0.390590, -1.000000, 0.368754, -1.000000, 0.390941, -1.000000
0.190000, 0.720000, 3.710000, 0.753000, 0.353624, -1.000000, 0.390402, -1.000000, 0.369864, -1.000000, 0.390938, -1.000000
0.190000, 0.730000, 3.700000, 0.758637, 0.353662, -1.000000, 0.390214, -1.000000, 0.370024, -1.000000, 0.390934, -1.000000
0.190000, 0.740000, 3.690000, 0.764200, 0.353700, -1.000000, 0.390026, -1.000000, 0.369890, -1.000000, 0.390930, -1.000000
0.190000, 0.750000, 3.680000, 0.769687, 0.353737, -1.000000, 0.389838, -1.000000, 0.369755, -1.000000, 0.390932, -1.000000
0.190000, 0.760000, 3.670000, 0.775100, 0.353775, -1.000000, 0.389651, -1.000000, 0.369621, -1.000000, 0.390935, -1.000000
0.190000, 0.770000, 3.660000, 0.780437, 0.353813, -1.000000, 0.389463, -1.000000, 0.369486, -1.000000, 0.390938, -1.000000
0.190000, 0.780000, 3.650000, 0.785700, 0.353850, -1.000000, 0.389275, -1.000000, 0.369352, -1.000000, 0.390942, -1.000000
0.190000, 0.790000, 3.640000, 0.790887, 0.353888, -1.000000, 0.389088, -1.000000, 0.369218, -1.000000, 0.390945, -1.000000
0.190000, 0.800000, 3.630000, 0.796000, 0.353926, -1.000000, 0.388900, -1.000000, 0.369083, -1.000000, 0.390948, -1.000000
0.190000, 0.810000, 3.620000, 0.801037, 0.353963, -1.000000, 0.388712, -1.000000, 0.368949, -1.000000, 0.390952, -1.000000
0.190000, 0.820000, 3.610000, 0.806000, 0.354001, -1.000000, 0.388525, -1.000000, 0.368814, -1.000000, 0.390955, -1.000000
0.190000, 0.830000, 3.600000, 0.810887, 0.354038, -1.000000, 0.388337, -1.000000, 0.368680, -1.000000, 0.390959, -1.000000
0.190000, 0.839999, 3.590000, 0.815700, 0.354076, -1.000000, 0.388150, -1.000000, 0.368546, -1.000000, 0.390962, -1.000000
0.190000, 0.849999, 3.580000, 0.820437, 0.354114, -1.000000, 0.387963, -1.000000, 0.368416, -1.000000, 0.390965, -1.000000
0.190000, 0.859999, 3.570000, 0.825100, 0.354151, -1.000000, 0.387775, -1.000000, 0.368334, -1.000000, 0.390969, -1.000000
0.190000, 0.869999, 3.560000, 0.829687, 0.354189, -1.000000, 0.387588, -1.000000, 0.368251, -1.000000, 0.390972, -1.000000
0.190000, 0.879999, 3.550000, 0.834200, 0.354227, -1.000000, 0.387400, -1.000000, 0.368169, -1.000000, 0.390975, -1.000000
0.190000, 0.889999, 3.540000, 0.838637, 0.354264, -1.000000, 0.387213, -1.000000, 0.368086, -1.000000, 0.390979, -1.000000
0.190000, 0.899999, 3.530000, 0.843000, 0.354302, -1.000000, 0.387026, -1.000000, 0.368004, -1.000000, 0.390982, -1.000000
0.190000, 0.909999, 3.520000, 0.847287, 0.354340, -1.000000, 0.386839, -1.000000, 0.367921, -1.000000, 0.390986, -1.000000
0.190000, 0.919999, 3.510000, 0.851500, 0.354377, -1.000000, 0.386651, -1.000000, 0.367839, -1.000000, 0.390989, -1.000000
0.190000, 0.929999, 3.500000, 0.855637, 0.354415, -1.000000, 0.386464, -1.000000, 0.367756, -1.000000, 0.390992, -1.000000
0.190000, 0.939999, 3.490000, 0.859700, 0.354453, -1.000000, 0.386277, -1.000000, 0.367674, -1.000000, 0.390996, -1.000000
0.190000, 0.949999, 3.480000, 0.863687, 0.354490, -1.000000, 0.386090, -1.000000, 0.367592, -1.000000, 0.390999, -1.000000
0.190000, 0.959999, 3.470001, 0.867600, 0.354528, -1.000000, 0.385903, -1.000000, 0.367509, -1.000000, 0.391002, -1.000000
0.190000, 0.969999, 3.460001, 0.871437, 0.354566, -1.000000, 0.385716, -1.000000, 0.367427, -1.000000, 0.391006, -1.000000
0.190000, 0.979999, 3.450001, 0.875200, 0.354603, -1.000000, 0.385529, -1.000000, 0.367344, -1.000000, 0.391009, -1.000000
0.190000, 0.989999, 3.440001, 0.878887, 0.354641, -1.000000, 0.385342, -1.000000, 0.367262, -1.000000, 0.391013, -1.000000
0.190000, 0.999999, 3.430001, 0.882500, 0.354679, -1.000000, 0.385155, -1.000000, 0.367180, -1.000000, 0.391016, -1.000000
0.200000, 0.000000, 4.400000, 0.150000, 0.213566, 0.732978, 0.404117, 0.995499, 0.221532, 0.804813, 0.239213, 0.983277
0.200000, 0.010000, 4.390000, 0.160963, 0.214952, -1.000000, 0.403927, -1.000000, 0.223303, -1.000000, 0.241270, -1.000000
0.200000, 0.020000, 4.380000, 0.171850, 0.216731, -1.000000, 0.403737, -1.000000, 0.225085, -1.000000, 0.243340, -1.000000
0.200000, 0.030000, 4.370000, 0.182663, 0.218981, -1.000000, 0.403547, -1.000000, 0.226877, -1.000000, 0.245421, -1.000000
0.200000, 0.040000, 4.360000, 0.193400, 0.221248, -1.000000, 0.403357, -1.000000, 0.228679, -1.000000, 0.247515, -1.000000
0.200000, 0.050000, 4.350000, 0.204063, 0.223532, -1.000000, 0.403167, -1.000000, 0.230491, -1.000000, 0.249620, -1.000000
0.200000, 0.060000, 4.340000, 0.214650, 0.225833, -1.000000, 0.402977, -1.000000, 0.232313, -1.000000, 0.251738, -1.000000
0.200000, 0.070000, 4.330000, 0.225163, 0.228151, -1.000000, 0.402787, -1.000000, 0.234145, -1.000000, 0.253867, -1.000000
0.200000, 0.080000, 4.320000, 0.235600, 0.230485, -1.000000, 0.402598, -1.000000, 0.235987, -1.000000, 0.256008, -1.000000
0.200000, 0.090000, 4.310000, 0.245963, 0.232835, -1.000000, 0.402408, -1.000000, 0.238109, -1.000000, 0.258161, -1.000000
0.200000, 0.100000, 4.300000, 0.256250, 0.235203, -1.000000, 0.402218, -1.000000, 0.240314, -1.000000, 0.260326, -1.000000
0.200000, 0.110000, 4.290000, 0.266463, 0.237587, -1.000000, 0.402028, -1.000000, 0.242532, -1.000000, 0.262503, -1.000000
0.200000, 0.120000, 4.280000, 0.276600, 0.239988, -1.000000, 0.401838, -1.000000, 0.244765, -1.000000, 0.264691, -1.000000
0.200000, 0.130000, 4.270000, 0.286663, 0.242405, -1.000000, 0.401649, -1.000000, 0.247011, -1.000000, 0.267149, -1.000000
0.200000, 0.140000, 4.260000, 0.296650, 0.244839, -1.000000, 0.401459, -1.000000, 0.249271, -1.000000, 0.269716, -1.000000
0.200000, 0.150000, 4.250000, 0.306563, 0.247289, -1.000000, 0.401269, -1.000000, 0.251544, -1.000000, 0.272299, -1.000000
0.200000, 0.160000, 4.240000, 0.316400, 0.249755, -1.000000, 0.401080, -1.000000, 0.253832, -1.000000, 0.274898, -1.000000
0.200000, 0.170000, 4.230000, 0.326163, 0.252238, -1.000000, 0.400890, -1.000000, 0.256133, -1.000000, 0.277511, -1.000000
0.200000, 0.180000, 4.220000, 0.335850, 0.254738, -1.000000, 0.400701, -1.000000, 0.258448, -1.000000, 0.280141, -1.000000
0.200000, 0.190000, 4.210000, 0.345463, 0.257253, -1.000000, 0.400511, -1.000000, 0.260776, -1.000000, 0.282785, -1.000000
0.200000, 0.200000, 4.200000, 0.355000, 0.259785, -1.000000, 0.400322, -1.000000, 0.263118, -1.000000, 0.285444, -1.000000
0.200000, 0.210000, 4.190000, 0.364463, 0.262332, -1.000000, 0.400132, -1.000000, 0.265473, -1.000000, 0.288118, -1.000000
0.200000, 0.220000, 4.180000, 0.373850, 0.264896, -1.000000, 0.399943, -1.000000, 0.267842, -1.000000, 0.290807, -1.000000
0.200000, 0.230000, 4.170000, 0.383163, 0.267476, -1.000000, 0.399753, -1.000000, 0.270224, -1.000000, 0.293511, -1.000000
0.200000, 0.240000, 4.160000, 0.392400, 0.270072, -1.000000, 0.399564, -1.000000, 0.272620, -1.000000, 0.296230, -1.000000
0.200000, 0.250000, 4.150000, 0.401563, 0.272683, -1.000000, 0.399375, -1.000000, 0.275028, -1.000000, 0.298963, -1.000000
0.200000, 0.260000, 4.140000, 0.410650, 0.275311, -1.000000, 0.399185, -1.000000, 0.277450, -1.000000, 0.301710, -1.000000
0.200000, 0.270000, 4.130000, 0.419663, 0.277953, -1.000000, 0.398996, -1.000000, 0.279885, -1.000000, 0.304472, -1.000000
0.200000, 0.280000, 4.120000, 0.428600, 0.280612, -1.000000, 0.398807, -1.000000, 0.282333, -1.000000, 0.307248, -1.000000
0.200000, 0.290000, 4.110000, 0.437463, 0.283286, -1.000000, 0.398618, -1.000000, 0.284794, -1.000000, 0.310038, -1.000000
0.200000, 0.300000, 4.100000, 0.446250, 0.285975, -1.000000, 0.398428, -1.000000, 0.287268, -1.000000, 0.312842, -1.000000
0.200000, 0.310000, 4.090000, 0.454963, 0.288679, -1.000000, 0.398239, -1.000000, 0.289754, -1.000000, 0.315659, -1.000000
0.200000, 0.320000, 4.080000, 0.463600, 0.291399, -1.000000, 0.398050, -1.000000, 0.292254, -1.000000, 0.318490, -1.000000
0.200000, 0.330000, 4.070000, 0.472162, 0.294134, -1.000000, 0.397861, -1.000000, 0.294765, -1.000000, 0.321335, -1.000000
0.200000, 0.340000, 4.060000, 0.480650, 0.296883, -1.000000, 0.397672, -1.000000, 0.297290, -1.000000, 0.324193, -1.000000
0.200000, 0.350000, 4.050000, 0.489062, 0.299648, -1.000000, 0.397483, -1.000000, 0.299827, -1.000000, 0.327064, -1.000000
0.200000, 0.360000, 4.040000, 0.497400, 0.302427, -1.000000, 0.397294, -1.000000, 0.302376, -1.000000, 0.329948, -1.000000
0.200000, 0.370000, 4.030000, 0.505662, 0.305220, -1.000000, 0.397105, -1.000000, 0.304937, -1.000000, 0.332845, -1.000000
0.200000, 0.380000, 4.020000, 0.513850, 0.308028, -1.000000, 0.396916, -1.000000, 0.307511, -1.000000, 0.335755, -1.000000
0.200000, 0.390000, 4.010000, 0.521962, 0.310850, -1.000000, 0.396727, -1.000000, 0.310096, -1.000000, 0.338677, -1.000000
0.200000, 0.400000, 4.000000, 0.530000, 0.313687, -1.000000, 0.396538, -1.000000, 0.312694, -1.000000, 0.341612, -1.000000
0.200000, 0.410000, 3.990000, 0.537962, 0.316537, -1.000000, 0.396349, -1.000000, 0.315303, -1.000000, 0.344558, -1.000000
0.200000, 0.420000, 3.980000, 0.545850, 0.319401, -1.000000, 0.396160, -1.000000, 0.317924, -1.000000, 0.347517, -1.000000
0.200000, 0.430000, 3.970000, 0.553662, 0.322279, -1.000000, 0.395972, -1.000000, 0.320556, -1.000000, 0.350488, -1.000000
0.200000, 0.440000, 3.960000, 0.561400, 0.325171, -1.000000, 0.395783, -1.000000, 0.323200, -1.000000, 0.353470, -1.000000
0.200000, 0.450000, 3.950000, 0.569062, 0.328075, -1.000000, 0.395594, -1.000000, 0.325856, -1.000000, 0.356419, -1.000000
0.200000, 0.460000, 3.940000, 0.576650, 0.330993, -1.000000, 0.395405, -1.000000, 0.328522, -1.000000, 0.359268, -1.000000
0.200000, 0.470000, 3.930000, 0.584162, 0.333925, -1.000000, 0.395217, -1.000000, 0.331200, -1.000000, 0.362126, -1.000000
0.200000, 0.480000, 3.920000, 0.591600, 0.336869, -1.000000, 0.395028, -1.000000, 0.333913, -1.000000, 0.364994, -1.000000
0.200000, 0.490000, 3.910000, 0.598962, 0.339825, -1.000000, 0.394840, -1.000000, 0.336778, -1.000000, 0.367872, -1.000000
0.200000, 0.500000, 3.900000, 0.606250, 0.342794, -1.000000, 0.394651, -1.000000, 0.339655, -1.000000, 0.370759, -1.000000
0.200000, 0.510000, 3.890000, 0.613462, 0.345776, -1.000000, 0.394462, -1.000000, 0.342543, -1.000000, 0.373656, -1.000000
0.200000, 0.520000, 3.880000, 0.620600, 0.348351, -1.000000, 0.394274, -1.000000, 0.345443, -1.000000, 0.376561, -1.000000
0.200000, 0.530000, 3.870000, 0.627662, 0.350418, -1.000000, 0.394085, -1.000000, 0.348355, -1.000000, 0.379476, -1.000000
0.200000, 0.540000, 3.860000, 0.634650, 0.352490, -1.000000, 0.393897, -1.000000, 0.350708, -1.000000, 0.382399, -1.000000
0.200000, 0.550000, 3.850000, 0.641562, 0.352966, -1.000000, 0.393709, -1.000000, 0.351795, -1.000000, 0.385330, -1.000000
0.200000, 0.560000, 3.840000, 0.648400, 0.353004, -1.000000, 0.393520, -1.000000, 0.352883, -1.000000, 0.388270, -1.000000
0.200000, 0.570000, 3.830000, 0.655162, 0.353041, -1.000000, 0.393332, -1.000000, 0.353972, -1.000000, 0.391011, -1.000000
0.200000, 0.580000, 3.820000, 0.661850, 0.353079, -1.000000, 0.393143, -1.000000, 0.355063, -1.000000, 0.391007, -1.000000
0.200000, 0.590000, 3.810000, 0.668462, 0.353116, -1.000000, 0.392955, -1.000000, 0.356156, -1.000000, 0.391004, -1.000000
0.200000, 0.600000, 3.800000, 0.675000, 0.353154, -1.000000, 0.392767, -1.000000, 0.357250, -1.000000, 0.391000, -1.000000
0.200000, 0.610000, 3.790000, 0.681462, 0.353192, -1.000000, 0.392579, -1.000000, 0.358345, -1.000000, 0.390996, -1.000000
0.200000, 0.620000, 3.780000, 0.687850, 0.353229, -1.000000, 0.392390, -1.000000, 0.359442, -1.000000, 0.390992, -1.000000
0.200000, 0.630000, 3.770000, 0.694162, 0.353267, -1.000000, 0.392202, -1.000000, 0.360541, -1.000000, 0.390989, -1.000000
0.200000, 0.640000, 3.760000, 0.700400, 0.353304, -1.000000, 0.392014, -1.000000, 0.361640, -1.000000, 0.390985, -1.000000
0.200000, 0.650000, 3.750000, 0.706562, 0.353342, -1.000000, 0.391826, -1.000000, 0.362742, -1.000000, 0.390981, -1.000000
0.200000, 0.660000, 3.740000, 0.712650, 0.353380, -1.000000, 0.391638, -1.000000, 0.363845, -1.000000, 0.390978, -1.000000
0.200000, 0.670000, 3.730000, 0.718662, 0.353417, -1.000000, 0.391450, -1.000000, 0.364949, -1.000000, 0.390974, -1.000000
0.200000, 0.680000, 3.720000, 0.724600, 0.353455, -1.000000, 0.391262, -1.000000, 0.366055, -1.000000, 0.390970, -1.000000
0.200000, 0.690000, 3.710000, 0.730462, 0.353493, -1.000000, 0.391074, -1.000000, 0.367162, -1.000000, 0.390967, -1.000000
0.200000, 0.700000, 3.700000, 0.736250, 0.353530, -1.000000, 0.390886, -1.000000, 0.368270, -1.000000, 0.390966, -1.000000
0.200000, 0.710000, 3.690000, 0.741962, 0.353568, -1.000000, 0.390698, -1.000000, 0.369380, -1.000000, 0.390969, -1.000000
0.200000, 0.720000, 3.680000, 0.747600, 0.353605, -1.000000, 0.390510, -1.000000, 0.370092, -1.000000, 0.390972, -1.000000
0.200000, 0.730000, 3.670000, 0.753162, 0.353643, -1.000000, 0.390322, -1.000000, 0.369958, -1.000000, 0.390976, -1.000000
0.200000, 0.740000, 3.660000, 0.758650, 0.353681, -1.000000, 0.390135, -1.000000, 0.369823, -1.000000, 0.390979, -1.000000
0.200000, 0.750000, 3.650000, 0.764062, 0.353718, -1.000000, 0.389947, -1.000000, 0.369689, -1.000000, 0.390983, -1.000000
0.200000, 0.760000, 3.640000, 0.769400, 0.353756, -1.000000, 0.389759, -1.000000, 0.369554, -1.000000, 0.390986, -1.000000
0.200000, 0.770000, 3.630000, 0.774662, 0.353794, -1.000000, 0.389571, -1.000000, 0.369420, -1.000000, 0.390989, -1.000000
0.200000, 0.780000, 3.620000, 0.779850, 0.353831, -1.000000, 0.389384, -1.000000, 0.369285, -1.000000, 0.390993, -1.000000
0.200000, 0.790000, 3.610000, 0.784962, 0.353869, -1.000000, 0.389196, -1.000000, 0.369151, -1.000000, 0.390996, -1.000000
0.200000, 0.800000, 3.600000, 0.790000, 0.353907, -1.000000, 0.389008, -1.000000, 0.369016, -1.000000, 0.390999, -1.000000
0.200000, 0.810000, 3.590000, 0.794962, 0.353944, -1.000000, 0.388821, -1.000000, 0.368882, -1.000000, 0.391003, -1.000000
0.200000, 0.820000, 3.580000, 0.799850, 0.353982, -1.000000, 0.388633, -1.000000, 0.368748, -1.000000, 0.391006, -1.000000
0.200000, 0.830000, 3.570000, 0.804662, 0.354020, -1.000000, 0.388446, -1.000000, 0.368613, -1.000000, 0.391009, -1.000000
0.200000, 0.839999, 3.560000, 0.809400, 0.354057, -1.000000, 0.388258, -1.000000, 0.368479, -1.000000, 0.391013, -1.000000
0.200000, 0.849999, 3.550000, 0.814062, 0.354095, -1.000000, 0.388071, -1.000000, 0.368370, -1.000000, 0.391016, -1.000000
0.200000, 0.859999, 3.540000, 0.818650, 0.354133, -1.000000, 0.387883, -1.000000, 0.368287, -1.000000, 0.391020, -1.000000
0.200000, 0.869999, 3.530000, 0.823162, 0.354170, -1.000000, 0.387696, -1.000000, 0.368205, -1.000000, 0.391023, -1.000000
0.200000, 0.879999, 3.520000, 0.827600, 0.354208, -1.000000, 0.387509, -1.000000, 0.368122, -1.000000, 0.391026, -1.000000
0.200000, 0.889999, 3.510000, 0.831962, 0.354246, -1.000000, 0.387321, -1.000000, 0.368040, -1.000000, 0.391030, -1.000000
0.200000, 0.899999, 3.500000, 0.836250, 0.354283, -1.000000, 0.387134, -1.000000, 0.367958, -1.000000, 0.391033, -1.000000
0.200000, 0.909999, 3.490000, 0.840462, 0.354321, -1.000000, 0.386947, -1.000000, 0.367875, -1.000000, 0.391036, -1.000000
0.200000, 0.919999, 3.480000, 0.844600, 0.354359, -1.000000, 0.386760, -1.000000, 0.367793, -1.000000, 0.391040, -1.000000
0.200000, 0.929999, 3.470001, 0.848662, 0.354396, -1.000000, 0.386573, -1.000000, 0.367710, -1.000000, 0.391043, -1.000000
0.200000, 0.939999, 3.460001, 0.852650, 0.354434, -1.000000, 0.386385, -1.000000, 0.367628, -1.000000, 0.391047, -1.000000
0.200000, 0.949999, 3.450001, 0.856562, 0.354472, -1.000000, 0.386198, -1.000000, 0.367545, -1.000000, 0.391050, -1.000000
0.200000, 0.959999, 3.440001, 0.860400, 0.354509, -1.000000, 0.386011, -1.000000, 0.367463, -1.000000, 0.391053, -1.000000
0.200000, 0.969999, 3.430001, 0.864162, 0.354547, -1.000000, 0.385824, -1.000000, 0.367381, -1.000000, 0.391057, -1.000000
0.200000, 0.979999, 3.420001, 0.867850, 0.354585, -1.000000, 0.385637, -1.000000, 0.367298, -1.000000, 0.391060, -1.000000
0.200000, 0.989999, 3.410001, 0.871462, 0.354622, -1.000000, 0.385450, -1.000000, 0.367216, -1.000000, 0.391063, -1.000000
0.200000, 0.999999, 3.400001, 0.875000, 0.354660, -1.000000, 0.385263, -1.000000, 0.367133, -1.000000, 0.391067, -1.000000
0.210000, 0.000000, 4.370000, 0.150000, 0.213356, 0.732976, 0.404227, 0.995514, 0.220892, 0.804879, 0.239106, 0.983542
0.210000, 0.010000, 4.360000, 0.160888, 0.214741, -1.000000, 0.404037, -1.000000, 0.222660, -1.000000, 0.241163, -1.000000
0.210000, 0.020000, 4.350000, 0.171700, 0.216568, -1.000000, 0.403847, -1.000000, 0.224438, -1.000000, 0.243232, -1.000000
0.210000, 0.030000, 4.340000, 0.182438, 0.218818, -1.000000, 0.403657, -1.000000, 0.226226, -1.000000, 0.245313, -1.000000
0.210000, 0.040000, 4.330000, 0.193100, 0.221084, -1.000000, 0.403467, -1.000000, 0.228025, -1.000000, 0.247406, -1.000000
0.210000, 0.050000, 4.320000, 0.203688, 0.223366, -1.000000, 0.403277, -1.000000, 0.229833, -1.000000, 0.249510, -1.000000
0.210000, 0.060000, 4.310000, 0.214200, 0.225666, -1.000000, 0.403087, -1.000000, 0.231651, -1.000000, 0.251627, -1.000000
0.210000, 0.070000, 4.300000, 0.224638, 0.227982, -1.000000, 0.402897, -1.000000, 0.233480, -1.000000, 0.253756, -1.000000
0.210000, 0.080000, 4.290000, 0.235000, 0.230315, -1.000000, 0.402707, -1.000000, 0.235521, -1.000000, 0.255897, -1.000000
0.210000, 0.090000, 4.280000, 0.245288, 0.232665, -1.000000, 0.402517, -1.000000, 0.237709, -1.000000, 0.258049, -1.000000
0.210000, 0.100000, 4.270000, 0.255500, 0.235031, -1.000000, 0.402328, -1.000000, 0.239911, -1.000000, 0.260213, -1.000000
0.210000, 0.110000, 4.260000, 0.265637, 0.237414, -1.000000, 0.402138, -1.000000, 0.242126, -1.000000, 0.262389, -1.000000
0.210000, 0.120000, 4.250000, 0.275700, 0.239813, -1.000000, 0.401948, -1.000000, 0.244356, -1.000000, 0.264631, -1.000000
0.210000, 0.130000, 4.240000, 0.285688, 0.242229, -1.000000, 0.401758, -1.000000, 0.246600, -1.000000, 0.267183, -1.000000
0.210000, 0.140000, 4.230000, 0.295600, 0.244662, -1.000000, 0.401569, -1.000000, 0.248857, -1.000000, 0.269751, -1.000000
0.210000, 0.150000, 4.220000, 0.305438, 0.247111, -1.000000, 0.401379, -1.000000, 0.251129, -1.000000, 0.272334, -1.000000
0.210000, 0.160000, 4.210000, 0.315200, 0.249576, -1.000000, 0.401189, -1.000000, 0.253414, -1.000000, 0.274933, -1.000000
0.210000, 0.170000, 4.200000, 0.324888, 0.252058, -1.000000, 0.401000, -1.000000, 0.255712, -1.000000, 0.277547, -1.000000
0.210000, 0.180000, 4.190000, 0.334500, 0.254556, -1.000000, 0.400810, -1.000000, 0.258024, -1.000000, 0.280176, -1.000000
0.210000, 0.190000, 4.180000, 0.344038, 0.257070, -1.000000, 0.400621, -1.000000, 0.260350, -1.000000, 0.282820, -1.000000
0.210000, 0.200000, 4.170000, 0.353500, 0.259601, -1.000000, 0.400431, -1.000000, 0.262690, -1.000000, 0.285480, -1.000000
0.210000, 0.210000, 4.160000, 0.362888, 0.262148, -1.000000, 0.400242, -1.000000, 0.265043, -1.000000, 0.288154, -1.000000
0.210000, 0.220000, 4.150000, 0.372200, 0.264710, -1.000000, 0.400052, -1.000000, 0.267409, -1.000000, 0.290844, -1.000000
0.210000, 0.230000, 4.140000, 0.381438, 0.267289, -1.000000, 0.399863, -1.000000, 0.269789, -1.000000, 0.293548, -1.000000
0.210000, 0.240000, 4.130000, 0.390600, 0.269883, -1.000000, 0.399673, -1.000000, 0.272182, -1.000000, 0.296267, -1.000000
0.210000, 0.250000, 4.120000, 0.399688, 0.272494, -1.000000, 0.399484, -1.000000, 0.274588, -1.000000, 0.299000, -1.000000
0.210000, 0.260000, 4.110000, 0.408700, 0.275120, -1.000000, 0.399295, -1.000000, 0.277007, -1.000000, 0.301747, -1.000000
0.210000, 0.270000, 4.100000, 0.417638, 0.277762, -1.000000, 0.399105, -1.000000, 0.279440, -1.000000, 0.304509, -1.000000
0.210000, 0.280000, 4.090000, 0.426500, 0.280419, -1.000000, 0.398916, -1.000000, 0.281886, -1.000000, 0.307285, -1.000000
0.210000, 0.290000, 4.080000, 0.435288, 0.283092, -1.000000, 0.398727, -1.000000, 0.284344, -1.000000, 0.310075, -1.000000
0.210000, 0.300000, 4.070000, 0.444000, 0.285780, -1.000000, 0.398538, -1.000000, 0.286816, -1.000000, 0.312879, -1.000000
0.210000, 0.310000, 4.060000, 0.452637, 0.288483, -1.000000, 0.398349, -1.000000, 0.289300, -1.000000, 0.315697, -1.000000
0.210000, 0.320000, 4.050000, 0.461200, 0.291202, -1.000000, 0.398159, -1.000000, 0.291797, -1.000000, 0.318529, -1.000000
0.210000, 0.330000, 4.040000, 0.469687, 0.293935, -1.000000, 0.397970, -1.000000, 0.294306, -1.000000, 0.321373, -1.000000
0.210000, 0.340000, 4.030000, 0.478100, 0.296684, -1.000000, 0.397781, -1.000000, 0.296828, -1.000000, 0.324232, -1.000000
0.210000, 0.350000, 4.020000, 0.486437, 0.299447, -1.000000, 0.397592, -1.000000, 0.299363, -1.000000, 0.327103, -1.000000
0.210000, 0.360000, 4.010000, 0.494700, 0.302225, -1.000000, 0.397403, -1.000000, 0.301910, -1.000000, 0.329987, -1.000000
0.210000, 0.370000, 4.000000, 0.502887, 0.305017, -1.000000, 0.397214, -1.000000, 0.304469, -1.000000, 0.332884, -1.000000
0.210000, 0.380000, 3.990000, 0.511000, 0.307824, -1.000000, 0.397025, -1.000000, 0.307040, -1.000000, 0.335794, -1.000000
0.210000, 0.390000, 3.980000, 0.519037, 0.310645, -1.000000, 0.396836, -1.000000, 0.309623, -1.000000, 0.338717, -1.000000
0.210000, 0.400000, 3.970000, 0.527000, 0.313481, -1.000000, 0.396647, -1.000000, 0.312219, -1.000000, 0.341651, -1.000000
0.210000, 0.410000, 3.960000, 0.534887, 0.316330, -1.000000, 0.396458, -1.000000, 0.314826, -1.000000, 0.344598, -1.000000
0.210000, 0.420000, 3.950000, 0.542700, 0.319193, -1.000000, 0.396270, -1.000000, 0.317445, -1.000000, 0.347557, -1.000000
0.210000, 0.430000, 3.940000, 0.550437, 0.322070, -1.000000, 0.396081, -1.000000, 0.320075, -1.000000, 0.350528, -1.000000
0.210000, 0.440000, 3.930000, 0.558100, 0.324961, -1.000000, 0.395892, -1.000000, 0.322717, -1.000000, 0.353510, -1.000000
0.210000, 0.450000, 3.920000, 0.565687, 0.327865, -1.000000, 0.395703, -1.000000, 0.325370, -1.000000, 0.356504, -1.000000
0.210000, 0.460000, 3.910000, 0.573200, 0.330782, -1.000000, 0.395515, -1.000000, 0.328035, -1.000000, 0.359509, -1.000000
0.210000, 0.470000, 3.900000, 0.580637, 0.333712, -1.000000, 0.395326, -1.000000, 0.330873, -1.000000, 0.362525, -1.000000
0.210000, 0.480000, 3.890000, 0.588000, 0.336655, -1.000000, 0.395137, -1.000000, 0.333724, -1.000000, 0.365517, -1.000000
0.210000, 0.490000, 3.880000, 0.595287, 0.339611, -1.000000, 0.394949, -1.000000, 0.336588, -1.000000, 0.368396, -1.000000
0.210000, 0.500000, 3.870000, 0.602500, 0.342579, -1.000000, 0.394760, -1.000000, 0.339464, -1.000000, 0.371285, -1.000000
0.210000, 0.510000, 3.860000, 0.609637, 0.345560, -1.000000, 0.394571, -1.000000, 0.342352, -1.000000, 0.374183, -1.000000
0.210000, 0.520000, 3.850000, 0.616700, 0.348046, -1.000000, 0.394383, -1.000000, 0.345251, -1.000000, 0.377090, -1.000000
0.210000, 0.530000, 3.840000, 0.623687, 0.350112, -1.000000, 0.394194, -1.000000, 0.348162, -1.000000, 0.380007, -1.000000
0.210000, 0.540000, 3.830000, 0.630600, 0.352184, -1.000000, 0.394006, -1.000000, 0.351085, -1.000000, 0.382931, -1.000000
0.210000, 0.550000, 3.820000, 0.637437, 0.352947, -1.000000, 0.393817, -1.000000, 0.352408, -1.000000, 0.385864, -1.000000
0.210000, 0.560000, 3.810000, 0.644200, 0.352985, -1.000000, 0.393629, -1.000000, 0.353497, -1.000000, 0.388806, -1.000000
0.210000, 0.570000, 3.800000, 0.650887, 0.353022, -1.000000, 0.393441, -1.000000, 0.354587, -1.000000, 0.391029, -1.000000
0.210000, 0.580000, 3.790000, 0.657500, 0.353060, -1.000000, 0.393252, -1.000000, 0.355679, -1.000000, 0.391025, -1.000000
0.210000, 0.590000, 3.780000, 0.664037, 0.353098, -1.000000, 0.393064, -1.000000, 0.356772, -1.000000, 0.391021, -1.000000
0.210000, 0.600000, 3.770000, 0.670500, 0.353135, -1.000000, 0.392876, -1.000000, 0.357867, -1.000000, 0.391018, -1.000000
0.210000, 0.610000, 3.760000, 0.676887, 0.353173, -1.000000, 0.392688, -1.000000, 0.358963, -1.000000, 0.391014, -1.000000
0.210000, 0.620000, 3.750000, 0.683200, 0.353210, -1.000000, 0.392499, -1.000000, 0.360061, -1.000000, 0.391010, -1.000000
0.210000, 0.630000, 3.740000, 0.689437, 0.353248, -1.000000, 0.392311, -1.000000, 0.361161, -1.000000, 0.391007, -1.000000
0.210000, 0.640000, 3.730000, 0.695600, 0.353286, -1.000000, 0.392123, -1.000000, 0.362261, -1.000000, 0.391003, -1.000000
0.210000, 0.650000, 3.720000, 0.701687, 0.353323, -1.000000, 0.391935, -1.000000, 0.363363, -1.000000, 0.391000, -1.000000
0.210000, 0.660000, 3.710000, 0.707700, 0.353361, -1.000000, 0.391747, -1.000000, 0.364467, -1.000000, 0.391003, -1.000000
0.210000, 0.670000, 3.700000, 0.713637, 0.353399, -1.000000, 0.391559, -1.000000, 0.365572, -1.000000, 0.391006, -1.000000
0.210000, 0.680000, 3.690000, 0.719500, 0.353436, -1.000000, 0.391371, -1.000000, 0.366679, -1.000000, 0.391010, -1.000000
0.210000, 0.690000, 3.680000, 0.725287, 0.353474, -1.000000, 0.391183, -1.000000, 0.367786, -1.000000, 0.391013, -1.000000
0.210000, 0.700000, 3.670000, 0.731000, 0.353511, -1.000000, 0.390995, -1.000000, 0.368896, -1.000000, 0.391017, -1.000000
0.210000, 0.710000, 3.660000, 0.736637, 0.353549, -1.000000, 0.390807, -1.000000, 0.370006, -1.000000, 0.391020, -1.000000
0.210000, 0.720000, 3.650000, 0.742200, 0.353587, -1.000000, 0.390619, -1.000000, 0.370025, -1.000000, 0.391023, -1.000000
0.210000, 0.730000, 3.640000, 0.747687, 0.353624, -1.000000, 0.390431, -1.000000, 0.369891, -1.000000, 0.391027, -1.000000
0.210000, 0.740000, 3.630000, 0.753100, 0.353662, -1.000000, 0.390243, -1.000000, 0.369756, -1.000000, 0.391030, -1.000000
0.210000, 0.750000, 3.620000, 0.758437, 0.353700, -1.000000, 0.390055, -1.000000, 0.369622, -1.000000, 0.391033, -1.000000
0.210000, 0.760000, 3.610000, 0.763700, 0.353737, -1.000000, 0.389868, -1.000000, 0.369487, -1.000000, 0.391037, -1.000000
0.210000, 0.770000, 3.600000, 0.768887, 0.353775, -1.000000, 0.389680, -1.000000, 0.369353, -1.000000, 0.391040, -1.000000
0.210000, 0.780000, 3.590000, 0.774000, 0.353812, -1.000000, 0.389492, -1.000000, 0.369218, -1.000000, 0.391043, -1.000000
0.210000, 0.790000, 3.580000, 0.779037, 0.353850, -1.000000, 0.389305, -1.000000, 0.369084, -1.000000, 0.391047, -1.000000
0.210000, 0.800000, 3.570000, 0.784000, 0.353888, -1.000000, 0.389117, -1.000000, 0.368950, -1.000000, 0.391050, -1.000000
0.210000, 0.810000, 3.560000, 0.788887, 0.353925, -1.000000, 0.388929, -1.000000, 0.368815, -1.000000, 0.391054, -1.000000
0.210000, 0.820000, 3.550000, 0.793700, 0.353963, -1.000000, 0.388742, -1.000000, 0.368681, -1.000000, 0.391057, -1.000000
0.210000, 0.830000, 3.540000, 0.798437, 0.354001, -1.000000, 0.388554, -1.000000, 0.368547, -1.000000, 0.391060, -1.000000
0.210000, 0.839999, 3.530000, 0.803100, 0.354038, -1.000000, 0.388367, -1.000000, 0.368412, -1.000000, 0.391064, -1.000000
0.210000, 0.849999, 3.520000, 0.807687, 0.354076, -1.000000, 0.388179, -1.000000, 0.368324, -1.000000, 0.391067, -1.000000
0.210000, 0.859999, 3.510000, 0.812200, 0.354114, -1.000000, 0.387992, -1.000000, 0.368241, -1.000000, 0.391070, -1.000000
0.210000, 0.869999, 3.500000, 0.816637, 0.354151, -1.000000, 0.387804, -1.000000, 0.368159, -1.000000, 0.391074, -1.000000
0.210000, 0.879999, 3.490000, 0.821000, 0.354189, -1.000000, 0.387617, -1.000000, 0.368076, -1.000000, 0.391077, -1.000000
0.210000, 0.889999, 3.480000, 0.825287, 0.354227, -1.000000, 0.387430, -1.000000, 0.367994, -1.000000, 0.391081, -1.000000
0.210000, 0.899999, 3.470001, 0.829500, 0.354264, -1.000000, 0.387242, -1.000000, 0.367911, -1.000000, 0.391084, -1.000000
0.210000, 0.909999, 3.460001, 0.833637, 0.354302, -1.000000, 0.387055, -1.000000, 0.367829, -1.000000, 0.391087, -1.000000
0.210000, 0.919999, 3.450001, 0.837700, 0.354340, -1.000000, 0.386868, -1.000000, 0.367746, -1.000000, 0.391091, -1.000000
0.210000, 0.929999, 3.440001, 0.841687, 0.354377, -1.000000, 0.386681, -1.000000, 0.367664, -1.000000, 0.391094, -1.000000
0.210000, 0.939999, 3.430001, 0.845600, 0.354415, -1.000000, 0.386494, -1.000000, 0.367582, -1.000000, 0.391097, -1.000000
0.210000, 0.949999, 3.420001, 0.849437, 0.354453, -1.000000, 0.386306, -1.000000, 0.367499, -1.000000, 0.391101, -1.000000
0.210000, 0.959999, 3.410001, 0.853200, 0.354490, -1.000000, 0.386119, -1.000000, 0.367417, -1.000000, 0.391104, -1.000000
0.210000, 0.969999, 3.400001, 0.856887, 0.354528, -1.000000, 0.385932, -1.000000, 0.367334, -1.000000, 0.391108, -1.000000
0.210000, 0.979999, 3.390001, 0.860500, 0.354566, -1.000000, 0.385745, -1.000000, 0.367252, -1.000000, 0.391111, -1.000000
0.210000, 0.989999, 3.380001, 0.864037, 0.354603, -1.000000, 0.385558, -1.000000, 0.367170, -1.000000, 0.391114, -1.000000
0.210000, 0.999999, 3.370001, 0.867500, 0.354641, -1.000000, 0.385371, -1.000000, 0.367087, -1.000000, 0.391118, -1.000000
0.220000, 0.000000, 4.340000, 0.150000, 0.213147, 0.732975, 0.404337, 0.995529, 0.220253, 0.804945, 0.238999, 0.983802
0.220000, 0.010000, 4.330000, 0.160813, 0.214531, -1.000000, 0.404147, -1.000000, 0.222018, -1.000000, 0.241055, -1.000000
0.220000, 0.020000, 4.320000, 0.171550, 0.216406, -1.000000, 0.403957, -1.000000, 0.223792, -1.000000, 0.243124, -1.000000
0.220000, 0.030000, 4.310000, 0.182213, 0.218654, -1.000000, 0.403767, -1.000000, 0.225577, -1.000000, 0.245204, -1.000000
0.220000, 0.040000, 4.300000, 0.192800, 0.220919, -1.000000, 0.403577, -1.000000, 0.227371, -1.000000, 0.247296, -1.000000
0.220000, 0.050000, 4.290000, 0.203313, 0.223201, -1.000000, 0.403387, -1.000000, 0.229176, -1.000000, 0.249401, -1.000000
0.220000, 0.060000, 4.280000, 0.213750, 0.225499, -1.000000, 0.403197, -1.000000, 0.230991, -1.000000, 0.251517, -1.000000
0.220000, 0.070000, 4.270000, 0.224113, 0.227814, -1.000000, 0.403007, -1.000000, 0.232951, -1.000000, 0.253645, -1.000000
0.220000, 0.080000, 4.260000, 0.234400, 0.230146, -1.000000, 0.402817, -1.000000, 0.235123, -1.000000, 0.255785, -1.000000
0.220000, 0.090000, 4.250000, 0.244613, 0.232494, -1.000000, 0.402627, -1.000000, 0.237308, -1.000000, 0.257936, -1.000000
0.220000, 0.100000, 4.240000, 0.254750, 0.234859, -1.000000, 0.402437, -1.000000, 0.239508, -1.000000, 0.260100, -1.000000
0.220000, 0.110000, 4.230000, 0.264812, 0.237241, -1.000000, 0.402248, -1.000000, 0.241721, -1.000000, 0.262275, -1.000000
0.220000, 0.120000, 4.220000, 0.274800, 0.239639, -1.000000, 0.402058, -1.000000, 0.243948, -1.000000, 0.264665, -1.000000
0.220000, 0.130000, 4.210000, 0.284712, 0.242054, -1.000000, 0.401868, -1.000000, 0.246190, -1.000000, 0.267217, -1.000000
0.220000, 0.140000, 4.200000, 0.294550, 0.244485, -1.000000, 0.401678, -1.000000, 0.248444, -1.000000, 0.269785, -1.000000
0.220000, 0.150000, 4.190000, 0.304312, 0.246933, -1.000000, 0.401489, -1.000000, 0.250713, -1.000000, 0.272369, -1.000000
0.220000, 0.160000, 4.180000, 0.314000, 0.249397, -1.000000, 0.401299, -1.000000, 0.252996, -1.000000, 0.274968, -1.000000
0.220000, 0.170000, 4.170000, 0.323613, 0.251878, -1.000000, 0.401109, -1.000000, 0.255292, -1.000000, 0.277582, -1.000000
0.220000, 0.180000, 4.160000, 0.333150, 0.254375, -1.000000, 0.400920, -1.000000, 0.257602, -1.000000, 0.280212, -1.000000
0.220000, 0.190000, 4.150000, 0.342613, 0.256888, -1.000000, 0.400730, -1.000000, 0.259925, -1.000000, 0.282856, -1.000000
0.220000, 0.200000, 4.140000, 0.352000, 0.259417, -1.000000, 0.400541, -1.000000, 0.262262, -1.000000, 0.285516, -1.000000
0.220000, 0.210000, 4.130000, 0.361313, 0.261963, -1.000000, 0.400351, -1.000000, 0.264612, -1.000000, 0.288191, -1.000000
0.220000, 0.220000, 4.120000, 0.370550, 0.264524, -1.000000, 0.400162, -1.000000, 0.266976, -1.000000, 0.290880, -1.000000
0.220000, 0.230000, 4.110000, 0.379713, 0.267102, -1.000000, 0.399972, -1.000000, 0.269354, -1.000000, 0.293584, -1.000000
0.220000, 0.240000, 4.100000, 0.388800, 0.269695, -1.000000, 0.399783, -1.000000, 0.271744, -1.000000, 0.296303, -1.000000
0.220000, 0.250000, 4.090000, 0.397813, 0.272304, -1.000000, 0.399594, -1.000000, 0.274148, -1.000000, 0.299037, -1.000000
0.220000, 0.260000, 4.080000, 0.406750, 0.274929, -1.000000, 0.399404, -1.000000, 0.276565, -1.000000, 0.301784, -1.000000
0.220000, 0.270000, 4.070000, 0.415613, 0.277570, -1.000000, 0.399215, -1.000000, 0.278995, -1.000000, 0.304547, -1.000000
0.220000, 0.280000, 4.060000, 0.424400, 0.280226, -1.000000, 0.399026, -1.000000, 0.281438, -1.000000, 0.307323, -1.000000
0.220000, 0.290000, 4.050000, 0.433113, 0.282898, -1.000000, 0.398836, -1.000000, 0.283895, -1.000000, 0.310113, -1.000000
0.220000, 0.300000, 4.040000, 0.441750, 0.285585, -1.000000, 0.398647, -1.000000, 0.286364, -1.000000, 0.312917, -1.000000
0.220000, 0.310000, 4.030000, 0.450312, 0.288287, -1.000000, 0.398458, -1.000000, 0.288846, -1.000000, 0.315735, -1.000000
0.220000, 0.320000, 4.020000, 0.458800, 0.291004, -1.000000, 0.398269, -1.000000, 0.291340, -1.000000, 0.318567, -1.000000
0.220000, 0.330000, 4.010000, 0.467212, 0.293737, -1.000000, 0.398080, -1.000000, 0.293847, -1.000000, 0.321412, -1.000000
0.220000, 0.340000, 4.000000, 0.475550, 0.296484, -1.000000, 0.397891, -1.000000, 0.296367, -1.000000, 0.324270, -1.000000
0.220000, 0.350000, 3.990000, 0.483812, 0.299246, -1.000000, 0.397702, -1.000000, 0.298900, -1.000000, 0.327142, -1.000000
0.220000, 0.360000, 3.980000, 0.492000, 0.302023, -1.000000, 0.397512, -1.000000, 0.301444, -1.000000, 0.330026, -1.000000
0.220000, 0.370000, 3.970000, 0.500112, 0.304815, -1.000000, 0.397323, -1.000000, 0.304001, -1.000000, 0.332923, -1.000000
0.220000, 0.380000, 3.960000, 0.508150, 0.307621, -1.000000, 0.397134, -1.000000, 0.306570, -1.000000, 0.335833, -1.000000
0.220000, 0.390000, 3.950000, 0.516112, 0.310441, -1.000000, 0.396946, -1.000000, 0.309151, -1.000000, 0.338756, -1.000000
0.220000, 0.400000, 3.940000, 0.524000, 0.313275, -1.000000, 0.396757, -1.000000, 0.311744, -1.000000, 0.341691, -1.000000
0.220000, 0.410000, 3.930000, 0.531812, 0.316123, -1.000000, 0.396568, -1.000000, 0.314349, -1.000000, 0.344638, -1.000000
0.220000, 0.420000, 3.920000, 0.539550, 0.318986, -1.000000, 0.396379, -1.000000, 0.316966, -1.000000, 0.347597, -1.000000
0.220000, 0.430000, 3.910000, 0.547212, 0.321862, -1.000000, 0.396190, -1.000000, 0.319594, -1.000000, 0.350568, -1.000000
0.220000, 0.440000, 3.900000, 0.554800, 0.324751, -1.000000, 0.396001, -1.000000, 0.322234, -1.000000, 0.353550, -1.000000
0.220000, 0.450000, 3.890000, 0.562312, 0.327654, -1.000000, 0.395812, -1.000000, 0.325020, -1.000000, 0.356544, -1.000000
0.220000, 0.460000, 3.880000, 0.569750, 0.330570, -1.000000, 0.395624, -1.000000, 0.327846, -1.000000, 0.359549, -1.000000
0.220000, 0.470000, 3.870000, 0.577112, 0.333499, -1.000000, 0.395435, -1.000000, 0.330685, -1.000000, 0.362566, -1.000000
0.220000, 0.480000, 3.860000, 0.584400, 0.336441, -1.000000, 0.395246, -1.000000, 0.333535, -1.000000, 0.365593, -1.000000
0.220000, 0.490000, 3.850000, 0.591612, 0.339396, -1.000000, 0.395058, -1.000000, 0.336399, -1.000000, 0.368631, -1.000000
0.220000, 0.500000, 3.840000, 0.598750, 0.342364, -1.000000, 0.394869, -1.000000, 0.339274, -1.000000, 0.371679, -1.000000
0.220000, 0.510000, 3.830000, 0.605812, 0.345344, -1.000000, 0.394680, -1.000000, 0.342161, -1.000000, 0.374711, -1.000000
0.220000, 0.520000, 3.820000, 0.612800, 0.347742, -1.000000, 0.394492, -1.000000, 0.345059, -1.000000, 0.377620, -1.000000
0.220000, 0.530000, 3.810000, 0.619712, 0.349807, -1.000000, 0.394303, -1.000000, 0.347970, -1.000000, 0.380538, -1.000000
0.220000, 0.540000, 3.800000, 0.626550, 0.351878, -1.000000, 0.394115, -1.000000, 0.350891, -1.000000, 0.383464, -1.000000
0.220000, 0.550000, 3.790000, 0.633312, 0.352928, -1.000000, 0.393927, -1.000000, 0.353022, -1.000000, 0.386399, -1.000000
0.220000, 0.560000, 3.780000, 0.640000, 0.352966, -1.000000, 0.393738, -1.000000, 0.354111, -1.000000, 0.389342, -1.000000
0.220000, 0.570000, 3.770000, 0.646612, 0.353003, -1.000000, 0.393550, -1.000000, 0.355202, -1.000000, 0.391047, -1.000000
0.220000, 0.580000, 3.760000, 0.653150, 0.353041, -1.000000, 0.393361, -1.000000, 0.356295, -1.000000, 0.391043, -1.000000
0.220000, 0.590000, 3.750000, 0.659612, 0.353079, -1.000000, 0.393173, -1.000000, 0.357389, -1.000000, 0.391039, -1.000000
0.220000, 0.600000, 3.740000, 0.666000, 0.353116, -1.000000, 0.392985, -1.000000, 0.358485, -1.000000, 0.391036, -1.000000
0.220000, 0.610000, 3.730000, 0.672312, 0.353154, -1.000000, 0.392796, -1.000000, 0.359582, -1.000000, 0.391037, -1.000000
0.220000, 0.620000, 3.720000, 0.678550, 0.353192, -1.000000, 0.392608, -1.000000, 0.360681, -1.000000, 0.391040, -1.000000
0.220000, 0.630000, 3.710000, 0.684712, 0.353229, -1.000000, 0.392420, -1.000000, 0.361781, -1.000000, 0.391044, -1.000000
0.220000, 0.640000, 3.700000, 0.690800, 0.353267, -1.000000, 0.392232, -1.000000, 0.362882, -1.000000, 0.391047, -1.000000
0.220000, 0.650000, 3.690000, 0.696812, 0.353304, -1.000000, 0.392044, -1.000000, 0.363985, -1.000000, 0.391051, -1.000000
0.220000, 0.660000, 3.680000, 0.702750, 0.353342, -1.000000, 0.391856, -1.000000, 0.365090, -1.000000, 0.391054, -1.000000
0.220000, 0.670000, 3.670000, 0.708612, 0.353380, -1.000000, 0.391667, -1.000000, 0.366196, -1.000000, 0.391057, -1.000000
0.220000, 0.680000, 3.660000, 0.714400, 0.353417, -1.000000, 0.391479, -1.000000, 0.367303, -1.000000, 0.391061, -1.000000
0.220000, 0.690000, 3.650000, 0.720112, 0.353455, -1.000000, 0.391291, -1.000000, 0.368412, -1.000000, 0.391064, -1.000000
0.220000, 0.700000, 3.640000, 0.725750, 0.353493, -1.000000, 0.391103, -1.000000, 0.369522, -1.000000, 0.391067, -1.000000
0.220000, 0.710000, 3.630000, 0.731312, 0.353530, -1.000000, 0.390916, -1.000000, 0.370093, -1.000000, 0.391071, -1.000000
0.220000, 0.720000, 3.620000, 0.736800, 0.353568, -1.000000, 0.390728, -1.000000, 0.369958, -1.000000, 0.391074, -1.000000
0.220000, 0.730000, 3.610000, 0.742212, 0.353605, -1.000000, 0.390540, -1.000000, 0.369824, -1.000000, 0.391078, -1.000000
0.220000, 0.740000, 3.600000, 0.747550, 0.353643, -1.000000, 0.390352, -1.000000, 0.369689, -1.000000, 0.391081, -1.000000
0.220000, 0.750000, 3.590000, 0.752812, 0.353681, -1.000000, 0.390164, -1.000000, 0.369555, -1.000000, 0.391084, -1.000000
0.220000, 0.760000, 3.580000, 0.758000, 0.353718, -1.000000, 0.389976, -1.000000, 0.369421, -1.000000, 0.391088, -1.000000
0.220000, 0.770000, 3.570000, 0.763112, 0.353756, -1.000000, 0.389789, -1.000000, 0.369286, -1.000000, 0.391091, -1.000000
0.220000, 0.780000, 3.560000, 0.768150, 0.353794, -1.000000, 0.389601, -1.000000, 0.369152, -1.000000, 0.391094, -1.000000
0.220000, 0.790000, 3.550000, 0.773112, 0.353831, -1.000000, 0.389413, -1.000000, 0.369017, -1.000000, 0.391098, -1.000000
0.220000, 0.800000, 3.540000, 0.778000, 0.353869, -1.000000, 0.389225, -1.000000, 0.368883, -1.000000, 0.391101, -1.000000
0.220000, 0.810000, 3.530000, 0.782812, 0.353907, -1.000000, 0.389038, -1.000000, 0.368749, -1.000000, 0.391104, -1.000000
0.220000, 0.820000, 3.520000, 0.787550, 0.353944, -1.000000, 0.388850, -1.000000, 0.368614, -1.000000, 0.391108, -1.000000
0.220000, 0.830000, 3.510000, 0.792212, 0.353982, -1.000000, 0.388663, -1.000000, 0.368480, -1.000000, 0.391111, -1.000000
0.220000, 0.839999, 3.500000, 0.796800, 0.354020, -1.000000, 0.388475, -1.000000, 0.368360, -1.000000, 0.391115, -1.000000
0.220000, 0.849999, 3.490000, 0.801312, 0.354057, -1.000000, 0.388288, -1.000000, 0.368277, -1.000000, 0.391118, -1.000000
0.220000, 0.859999, 3.480000, 0.805750, 0.354095, -1.000000, 0.388100, -1.000000, 0.368195, -1.000000, 0.391121, -1.000000
0.220000, 0.869999, 3.470000, 0.810112, 0.354132, -1.000000, 0.387913, -1.000000, 0.368112, -1.000000, 0.391125, -1.000000
0.220000, 0.879999, 3.460001, 0.814400, 0.354170, -1.000000, 0.387725, -1.000000, 0.368030, -1.000000, 0.391128, -1.000000
0.220000, 0.889999, 3.450000, 0.818612, 0.354208, -1.000000, 0.387538, -1.000000, 0.367947, -1.000000, 0.391131, -1.000000
0.220000, 0.899999, 3.440001, 0.822750, 0.354245, -1.000000, 0.387351, -1.000000, 0.367865, -1.000000, 0.391135, -1.000000
0.220000, 0.909999, 3.430000, 0.826812, 0.354283, -1.000000, 0.387163, -1.000000, 0.367783, -1.000000, 0.391138, -1.000000
0.220000, 0.919999, 3.420001, 0.830800, 0.354321, -1.000000, 0.386976, -1.000000, 0.367700, -1.000000, 0.391142, -1.000000
0.220000, 0.929999, 3.410000, 0.834712, 0.354359, -1.000000, 0.386789, -1.000000, 0.367618, -1.000000, 0.391145, -1.000000
0.220000, 0.939999, 3.400001, 0.838550, 0.354396, -1.000000, 0.386602, -1.000000, 0.367535, -1.000000, 0.391148, -1.000000
0.220000, 0.949999, 3.390000, 0.842312, 0.354434, -1.000000, 0.386415, -1.000000, 0.367453, -1.000000, 0.391152, -1.000000
0.220000, 0.959999, 3.380001, 0.846000, 0.354472, -1.000000, 0.386228, -1.000000, 0.367371, -1.000000, 0.391155, -1.000000
0.220000, 0.969999, 3.370000, 0.849612, 0.354509, -1.000000, 0.386040, -1.000000, 0.367288, -1.000000, 0.391158, -1.000000
0.220000, 0.979999, 3.360001, 0.853150, 0.354547, -1.000000, 0.385853, -1.000000, 0.367206, -1.000000, 0.391162, -1.000000
0.220000, 0.989999, 3.350000, 0.856612, 0.354585, -1.000000, 0.385666, -1.000000, 0.367123, -1.000000, 0.391165, -1.000000
0.220000, 0.999999, 3.340001, 0.860000, 0.354622, -1.000000, 0.385479, -1.000000, 0.367041, -1.000000, 0.391221, -1.000000
0.230000, 0.000000, 4.310000, 0.150000, 0.212937, 0.732973, 0.404447, 0.995543, 0.219616, 0.805011, 0.238892, 0.984059
0.230000, 0.010000, 4.300000, 0.160737, 0.214320, -1.000000, 0.404257, -1.000000, 0.221377, -1.000000, 0.240948, -1.000000
0.230000, 0.020000, 4.290000, 0.171400, 0.216244, -1.000000, 0.404067, -1.000000, 0.223148, -1.000000, 0.243016, -1.000000
0.230000, 0.030000, 4.280000, 0.181987, 0.218491, -1.000000, 0.403877, -1.000000, 0.224929, -1.000000, 0.245095, -1.000000
0.230000, 0.040000, 4.270000, 0.192500, 0.220755, -1.000000, 0.403687, -1.000000, 0.226720, -1.000000, 0.247187, -1.000000
0.230000, 0.050000, 4.260000, 0.202937, 0.223035, -1.000000, 0.403497, -1.000000, 0.228521, -1.000000, 0.249291, -1.000000
0.230000, 0.060000, 4.250000, 0.213300, 0.225332, -1.000000, 0.403307, -1.000000, 0.230402, -1.000000, 0.251406, -1.000000
0.230000, 0.070000, 4.240000, 0.223588, 0.227646, -1.000000, 0.403117, -1.000000, 0.232557, -1.000000, 0.253534, -1.000000
0.230000, 0.080000, 4.230000, 0.233800, 0.229976, -1.000000, 0.402927, -1.000000, 0.234726, -1.000000, 0.255673, -1.000000
0.230000, 0.090000, 4.220000, 0.243937, 0.232323, -1.000000, 0.402737, -1.000000, 0.236909, -1.000000, 0.257824, -1.000000
0.230000, 0.100000, 4.210000, 0.254000, 0.234687, -1.000000, 0.402547, -1.000000, 0.239106, -1.000000, 0.259987, -1.000000
0.230000, 0.110000, 4.200000, 0.263987, 0.237068, -1.000000, 0.402357, -1.000000, 0.241316, -1.000000, 0.262162, -1.000000
0.230000, 0.120000, 4.190000, 0.273900, 0.239465, -1.000000, 0.402168, -1.000000, 0.243541, -1.000000, 0.264699, -1.000000
0.230000, 0.130000, 4.180000, 0.283737, 0.241879, -1.000000, 0.401978, -1.000000, 0.245780, -1.000000, 0.267252, -1.000000
0.230000, 0.140000, 4.170000, 0.293500, 0.244309, -1.000000, 0.401788, -1.000000, 0.248032, -1.000000, 0.269820, -1.000000
0.230000, 0.150000, 4.160000, 0.303187, 0.246755, -1.000000, 0.401598, -1.000000, 0.250298, -1.000000, 0.272404, -1.000000
0.230000, 0.160000, 4.150000, 0.312800, 0.249218, -1.000000, 0.401409, -1.000000, 0.252578, -1.000000, 0.275003, -1.000000
0.230000, 0.170000, 4.140000, 0.322338, 0.251698, -1.000000, 0.401219, -1.000000, 0.254872, -1.000000, 0.277617, -1.000000
0.230000, 0.180000, 4.130000, 0.331800, 0.254193, -1.000000, 0.401030, -1.000000, 0.257179, -1.000000, 0.280247, -1.000000
0.230000, 0.190000, 4.120000, 0.341188, 0.256705, -1.000000, 0.400840, -1.000000, 0.259500, -1.000000, 0.282892, -1.000000
0.230000, 0.200000, 4.110000, 0.350500, 0.259233, -1.000000, 0.400650, -1.000000, 0.261835, -1.000000, 0.285552, -1.000000
0.230000, 0.210000, 4.100000, 0.359738, 0.261778, -1.000000, 0.400461, -1.000000, 0.264183, -1.000000, 0.288227, -1.000000
0.230000, 0.220000, 4.090000, 0.368900, 0.264338, -1.000000, 0.400271, -1.000000, 0.266544, -1.000000, 0.290916, -1.000000
0.230000, 0.230000, 4.080000, 0.377988, 0.266914, -1.000000, 0.400082, -1.000000, 0.268919, -1.000000, 0.293621, -1.000000
0.230000, 0.240000, 4.070000, 0.387000, 0.269507, -1.000000, 0.399893, -1.000000, 0.271307, -1.000000, 0.296340, -1.000000
0.230000, 0.250000, 4.060000, 0.395938, 0.272115, -1.000000, 0.399703, -1.000000, 0.273708, -1.000000, 0.299074, -1.000000
0.230000, 0.260000, 4.050000, 0.404800, 0.274739, -1.000000, 0.399514, -1.000000, 0.276123, -1.000000, 0.301822, -1.000000
0.230000, 0.270000, 4.040000, 0.413588, 0.277378, -1.000000, 0.399324, -1.000000, 0.278551, -1.000000, 0.304584, -1.000000
0.230000, 0.280000, 4.030000, 0.422300, 0.280033, -1.000000, 0.399135, -1.000000, 0.280992, -1.000000, 0.307360, -1.000000
0.230000, 0.290000, 4.020000, 0.430938, 0.282704, -1.000000, 0.398946, -1.000000, 0.283446, -1.000000, 0.310151, -1.000000
0.230000, 0.300000, 4.010000, 0.439500, 0.285390, -1.000000, 0.398757, -1.000000, 0.285912, -1.000000, 0.312955, -1.000000
0.230000, 0.310000, 4.000000, 0.447987, 0.288091, -1.000000, 0.398567, -1.000000, 0.288392, -1.000000, 0.315773, -1.000000
0.230000, 0.320000, 3.990000, 0.456400, 0.290807, -1.000000, 0.398378, -1.000000, 0.290884, -1.000000, 0.318605, -1.000000
0.230000, 0.330000, 3.980000, 0.464737, 0.293538, -1.000000, 0.398189, -1.000000, 0.293389, -1.000000, 0.321450, -1.000000
0.230000, 0.340000, 3.970000, 0.473000, 0.296285, -1.000000, 0.398000, -1.000000, 0.295907, -1.000000, 0.324309, -1.000000
0.230000, 0.350000, 3.960000, 0.481187, 0.299046, -1.000000, 0.397811, -1.000000, 0.298437, -1.000000, 0.327180, -1.000000
0.230000, 0.360000, 3.950000, 0.489300, 0.301822, -1.000000, 0.397622, -1.000000, 0.300979, -1.000000, 0.330065, -1.000000
0.230000, 0.370000, 3.940000, 0.497337, 0.304612, -1.000000, 0.397433, -1.000000, 0.303534, -1.000000, 0.332962, -1.000000
0.230000, 0.380000, 3.930000, 0.505300, 0.307417, -1.000000, 0.397244, -1.000000, 0.306100, -1.000000, 0.335873, -1.000000
0.230000, 0.390000, 3.920000, 0.513187, 0.310236, -1.000000, 0.397055, -1.000000, 0.308679, -1.000000, 0.338795, -1.000000
0.230000, 0.400000, 3.910000, 0.521000, 0.313069, -1.000000, 0.396866, -1.000000, 0.311270, -1.000000, 0.341730, -1.000000
0.230000, 0.410000, 3.900000, 0.528737, 0.315917, -1.000000, 0.396677, -1.000000, 0.313873, -1.000000, 0.344678, -1.000000
0.230000, 0.420000, 3.890000, 0.536400, 0.318778, -1.000000, 0.396488, -1.000000, 0.316488, -1.000000, 0.347637, -1.000000
0.230000, 0.430000, 3.880000, 0.543987, 0.321653, -1.000000, 0.396299, -1.000000, 0.319222, -1.000000, 0.350608, -1.000000
0.230000, 0.440000, 3.870000, 0.551500, 0.324541, -1.000000, 0.396110, -1.000000, 0.322022, -1.000000, 0.353591, -1.000000
0.230000, 0.450000, 3.860000, 0.558937, 0.327443, -1.000000, 0.395922, -1.000000, 0.324834, -1.000000, 0.356585, -1.000000
0.230000, 0.460000, 3.850000, 0.566300, 0.330359, -1.000000, 0.395733, -1.000000, 0.327659, -1.000000, 0.359590, -1.000000
0.230000, 0.470000, 3.840000, 0.573587, 0.333287, -1.000000, 0.395544, -1.000000, 0.330497, -1.000000, 0.362606, -1.000000
0.230000, 0.480000, 3.830000, 0.580800, 0.336228, -1.000000, 0.395355, -1.000000, 0.333347, -1.000000, 0.365634, -1.000000
0.230000, 0.490000, 3.820000, 0.587937, 0.339182, -1.000000, 0.395167, -1.000000, 0.336209, -1.000000, 0.368672, -1.000000
0.230000, 0.500000, 3.810000, 0.595000, 0.342148, -1.000000, 0.394978, -1.000000, 0.339083, -1.000000, 0.371720, -1.000000
0.230000, 0.510000, 3.800000, 0.601987, 0.345127, -1.000000, 0.394790, -1.000000, 0.341969, -1.000000, 0.374779, -1.000000
0.230000, 0.520000, 3.790000, 0.608900, 0.347437, -1.000000, 0.394601, -1.000000, 0.344867, -1.000000, 0.377847, -1.000000
0.230000, 0.530000, 3.780000, 0.615737, 0.349502, -1.000000, 0.394412, -1.000000, 0.347777, -1.000000, 0.380926, -1.000000
0.230000, 0.540000, 3.770000, 0.622500, 0.351572, -1.000000, 0.394224, -1.000000, 0.350698, -1.000000, 0.383997, -1.000000
0.230000, 0.550000, 3.760000, 0.629187, 0.352909, -1.000000, 0.394035, -1.000000, 0.353630, -1.000000, 0.386933, -1.000000
0.230000, 0.560000, 3.750000, 0.635800, 0.352947, -1.000000, 0.393847, -1.000000, 0.354726, -1.000000, 0.389840, -1.000000
0.230000, 0.570000, 3.740000, 0.642337, 0.352985, -1.000000, 0.393659, -1.000000, 0.355818, -1.000000, 0.391074, -1.000000
0.230000, 0.580000, 3.730000, 0.648800, 0.353022, -1.000000, 0.393470, -1.000000, 0.356912, -1.000000, 0.391078, -1.000000
0.230000, 0.590000, 3.720000, 0.655187, 0.353060, -1.000000, 0.393282, -1.000000, 0.358007, -1.000000, 0.391081, -1.000000
0.230000, 0.600000, 3.710000, 0.661500, 0.353097, -1.000000, 0.393094, -1.000000, 0.359103, -1.000000, 0.391085, -1.000000
0.230000, 0.610000, 3.700000, 0.667737, 0.353135, -1.000000, 0.392905, -1.000000, 0.360201, -1.000000, 0.391088, -1.000000
0.230000, 0.620000, 3.690000, 0.673900, 0.353173, -1.000000, 0.392717, -1.000000, 0.361301, -1.000000, 0.391091, -1.000000
0.230000, 0.630000, 3.680000, 0.679987, 0.353210, -1.000000, 0.392529, -1.000000, 0.362402, -1.000000, 0.391095, -1.000000
0.230000, 0.640000, 3.670000, 0.686000, 0.353248, -1.000000, 0.392341, -1.000000, 0.363504, -1.000000, 0.391098, -1.000000
0.230000, 0.650000, 3.660000, 0.691937, 0.353286, -1.000000, 0.392152, -1.000000, 0.364608, -1.000000, 0.391101, -1.000000
0.230000, 0.660000, 3.650000, 0.697800, 0.353323, -1.000000, 0.391964, -1.000000, 0.365713, -1.000000, 0.391105, -1.000000
0.230000, 0.670000, 3.640000, 0.703587, 0.353361, -1.000000, 0.391776, -1.000000, 0.366820, -1.000000, 0.391108, -1.000000
0.230000, 0.680000, 3.630000, 0.709300, 0.353398, -1.000000, 0.391588, -1.000000, 0.367928, -1.000000, 0.391112, -1.000000
0.230000, 0.690000, 3.620000, 0.714937, 0.353436, -1.000000, 0.391400, -1.000000, 0.369037, -1.000000, 0.391115, -1.000000
0.230000, 0.700000, 3.610000, 0.720500, 0.353474, -1.000000, 0.391212, -1.000000, 0.370148, -1.000000, 0.391118, -1.000000
0.230000, 0.710000, 3.600000, 0.725987, 0.353511, -1.000000, 0.391024, -1.000000, 0.370026, -1.000000, 0.391122, -1.000000
0.230000, 0.720000, 3.590000, 0.731400, 0.353549, -1.000000, 0.390836, -1.000000, 0.369892, -1.000000, 0.391125, -1.000000
0.230000, 0.730000, 3.580000, 0.736737, 0.353587, -1.000000, 0.390648, -1.000000, 0.369757, -1.000000, 0.391128, -1.000000
0.230000, 0.740000, 3.570000, 0.742000, 0.353624, -1.000000, 0.390460, -1.000000, 0.369623, -1.000000, 0.391132, -1.000000
0.230000, 0.750000, 3.560000, 0.747187, 0.353662, -1.000000, 0.390273, -1.000000, 0.369488, -1.000000, 0.391135, -1.000000
0.230000, 0.760000, 3.550000, 0.752300, 0.353699, -1.000000, 0.390085, -1.000000, 0.369354, -1.000000, 0.391139, -1.000000
0.230000, 0.770000, 3.540000, 0.757337, 0.353737, -1.000000, 0.389897, -1.000000, 0.369219, -1.000000, 0.391142, -1.000000
0.230000, 0.780000, 3.530000, 0.762300, 0.353775, -1.000000, 0.389709, -1.000000, 0.369085, -1.000000, 0.391145, -1.000000
0.230000, 0.790000, 3.520000, 0.767187, 0.353812, -1.000000, 0.389522, -1.000000, 0.368951, -1.000000, 0.391149, -1.000000
0.230000, 0.800000, 3.510000, 0.772000, 0.353850, -1.000000, 0.389334, -1.000000, 0.368816, -1.000000, 0.391152, -1.000000
0.230000, 0.810000, 3.500000, 0.776737, 0.353888, -1.000000, 0.389146, -1.000000, 0.368682, -1.000000, 0.391155, -1.000000
0.230000, 0.820000, 3.490000, 0.781400, 0.353925, -1.000000, 0.388959, -1.000000, 0.368548, -1.000000, 0.391159, -1.000000
0.230000, 0.830000, 3.480000, 0.785987, 0.353963, -1.000000, 0.388771, -1.000000, 0.368413, -1.000000, 0.391162, -1.000000
0.230000, 0.839999, 3.470000, 0.790500, 0.354001, -1.000000, 0.388584, -1.000000, 0.368313, -1.000000, 0.391166, -1.000000
0.230000, 0.849999, 3.460000, 0.794937, 0.354038, -1.000000, 0.388396, -1.000000, 0.368231, -1.000000, 0.391169, -1.000000
0.230000, 0.859999, 3.450000, 0.799300, 0.354076, -1.000000, 0.388209, -1.000000, 0.368149, -1.000000, 0.391172, -1.000000
0.230000, 0.869999, 3.440000, 0.803587, 0.354114, -1.000000, 0.388021, -1.000000, 0.368066, -1.000000, 0.391176, -1.000000
0.230000, 0.879999, 3.430000, 0.807800, 0.354151, -1.000000, 0.387834, -1.000000, 0.367984, -1.000000, 0.391179, -1.000000
0.230000, 0.889999, 3.420000, 0.811937, 0.354189, -1.000000, 0.387646, -1.000000, 0.367901, -1.000000, 0.391182, -1.000000
0.230000, 0.899999, 3.410000, 0.816000, 0.354227, -1.000000, 0.387459, -1.000000, 0.367819, -1.000000, 0.391186, -1.000000
0.230000, 0.909999, 3.400000, 0.819987, 0.354264, -1.000000, 0.387272, -1.000000, 0.367736, -1.000000, 0.391189, -1.000000
0.230000, 0.919999, 3.390000, 0.823900, 0.354302, -1.000000, 0.387085, -1.000000, 0.367654, -1.000000, 0.391192, -1.000000
0.230000, 0.929999, 3.380000, 0.827737, 0.354340, -1.000000, 0.386897, -1.000000, 0.367572, -1.000000, 0.391196, -1.000000
0.230000, 0.939999, 3.370000, 0.831500, 0.354377, -1.000000, 0.386710, -1.000000, 0.367489, -1.000000, 0.391199, -1.000000
0.230000, 0.949999, 3.360000, 0.835187, 0.354415, -1.000000, 0.386523, -1.000000, 0.367407, -1.000000, 0.391203, -1.000000
0.230000, 0.959999, 3.350000, 0.838800, 0.354453, -1.000000, 0.386336, -1.000000, 0.367324, -1.000000, 0.391206, -1.000000
0.230000, 0.969999, 3.340000, 0.842337, 0.354490, -1.000000, 0.386149, -1.000000, 0.367242, -1.000000, 0.391209, -1.000000
0.230000, 0.979999, 3.330000, 0.845800, 0.354528, -1.000000, 0.385962, -1.000000, 0.367160, -1.000000, 0.391213, -1.000000
0.230000, 0.989999, 3.320000, 0.849187, 0.354566, -1.000000, 0.385775, -1.000000, 0.367077, -1.000000, 0.391216, -1.000000
0.230000, 0.999999, 3.310000, 0.852500, 0.354603, -1.000000, 0.385588, -1.000000, 0.366995, -1.000000, 0.391326, -1.000000
0.240000, 0.000000, 4.280000, 0.150000, 0.212727, 0.732972, 0.404557, 0.995558, 0.218980, 0.805077, 0.238785, 0.984311
0.240000, 0.010000, 4.270000, 0.160663, 0.214110, -1.000000, 0.404367, -1.000000, 0.220737, -1.000000, 0.240841, -1.000000
0.240000, 0.020000, 4.260000, 0.171250, 0.216082, -1.000000, 0.404177, -1.000000, 0.222505, -1.000000, 0.242908, -1.000000
0.240000, 0.030000, 4.250000, 0.181763, 0.218328, -1.000000, 0.403987, -1.000000, 0.224282, -1.000000, 0.244987, -1.000000
0.240000, 0.040000, 4.240000, 0.192200, 0.220590, -1.000000, 0.403797, -1.000000, 0.226069, -1.000000, 0.247078, -1.000000
0.240000, 0.050000, 4.230000, 0.202563, 0.222869, -1.000000, 0.403607, -1.000000, 0.227872, -1.000000, 0.249181, -1.000000
0.240000, 0.060000, 4.220000, 0.212850, 0.225165, -1.000000, 0.403417, -1.000000, 0.230010, -1.000000, 0.251296, -1.000000
0.240000, 0.070000, 4.210000, 0.223063, 0.227478, -1.000000, 0.403227, -1.000000, 0.232163, -1.000000, 0.253422, -1.000000
0.240000, 0.080000, 4.200000, 0.233200, 0.229807, -1.000000, 0.403037, -1.000000, 0.234329, -1.000000, 0.255561, -1.000000
0.240000, 0.090000, 4.190000, 0.243262, 0.232153, -1.000000, 0.402847, -1.000000, 0.236509, -1.000000, 0.257712, -1.000000
0.240000, 0.100000, 4.180000, 0.253250, 0.234516, -1.000000, 0.402657, -1.000000, 0.238704, -1.000000, 0.259874, -1.000000
0.240000, 0.110000, 4.170000, 0.263162, 0.236895, -1.000000, 0.402467, -1.000000, 0.240912, -1.000000, 0.262196, -1.000000
0.240000, 0.120000, 4.160000, 0.273000, 0.239291, -1.000000, 0.402277, -1.000000, 0.243134, -1.000000, 0.264733, -1.000000
0.240000, 0.130000, 4.150000, 0.282762, 0.241703, -1.000000, 0.402088, -1.000000, 0.245370, -1.000000, 0.267286, -1.000000
0.240000, 0.140000, 4.140000, 0.292450, 0.244132, -1.000000, 0.401898, -1.000000, 0.247620, -1.000000, 0.269855, -1.000000
0.240000, 0.150000, 4.130000, 0.302063, 0.246578, -1.000000, 0.401708, -1.000000, 0.249884, -1.000000, 0.272439, -1.000000
0.240000, 0.160000, 4.120000, 0.311600, 0.249039, -1.000000, 0.401518, -1.000000, 0.252161, -1.000000, 0.275038, -1.000000
0.240000, 0.170000, 4.110000, 0.321063, 0.251518, -1.000000, 0.401329, -1.000000, 0.254452, -1.000000, 0.277653, -1.000000
0.240000, 0.180000, 4.100000, 0.330450, 0.254012, -1.000000, 0.401139, -1.000000, 0.256757, -1.000000, 0.280282, -1.000000
0.240000, 0.190000, 4.090000, 0.339763, 0.256523, -1.000000, 0.400950, -1.000000, 0.259076, -1.000000, 0.282928, -1.000000
0.240000, 0.200000, 4.080000, 0.349000, 0.259050, -1.000000, 0.400760, -1.000000, 0.261408, -1.000000, 0.285588, -1.000000
0.240000, 0.210000, 4.070000, 0.358163, 0.261593, -1.000000, 0.400571, -1.000000, 0.263753, -1.000000, 0.288263, -1.000000
0.240000, 0.220000, 4.060000, 0.367250, 0.264152, -1.000000, 0.400381, -1.000000, 0.266112, -1.000000, 0.290953, -1.000000
0.240000, 0.230000, 4.050000, 0.376263, 0.266727, -1.000000, 0.400192, -1.000000, 0.268485, -1.000000, 0.293657, -1.000000
0.240000, 0.240000, 4.040000, 0.385200, 0.269319, -1.000000, 0.400002, -1.000000, 0.270870, -1.000000, 0.296377, -1.000000
0.240000, 0.250000, 4.030000, 0.394063, 0.271925, -1.000000, 0.399813, -1.000000, 0.273269, -1.000000, 0.299110, -1.000000
0.240000, 0.260000, 4.020000, 0.402850, 0.274548, -1.000000, 0.399623, -1.000000, 0.275682, -1.000000, 0.301859, -1.000000
0.240000, 0.270000, 4.010000, 0.411563, 0.277186, -1.000000, 0.399434, -1.000000, 0.278107, -1.000000, 0.304621, -1.000000
0.240000, 0.280000, 4.000000, 0.420200, 0.279840, -1.000000, 0.399245, -1.000000, 0.280545, -1.000000, 0.307398, -1.000000
0.240000, 0.290000, 3.990000, 0.428762, 0.282510, -1.000000, 0.399055, -1.000000, 0.282997, -1.000000, 0.310188, -1.000000
0.240000, 0.300000, 3.980000, 0.437250, 0.285195, -1.000000, 0.398866, -1.000000, 0.285461, -1.000000, 0.312993, -1.000000
0.240000, 0.310000, 3.970000, 0.445662, 0.287895, -1.000000, 0.398677, -1.000000, 0.287938, -1.000000, 0.315811, -1.000000
0.240000, 0.320000, 3.960000, 0.454000, 0.290610, -1.000000, 0.398488, -1.000000, 0.290428, -1.000000, 0.318643, -1.000000
0.240000, 0.330000, 3.950000, 0.462262, 0.293340, -1.000000, 0.398298, -1.000000, 0.292931, -1.000000, 0.321488, -1.000000
0.240000, 0.340000, 3.940000, 0.470450, 0.296085, -1.000000, 0.398109, -1.000000, 0.295446, -1.000000, 0.324347, -1.000000
0.240000, 0.350000, 3.930000, 0.478562, 0.298846, -1.000000, 0.397920, -1.000000, 0.297974, -1.000000, 0.327219, -1.000000
0.240000, 0.360000, 3.920000, 0.486600, 0.301620, -1.000000, 0.397731, -1.000000, 0.300514, -1.000000, 0.330104, -1.000000
0.240000, 0.370000, 3.910000, 0.494562, 0.304410, -1.000000, 0.397542, -1.000000, 0.303067, -1.000000, 0.333001, -1.000000
0.240000, 0.380000, 3.900000, 0.502450, 0.307213, -1.000000, 0.397353, -1.000000, 0.305631, -1.000000, 0.335912, -1.000000
0.240000, 0.390000, 3.890000, 0.510262, 0.310032, -1.000000, 0.397164, -1.000000, 0.308208, -1.000000, 0.338835, -1.000000
0.240000, 0.400000, 3.880000, 0.518000, 0.312864, -1.000000, 0.396975, -1.000000, 0.310797, -1.000000, 0.341770, -1.000000
0.240000, 0.410000, 3.870000, 0.525662, 0.315710, -1.000000, 0.396786, -1.000000, 0.313479, -1.000000, 0.344717, -1.000000
0.240000, 0.420000, 3.860000, 0.533250, 0.318570, -1.000000, 0.396597, -1.000000, 0.316252, -1.000000, 0.347677, -1.000000
0.240000, 0.430000, 3.850000, 0.540762, 0.321444, -1.000000, 0.396408, -1.000000, 0.319038, -1.000000, 0.350648, -1.000000
0.240000, 0.440000, 3.840000, 0.548200, 0.324332, -1.000000, 0.396220, -1.000000, 0.321836, -1.000000, 0.353631, -1.000000
0.240000, 0.450000, 3.830000, 0.555562, 0.327233, -1.000000, 0.396031, -1.000000, 0.324648, -1.000000, 0.356625, -1.000000
0.240000, 0.460000, 3.820000, 0.562850, 0.330147, -1.000000, 0.395842, -1.000000, 0.327472, -1.000000, 0.359630, -1.000000
0.240000, 0.470000, 3.810000, 0.570062, 0.333074, -1.000000, 0.395653, -1.000000, 0.330309, -1.000000, 0.362647, -1.000000
0.240000, 0.480000, 3.800000, 0.577200, 0.336015, -1.000000, 0.395465, -1.000000, 0.333158, -1.000000, 0.365674, -1.000000
0.240000, 0.490000, 3.790000, 0.584262, 0.338968, -1.000000, 0.395276, -1.000000, 0.336019, -1.000000, 0.368713, -1.000000
0.240000, 0.500000, 3.780000, 0.591250, 0.341933, -1.000000, 0.395087, -1.000000, 0.338893, -1.000000, 0.371761, -1.000000
0.240000, 0.510000, 3.770000, 0.598162, 0.344911, -1.000000, 0.394899, -1.000000, 0.341778, -1.000000, 0.374814, -1.000000
0.240000, 0.520000, 3.760000, 0.605000, 0.347133, -1.000000, 0.394710, -1.000000, 0.344675, -1.000000, 0.377787, -1.000000
0.240000, 0.530000, 3.750000, 0.611762, 0.349196, -1.000000, 0.394522, -1.000000, 0.347584, -1.000000, 0.380769, -1.000000
0.240000, 0.540000, 3.740000, 0.618450, 0.351265, -1.000000, 0.394333, -1.000000, 0.350504, -1.000000, 0.383761, -1.000000
0.240000, 0.550000, 3.730000, 0.625062, 0.352891, -1.000000, 0.394144, -1.000000, 0.353436, -1.000000, 0.386761, -1.000000
0.240000, 0.560000, 3.720000, 0.631600, 0.352928, -1.000000, 0.393956, -1.000000, 0.355342, -1.000000, 0.389770, -1.000000
0.240000, 0.570000, 3.710000, 0.638062, 0.352966, -1.000000, 0.393768, -1.000000, 0.356435, -1.000000, 0.391125, -1.000000
0.240000, 0.580000, 3.700000, 0.644450, 0.353003, -1.000000, 0.393579, -1.000000, 0.357529, -1.000000, 0.391129, -1.000000
0.240000, 0.590000, 3.690000, 0.650762, 0.353041, -1.000000, 0.393391, -1.000000, 0.358625, -1.000000, 0.391132, -1.000000
0.240000, 0.600000, 3.680000, 0.657000, 0.353079, -1.000000, 0.393202, -1.000000, 0.359722, -1.000000, 0.391136, -1.000000
0.240000, 0.610000, 3.670000, 0.663162, 0.353116, -1.000000, 0.393014, -1.000000, 0.360821, -1.000000, 0.391139, -1.000000
0.240000, 0.620000, 3.660000, 0.669250, 0.353154, -1.000000, 0.392826, -1.000000, 0.361921, -1.000000, 0.391142, -1.000000
0.240000, 0.630000, 3.650000, 0.675262, 0.353191, -1.000000, 0.392638, -1.000000, 0.363023, -1.000000, 0.391146, -1.000000
0.240000, 0.640000, 3.640000, 0.681200, 0.353229, -1.000000, 0.392449, -1.000000, 0.364126, -1.000000, 0.391149, -1.000000
0.240000, 0.650000, 3.630000, 0.687062, 0.353267, -1.000000, 0.392261, -1.000000, 0.365231, -1.000000, 0.391152, -1.000000
0.240000, 0.660000, 3.620000, 0.692850, 0.353304, -1.000000, 0.392073, -1.000000, 0.366337, -1.000000, 0.391156, -1.000000
0.240000, 0.670000, 3.610000, 0.698562, 0.353342, -1.000000, 0.391885, -1.000000, 0.367444, -1.000000, 0.391159, -1.000000
0.240000, 0.680000, 3.600000, 0.704200, 0.353380, -1.000000, 0.391697, -1.000000, 0.368553, -1.000000, 0.391162, -1.000000
0.240000, 0.690000, 3.590000, 0.709762, 0.353417, -1.000000, 0.391509, -1.000000, 0.369663, -1.000000, 0.391166, -1.000000
0.240000, 0.700000, 3.580000, 0.715250, 0.353455, -1.000000, 0.391321, -1.000000, 0.370094, -1.000000, 0.391169, -1.000000
0.240000, 0.710000, 3.570000, 0.720662, 0.353492, -1.000000, 0.391133, -1.000000, 0.369959, -1.000000, 0.391173, -1.000000
0.240000, 0.720000, 3.560000, 0.726000, 0.353530, -1.000000, 0.390945, -1.000000, 0.369825, -1.000000, 0.391176, -1.000000
0.240000, 0.730000, 3.550000, 0.731262, 0.353568, -1.000000, 0.390757, -1.000000, 0.369690, -1.000000, 0.391179, -1.000000
0.240000, 0.740000, 3.540000, 0.736450, 0.353605, -1.000000, 0.390569, -1.000000, 0.369556, -1.000000, 0.391183, -1.000000
0.240000, 0.750000, 3.530000, 0.741562, 0.353643, -1.000000, 0.390381, -1.000000, 0.369421, -1.000000, 0.391186, -1.000000
0.240000, 0.760000, 3.520000, 0.746600, 0.353681, -1.000000, 0.390193, -1.000000, 0.369287, -1.000000, 0.391189, -1.000000
0.240000, 0.770000, 3.510000, 0.751562, 0.353718, -1.000000, 0.390006, -1.000000, 0.369153, -1.000000, 0.391193, -1.000000
0.240000, 0.780000, 3.500000, 0.756450, 0.353756, -1.000000, 0.389818, -1.000000, 0.369018, -1.000000, 0.391196, -1.000000
0.240000, 0.790000, 3.490000, 0.761262, 0.353794, -1.000000, 0.389630, -1.000000, 0.368884, -1.000000, 0.391200, -1.000000
0.240000, 0.800000, 3.480000, 0.766000, 0.353831, -1.000000, 0.389442, -1.000000, 0.368750, -1.000000, 0.391203, -1.000000
0.240000, 0.810000, 3.470000, 0.770662, 0.353869, -1.000000, 0.389255, -1.000000, 0.368615, -1.000000, 0.391206, -1.000000
0.240000, 0.820000, 3.460000, 0.775250, 0.353907, -1.000000, 0.389067, -1.000000, 0.368481, -1.000000, 0.391210, -1.000000
0.240000, 0.830000, 3.450000, 0.779762, 0.353944, -1.000000, 0.388880, -1.000000, 0.368350, -1.000000, 0.391213, -1.000000
0.240000, 0.839999, 3.440000, 0.784200, 0.353982, -1.000000, 0.388692, -1.000000, 0.368267, -1.000000, 0.391216, -1.000000
0.240000, 0.849999, 3.430000, 0.788562, 0.354019, -1.000000, 0.388505, -1.000000, 0.368185, -1.000000, 0.391220, -1.000000
0.240000, 0.859999, 3.420000, 0.792850, 0.354057, -1.000000, 0.388317, -1.000000, 0.368102, -1.000000, 0.391223, -1.000000
0.240000, 0.869999, 3.410000, 0.797062, 0.354095, -1.000000, 0.388130, -1.000000, 0.368020, -1.000000, 0.391227, -1.000000
0.240000, 0.879999, 3.400000, 0.801200, 0.354132, -1.000000, 0.387942, -1.000000, 0.367937, -1.000000, 0.391230, -1.000000
0.240000, 0.889999, 3.390000, 0.805262, 0.354170, -1.000000, 0.387755, -1.000000, 0.367855, -1.000000, 0.391233, -1.000000
0.240000, 0.899999, 3.380000, 0.809250, 0.354208, -1.000000, 0.387567, -1.000000, 0.367773, -1.000000, 0.391237, -1.000000
0.240000, 0.909999, 3.370000, 0.813162, 0.354245, -1.000000, 0.387380, -1.000000, 0.367690, -1.000000, 0.391240, -1.000000
0.240000, 0.919999, 3.360000, 0.817000, 0.354283, -1.000000, 0.387193, -1.000000, 0.367608, -1.000000, 0.391243, -1.000000
0.240000, 0.929999, 3.350000, 0.820762, 0.354321, -1.000000, 0.387006, -1.000000, 0.367525, -1.000000, 0.391247, -1.000000
0.240000, 0.939999, 3.340000, 0.824450, 0.354358, -1.000000, 0.386818, -1.000000, 0.367443, -1.000000, 0.391250, -1.000000
0.240000, 0.949999, 3.330000, 0.828062, 0.354396, -1.000000, 0.386631, -1.000000, 0.367360, -1.000000, 0.391254, -1.000000
0.240000, 0.959999, 3.320000, 0.831600, 0.354434, -1.000000, 0.386444, -1.000000, 0.367278, -1.000000, 0.391257, -1.000000
0.240000, 0.969999, 3.310000, 0.835062, 0.354471, -1.000000, 0.386257, -1.000000, 0.367196, -1.000000, 0.391260, -1.000000
0.240000, 0.979999, 3.300000, 0.838450, 0.354509, -1.000000, 0.386070, -1.000000, 0.367113, -1.000000, 0.391264, -1.000000
0.240000, 0.989999, 3.290000, 0.841762, 0.354547, -1.000000, 0.385883, -1.000000, 0.367031, -1.000000, 0.391267, -1.000000
0.240000, 0.999999, 3.280000, 0.845000, 0.354585, -1.000000, 0.385696, -1.000000, 0.366949, -1.000000, 0.391432, -1.000000
0.250000, 0.000000, 4.250000, 0.150000, 0.212518, 0.732971, 0.404667, 0.995573, 0.218346, 0.805142, 0.238679, 0.984560
0.250000, 0.010000, 4.240000, 0.160588, 0.213899, -1.000000, 0.404477, -1.000000, 0.220099, -1.000000, 0.240733, -1.000000
0.250000, 0.020000, 4.230000, 0.171100, 0.215920, -1.000000, 0.404287, -1.000000, 0.221863, -1.000000, 0.242800, -1.000000
0.250000, 0.030000, 4.220000, 0.181538, 0.218165, -1.000000, 0.404097, -1.000000, 0.223636, -1.000000, 0.244878, -1.000000
0.250000, 0.040000, 4.210000, 0.191900, 0.220426, -1.000000, 0.403906, -1.000000, 0.225420, -1.000000, 0.246968, -1.000000
0.250000, 0.050000, 4.200000, 0.202188, 0.222704, -1.000000, 0.403716, -1.000000, 0.227483, -1.000000, 0.249071, -1.000000
0.250000, 0.060000, 4.190000, 0.212400, 0.224998, -1.000000, 0.403526, -1.000000, 0.229619, -1.000000, 0.251185, -1.000000
0.250000, 0.070000, 4.180000, 0.222538, 0.227310, -1.000000, 0.403336, -1.000000, 0.231769, -1.000000, 0.253311, -1.000000
0.250000, 0.080000, 4.170000, 0.232600, 0.229638, -1.000000, 0.403147, -1.000000, 0.233933, -1.000000, 0.255449, -1.000000
0.250000, 0.090000, 4.160000, 0.242588, 0.231983, -1.000000, 0.402957, -1.000000, 0.236111, -1.000000, 0.257599, -1.000000
0.250000, 0.100000, 4.150000, 0.252500, 0.234344, -1.000000, 0.402767, -1.000000, 0.238302, -1.000000, 0.259761, -1.000000
0.250000, 0.110000, 4.140000, 0.262338, 0.236722, -1.000000, 0.402577, -1.000000, 0.240508, -1.000000, 0.262230, -1.000000
0.250000, 0.120000, 4.130000, 0.272100, 0.239117, -1.000000, 0.402387, -1.000000, 0.242728, -1.000000, 0.264768, -1.000000
0.250000, 0.130000, 4.120000, 0.281788, 0.241528, -1.000000, 0.402197, -1.000000, 0.244961, -1.000000, 0.267321, -1.000000
0.250000, 0.140000, 4.110000, 0.291400, 0.243956, -1.000000, 0.402008, -1.000000, 0.247209, -1.000000, 0.269889, -1.000000
0.250000, 0.150000, 4.100000, 0.300938, 0.246400, -1.000000, 0.401818, -1.000000, 0.249470, -1.000000, 0.272473, -1.000000
0.250000, 0.160000, 4.090000, 0.310400, 0.248861, -1.000000, 0.401628, -1.000000, 0.251745, -1.000000, 0.275073, -1.000000
0.250000, 0.170000, 4.080000, 0.319788, 0.251338, -1.000000, 0.401438, -1.000000, 0.254033, -1.000000, 0.277688, -1.000000
0.250000, 0.180000, 4.070000, 0.329100, 0.253831, -1.000000, 0.401249, -1.000000, 0.256336, -1.000000, 0.280318, -1.000000
0.250000, 0.190000, 4.060000, 0.338338, 0.256341, -1.000000, 0.401059, -1.000000, 0.258652, -1.000000, 0.282963, -1.000000
0.250000, 0.200000, 4.050000, 0.347500, 0.258866, -1.000000, 0.400870, -1.000000, 0.260981, -1.000000, 0.285624, -1.000000
0.250000, 0.210000, 4.040000, 0.356588, 0.261408, -1.000000, 0.400680, -1.000000, 0.263324, -1.000000, 0.288299, -1.000000
0.250000, 0.220000, 4.030000, 0.365600, 0.263966, -1.000000, 0.400491, -1.000000, 0.265681, -1.000000, 0.290989, -1.000000
0.250000, 0.230000, 4.020000, 0.374538, 0.266540, -1.000000, 0.400301, -1.000000, 0.268051, -1.000000, 0.293694, -1.000000
0.250000, 0.240000, 4.010000, 0.383400, 0.269130, -1.000000, 0.400112, -1.000000, 0.270434, -1.000000, 0.296413, -1.000000
0.250000, 0.250000, 4.000000, 0.392188, 0.271736, -1.000000, 0.399922, -1.000000, 0.272831, -1.000000, 0.299147, -1.000000
0.250000, 0.260000, 3.990000, 0.400900, 0.274358, -1.000000, 0.399733, -1.000000, 0.275240, -1.000000, 0.301896, -1.000000
0.250000, 0.270000, 3.980000, 0.409538, 0.276995, -1.000000, 0.399543, -1.000000, 0.277663, -1.000000, 0.304658, -1.000000
0.250000, 0.280000, 3.970000, 0.418100, 0.279648, -1.000000, 0.399354, -1.000000, 0.280100, -1.000000, 0.307435, -1.000000
0.250000, 0.290000, 3.960000, 0.426588, 0.282316, -1.000000, 0.399165, -1.000000, 0.282549, -1.000000, 0.310226, -1.000000
0.250000, 0.300000, 3.950000, 0.435000, 0.285000, -1.000000, 0.398975, -1.000000, 0.285011, -1.000000, 0.313031, -1.000000
0.250000, 0.310000, 3.940000, 0.443337, 0.287699, -1.000000, 0.398786, -1.000000, 0.287486, -1.000000, 0.315849, -1.000000
0.250000, 0.320000, 3.930000, 0.451600, 0.290413, -1.000000, 0.398597, -1.000000, 0.289973, -1.000000, 0.318681, -1.000000
0.250000, 0.330000, 3.920000, 0.459787, 0.293142, -1.000000, 0.398408, -1.000000, 0.292474, -1.000000, 0.321527, -1.000000
0.250000, 0.340000, 3.910000, 0.467900, 0.295886, -1.000000, 0.398219, -1.000000, 0.294986, -1.000000, 0.324386, -1.000000
0.250000, 0.350000, 3.900000, 0.475937, 0.298645, -1.000000, 0.398030, -1.000000, 0.297512, -1.000000, 0.327258, -1.000000
0.250000, 0.360000, 3.890000, 0.483900, 0.301419, -1.000000, 0.397840, -1.000000, 0.300050, -1.000000, 0.330143, -1.000000
0.250000, 0.370000, 3.880000, 0.491787, 0.304207, -1.000000, 0.397651, -1.000000, 0.302600, -1.000000, 0.333041, -1.000000
0.250000, 0.380000, 3.870000, 0.499600, 0.307010, -1.000000, 0.397462, -1.000000, 0.305162, -1.000000, 0.335951, -1.000000
0.250000, 0.390000, 3.860000, 0.507337, 0.309827, -1.000000, 0.397273, -1.000000, 0.307793, -1.000000, 0.338874, -1.000000
0.250000, 0.400000, 3.850000, 0.515000, 0.312658, -1.000000, 0.397084, -1.000000, 0.310538, -1.000000, 0.341810, -1.000000
0.250000, 0.410000, 3.840000, 0.522587, 0.315504, -1.000000, 0.396895, -1.000000, 0.313296, -1.000000, 0.344757, -1.000000
0.250000, 0.420000, 3.830000, 0.530100, 0.318363, -1.000000, 0.396707, -1.000000, 0.316068, -1.000000, 0.347717, -1.000000
0.250000, 0.430000, 3.820000, 0.537537, 0.321236, -1.000000, 0.396518, -1.000000, 0.318853, -1.000000, 0.350688, -1.000000
0.250000, 0.440000, 3.810000, 0.544900, 0.324122, -1.000000, 0.396329, -1.000000, 0.321651, -1.000000, 0.353671, -1.000000
0.250000, 0.450000, 3.800000, 0.552187, 0.327022, -1.000000, 0.396140, -1.000000, 0.324461, -1.000000, 0.356665, -1.000000
0.250000, 0.460000, 3.790000, 0.559400, 0.329936, -1.000000, 0.395951, -1.000000, 0.327285, -1.000000, 0.359671, -1.000000
0.250000, 0.470000, 3.780000, 0.566537, 0.332862, -1.000000, 0.395762, -1.000000, 0.330121, -1.000000, 0.362619, -1.000000
0.250000, 0.480000, 3.770000, 0.573600, 0.335801, -1.000000, 0.395574, -1.000000, 0.332969, -1.000000, 0.365552, -1.000000
0.250000, 0.490000, 3.760000, 0.580587, 0.338753, -1.000000, 0.395385, -1.000000, 0.335830, -1.000000, 0.368495, -1.000000
0.250000, 0.500000, 3.750000, 0.587500, 0.341718, -1.000000, 0.395196, -1.000000, 0.338702, -1.000000, 0.371448, -1.000000
0.250000, 0.510000, 3.740000, 0.594337, 0.344695, -1.000000, 0.395008, -1.000000, 0.341587, -1.000000, 0.374411, -1.000000
0.250000, 0.520000, 3.730000, 0.601100, 0.346829, -1.000000, 0.394819, -1.000000, 0.344483, -1.000000, 0.377383, -1.000000
0.250000, 0.530000, 3.720000, 0.607787, 0.348891, -1.000000, 0.394630, -1.000000, 0.347391, -1.000000, 0.380364, -1.000000
0.250000, 0.540000, 3.710000, 0.614400, 0.350960, -1.000000, 0.394442, -1.000000, 0.350311, -1.000000, 0.383354, -1.000000
0.250000, 0.550000, 3.700000, 0.620937, 0.352872, -1.000000, 0.394253, -1.000000, 0.353241, -1.000000, 0.386353, -1.000000
0.250000, 0.560000, 3.690000, 0.627400, 0.352909, -1.000000, 0.394065, -1.000000, 0.355958, -1.000000, 0.389361, -1.000000
0.250000, 0.570000, 3.680000, 0.633787, 0.352947, -1.000000, 0.393877, -1.000000, 0.357052, -1.000000, 0.391182, -1.000000
0.250000, 0.580000, 3.670000, 0.640100, 0.352985, -1.000000, 0.393688, -1.000000, 0.358147, -1.000000, 0.391184, -1.000000
0.250000, 0.590000, 3.660000, 0.646337, 0.353022, -1.000000, 0.393500, -1.000000, 0.359243, -1.000000, 0.391185, -1.000000
0.250000, 0.600000, 3.650000, 0.652500, 0.353060, -1.000000, 0.393311, -1.000000, 0.360342, -1.000000, 0.391186, -1.000000
0.250000, 0.610000, 3.640000, 0.658587, 0.353097, -1.000000, 0.393123, -1.000000, 0.361441, -1.000000, 0.391190, -1.000000
0.250000, 0.620000, 3.630000, 0.664600, 0.353135, -1.000000, 0.392935, -1.000000, 0.362542, -1.000000, 0.391193, -1.000000
0.250000, 0.630000, 3.620000, 0.670537, 0.353173, -1.000000, 0.392747, -1.000000, 0.363645, -1.000000, 0.391196, -1.000000
0.250000, 0.640000, 3.610000, 0.676400, 0.353210, -1.000000, 0.392558, -1.000000, 0.364749, -1.000000, 0.391200, -1.000000
0.250000, 0.650000, 3.600000, 0.682187, 0.353248, -1.000000, 0.392370, -1.000000, 0.365854, -1.000000, 0.391203, -1.000000
0.250000, 0.660000, 3.590000, 0.687900, 0.353285, -1.000000, 0.392182, -1.000000, 0.366961, -1.000000, 0.391207, -1.000000
0.250000, 0.670000, 3.580000, 0.693537, 0.353323, -1.000000, 0.391994, -1.000000, 0.368069, -1.000000, 0.391210, -1.000000
0.250000, 0.680000, 3.570000, 0.699100, 0.353361, -1.000000, 0.391806, -1.000000, 0.369179, -1.000000, 0.391213, -1.000000
0.250000, 0.690000, 3.560000, 0.704587, 0.353398, -1.000000, 0.391618, -1.000000, 0.370162, -1.000000, 0.391217, -1.000000
0.250000, 0.700000, 3.550000, 0.710000, 0.353436, -1.000000, 0.391430, -1.000000, 0.370027, -1.000000, 0.391220, -1.000000
0.250000, 0.710000, 3.540000, 0.715337, 0.353474, -1.000000, 0.391242, -1.000000, 0.369893, -1.000000, 0.391223, -1.000000
0.250000, 0.720000, 3.530000, 0.720600, 0.353511, -1.000000, 0.391054, -1.000000, 0.369758, -1.000000, 0.391227, -1.000000
0.250000, 0.730000, 3.520000, 0.725787, 0.353549, -1.000000, 0.390866, -1.000000, 0.369624, -1.000000, 0.391230, -1.000000
0.250000, 0.740000, 3.510000, 0.730900, 0.353587, -1.000000, 0.390678, -1.000000, 0.369489, -1.000000, 0.391234, -1.000000
0.250000, 0.750000, 3.500000, 0.735937, 0.353624, -1.000000, 0.390490, -1.000000, 0.369355, -1.000000, 0.391237, -1.000000
0.250000, 0.760000, 3.490000, 0.740900, 0.353662, -1.000000, 0.390302, -1.000000, 0.369220, -1.000000, 0.391240, -1.000000
0.250000, 0.770000, 3.480000, 0.745787, 0.353699, -1.000000, 0.390114, -1.000000, 0.369086, -1.000000, 0.391244, -1.000000
0.250000, 0.780000, 3.470000, 0.750600, 0.353737, -1.000000, 0.389926, -1.000000, 0.368951, -1.000000, 0.391247, -1.000000
0.250000, 0.790000, 3.460000, 0.755337, 0.353775, -1.000000, 0.389739, -1.000000, 0.368817, -1.000000, 0.391250, -1.000000
0.250000, 0.800000, 3.450000, 0.760000, 0.353812, -1.000000, 0.389551, -1.000000, 0.368683, -1.000000, 0.391254, -1.000000
0.250000, 0.810000, 3.440000, 0.764587, 0.353850, -1.000000, 0.389363, -1.000000, 0.368548, -1.000000, 0.391257, -1.000000
0.250000, 0.820000, 3.430000, 0.769100, 0.353888, -1.000000, 0.389176, -1.000000, 0.368414, -1.000000, 0.391261, -1.000000
0.250000, 0.830000, 3.420000, 0.773537, 0.353925, -1.000000, 0.388988, -1.000000, 0.368303, -1.000000, 0.391264, -1.000000
0.250000, 0.839999, 3.410000, 0.777900, 0.353963, -1.000000, 0.388801, -1.000000, 0.368221, -1.000000, 0.391267, -1.000000
0.250000, 0.849999, 3.400000, 0.782187, 0.354001, -1.000000, 0.388613, -1.000000, 0.368138, -1.000000, 0.391271, -1.000000
0.250000, 0.859999, 3.390000, 0.786400, 0.354038, -1.000000, 0.388425, -1.000000, 0.368056, -1.000000, 0.391274, -1.000000
0.250000, 0.869999, 3.380000, 0.790537, 0.354076, -1.000000, 0.388238, -1.000000, 0.367974, -1.000000, 0.391277, -1.000000
0.250000, 0.879999, 3.370000, 0.794600, 0.354114, -1.000000, 0.388051, -1.000000, 0.367891, -1.000000, 0.391281, -1.000000
0.250000, 0.889999, 3.360000, 0.798587, 0.354151, -1.000000, 0.387863, -1.000000, 0.367809, -1.000000, 0.391284, -1.000000
0.250000, 0.899999, 3.350000, 0.802500, 0.354189, -1.000000, 0.387676, -1.000000, 0.367726, -1.000000, 0.391288, -1.000000
0.250000, 0.909999, 3.340000, 0.806337, 0.354227, -1.000000, 0.387488, -1.000000, 0.367644, -1.000000, 0.391291, -1.000000
0.250000, 0.919999, 3.330000, 0.810100, 0.354264, -1.000000, 0.387301, -1.000000, 0.367561, -1.000000, 0.391294, -1.000000
0.250000, 0.929999, 3.320000, 0.813787, 0.354302, -1.000000, 0.387114, -1.000000, 0.367479, -1.000000, 0.391298, -1.000000
0.250000, 0.939999, 3.310000, 0.817400, 0.354340, -1.000000, 0.386927, -1.000000, 0.367397, -1.000000, 0.391301, -1.000000
0.250000, 0.949999, 3.300000, 0.820937, 0.354377, -1.000000, 0.386739, -1.000000, 0.367314, -1.000000, 0.391304, -1.000000
0.250000, 0.959999, 3.290000, 0.824400, 0.354415, -1.000000, 0.386552, -1.000000, 0.367232, -1.000000, 0.391308, -1.000000
0.250000, 0.969999, 3.280000, 0.827787, 0.354453, -1.000000, 0.386365, -1.000000, 0.367150, -1.000000, 0.391311, -1.000000
0.250000, 0.979999, 3.270000, 0.831100, 0.354490, -1.000000, 0.386178, -1.000000, 0.367067, -1.000000, 0.391315, -1.000000
0.250000, 0.989999, 3.260000, 0.834337, 0.354528, -1.000000, 0.385991, -1.000000, 0.366985, -1.000000, 0.391370, -1.000000
0.250000, 0.999999, 3.250000, 0.837500, 0.354566, -1.000000, 0.385804, -1.000000, 0.366902, -1.000000, 0.391537, -1.000000
0.260000, 0.000000, 4.220000, 0.150000, 0.212309, 0.732969, 0.404777, 0.995588, 0.217712, 0.805208, 0.238572, 0.984805
0.260000, 0.010000, 4.210000, 0.160513, 0.213689, -1.000000, 0.404587, -1.000000, 0.219462, -1.000000, 0.240626, -1.000000
0.260000, 0.020000, 4.200000, 0.170950, 0.215758, -1.000000, 0.404397, -1.000000, 0.221222, -1.000000, 0.242692, -1.000000
0.260000, 0.030000, 4.190000, 0.181313, 0.218002, -1.000000, 0.404206, -1.000000, 0.222992, -1.000000, 0.244769, -1.000000
0.260000, 0.040000, 4.180000, 0.191600, 0.220261, -1.000000, 0.404016, -1.000000, 0.224976, -1.000000, 0.246859, -1.000000
0.260000, 0.050000, 4.170000, 0.201813, 0.222538, -1.000000, 0.403826, -1.000000, 0.227095, -1.000000, 0.248961, -1.000000
0.260000, 0.060000, 4.160000, 0.211950, 0.224832, -1.000000, 0.403636, -1.000000, 0.229228, -1.000000, 0.251075, -1.000000
0.260000, 0.070000, 4.150000, 0.222013, 0.227142, -1.000000, 0.403446, -1.000000, 0.231376, -1.000000, 0.253200, -1.000000
0.260000, 0.080000, 4.140000, 0.232000, 0.229469, -1.000000, 0.403256, -1.000000, 0.233537, -1.000000, 0.255338, -1.000000
0.260000, 0.090000, 4.130000, 0.241913, 0.231812, -1.000000, 0.403066, -1.000000, 0.235712, -1.000000, 0.257487, -1.000000
0.260000, 0.100000, 4.120000, 0.251750, 0.234173, -1.000000, 0.402877, -1.000000, 0.237901, -1.000000, 0.259743, -1.000000
0.260000, 0.110000, 4.110000, 0.261512, 0.236549, -1.000000, 0.402687, -1.000000, 0.240105, -1.000000, 0.262264, -1.000000
0.260000, 0.120000, 4.100000, 0.271200, 0.238943, -1.000000, 0.402497, -1.000000, 0.242322, -1.000000, 0.264802, -1.000000
0.260000, 0.130000, 4.090000, 0.280813, 0.241353, -1.000000, 0.402307, -1.000000, 0.244553, -1.000000, 0.267355, -1.000000
0.260000, 0.140000, 4.080000, 0.290350, 0.243779, -1.000000, 0.402117, -1.000000, 0.246797, -1.000000, 0.269924, -1.000000
0.260000, 0.150000, 4.070000, 0.299812, 0.246222, -1.000000, 0.401928, -1.000000, 0.249056, -1.000000, 0.272508, -1.000000
0.260000, 0.160000, 4.060000, 0.309200, 0.248682, -1.000000, 0.401738, -1.000000, 0.251329, -1.000000, 0.275108, -1.000000
0.260000, 0.170000, 4.050000, 0.318512, 0.251158, -1.000000, 0.401548, -1.000000, 0.253615, -1.000000, 0.277723, -1.000000
0.260000, 0.180000, 4.040000, 0.327750, 0.253650, -1.000000, 0.401359, -1.000000, 0.255915, -1.000000, 0.280353, -1.000000
0.260000, 0.190000, 4.030000, 0.336913, 0.256158, -1.000000, 0.401169, -1.000000, 0.258228, -1.000000, 0.282999, -1.000000
0.260000, 0.200000, 4.020000, 0.346000, 0.258683, -1.000000, 0.400979, -1.000000, 0.260555, -1.000000, 0.285659, -1.000000
0.260000, 0.210000, 4.010000, 0.355013, 0.261224, -1.000000, 0.400790, -1.000000, 0.262896, -1.000000, 0.288335, -1.000000
0.260000, 0.220000, 4.000000, 0.363950, 0.263781, -1.000000, 0.400600, -1.000000, 0.265250, -1.000000, 0.291025, -1.000000
0.260000, 0.230000, 3.990000, 0.372813, 0.266354, -1.000000, 0.400411, -1.000000, 0.267617, -1.000000, 0.293730, -1.000000
0.260000, 0.240000, 3.980000, 0.381600, 0.268942, -1.000000, 0.400221, -1.000000, 0.269998, -1.000000, 0.296450, -1.000000
0.260000, 0.250000, 3.970000, 0.390313, 0.271547, -1.000000, 0.400032, -1.000000, 0.272392, -1.000000, 0.299184, -1.000000
0.260000, 0.260000, 3.960000, 0.398950, 0.274167, -1.000000, 0.399842, -1.000000, 0.274800, -1.000000, 0.301933, -1.000000
0.260000, 0.270000, 3.950000, 0.407513, 0.276804, -1.000000, 0.399653, -1.000000, 0.277220, -1.000000, 0.304696, -1.000000
0.260000, 0.280000, 3.940000, 0.416000, 0.279455, -1.000000, 0.399464, -1.000000, 0.279654, -1.000000, 0.307473, -1.000000
0.260000, 0.290000, 3.930000, 0.424413, 0.282122, -1.000000, 0.399274, -1.000000, 0.282101, -1.000000, 0.310264, -1.000000
0.260000, 0.300000, 3.920000, 0.432750, 0.284805, -1.000000, 0.399085, -1.000000, 0.284561, -1.000000, 0.313069, -1.000000
0.260000, 0.310000, 3.910000, 0.441012, 0.287503, -1.000000, 0.398896, -1.000000, 0.287033, -1.000000, 0.315887, -1.000000
0.260000, 0.320000, 3.900000, 0.449200, 0.290216, -1.000000, 0.398706, -1.000000, 0.289518, -1.000000, 0.318720, -1.000000
0.260000, 0.330000, 3.890000, 0.457312, 0.292944, -1.000000, 0.398517, -1.000000, 0.292016, -1.000000, 0.321565, -1.000000
0.260000, 0.340000, 3.880000, 0.465350, 0.295687, -1.000000, 0.398328, -1.000000, 0.294527, -1.000000, 0.324424, -1.000000
0.260000, 0.350000, 3.870000, 0.473312, 0.298445, -1.000000, 0.398139, -1.000000, 0.297050, -1.000000, 0.327296, -1.000000
0.260000, 0.360000, 3.860000, 0.481200, 0.301218, -1.000000, 0.397950, -1.000000, 0.299586, -1.000000, 0.330182, -1.000000
0.260000, 0.370000, 3.850000, 0.489012, 0.304005, -1.000000, 0.397761, -1.000000, 0.302165, -1.000000, 0.333080, -1.000000
0.260000, 0.380000, 3.840000, 0.496750, 0.306807, -1.000000, 0.397572, -1.000000, 0.304882, -1.000000, 0.335990, -1.000000
0.260000, 0.390000, 3.830000, 0.504412, 0.309623, -1.000000, 0.397383, -1.000000, 0.307612, -1.000000, 0.338914, -1.000000
0.260000, 0.400000, 3.820000, 0.512000, 0.312453, -1.000000, 0.397194, -1.000000, 0.310356, -1.000000, 0.341849, -1.000000
0.260000, 0.410000, 3.810000, 0.519512, 0.315297, -1.000000, 0.397005, -1.000000, 0.313114, -1.000000, 0.344797, -1.000000
0.260000, 0.420000, 3.800000, 0.526950, 0.318155, -1.000000, 0.396816, -1.000000, 0.315885, -1.000000, 0.347720, -1.000000
0.260000, 0.430000, 3.790000, 0.534312, 0.321027, -1.000000, 0.396627, -1.000000, 0.318668, -1.000000, 0.350599, -1.000000
0.260000, 0.440000, 3.780000, 0.541600, 0.323913, -1.000000, 0.396438, -1.000000, 0.321465, -1.000000, 0.353489, -1.000000
0.260000, 0.450000, 3.770000, 0.548812, 0.326812, -1.000000, 0.396249, -1.000000, 0.324275, -1.000000, 0.356389, -1.000000
0.260000, 0.460000, 3.760000, 0.555950, 0.329724, -1.000000, 0.396060, -1.000000, 0.327098, -1.000000, 0.359300, -1.000000
0.260000, 0.470000, 3.750000, 0.563012, 0.332650, -1.000000, 0.395872, -1.000000, 0.329933, -1.000000, 0.362222, -1.000000
0.260000, 0.480000, 3.740000, 0.570000, 0.335588, -1.000000, 0.395683, -1.000000, 0.332780, -1.000000, 0.365153, -1.000000
0.260000, 0.490000, 3.730000, 0.576912, 0.338539, -1.000000, 0.395494, -1.000000, 0.335640, -1.000000, 0.368095, -1.000000
0.260000, 0.500000, 3.720000, 0.583750, 0.341503, -1.000000, 0.395305, -1.000000, 0.338512, -1.000000, 0.371047, -1.000000
0.260000, 0.510000, 3.710000, 0.590512, 0.344469, -1.000000, 0.395117, -1.000000, 0.341396, -1.000000, 0.374008, -1.000000
0.260000, 0.520000, 3.700000, 0.597200, 0.346525, -1.000000, 0.394928, -1.000000, 0.344291, -1.000000, 0.376978, -1.000000
0.260000, 0.530000, 3.690000, 0.603812, 0.348586, -1.000000, 0.394740, -1.000000, 0.347199, -1.000000, 0.379958, -1.000000
0.260000, 0.540000, 3.680000, 0.610350, 0.350654, -1.000000, 0.394551, -1.000000, 0.350117, -1.000000, 0.382947, -1.000000
0.260000, 0.550000, 3.670000, 0.616812, 0.352727, -1.000000, 0.394362, -1.000000, 0.353047, -1.000000, 0.385945, -1.000000
0.260000, 0.560000, 3.660000, 0.623200, 0.352891, -1.000000, 0.394174, -1.000000, 0.355988, -1.000000, 0.388952, -1.000000
0.260000, 0.570000, 3.650000, 0.629512, 0.352928, -1.000000, 0.393986, -1.000000, 0.357669, -1.000000, 0.391240, -1.000000
0.260000, 0.580000, 3.640000, 0.635750, 0.352966, -1.000000, 0.393797, -1.000000, 0.358765, -1.000000, 0.391241, -1.000000
0.260000, 0.590000, 3.630000, 0.641912, 0.353003, -1.000000, 0.393609, -1.000000, 0.359862, -1.000000, 0.391242, -1.000000
0.260000, 0.600000, 3.620000, 0.648000, 0.353041, -1.000000, 0.393420, -1.000000, 0.360961, -1.000000, 0.391244, -1.000000
0.260000, 0.610000, 3.610000, 0.654012, 0.353079, -1.000000, 0.393232, -1.000000, 0.362062, -1.000000, 0.391245, -1.000000
0.260000, 0.620000, 3.600000, 0.659950, 0.353116, -1.000000, 0.393044, -1.000000, 0.363164, -1.000000, 0.391246, -1.000000
0.260000, 0.630000, 3.590000, 0.665812, 0.353154, -1.000000, 0.392855, -1.000000, 0.364267, -1.000000, 0.391248, -1.000000
0.260000, 0.640000, 3.580000, 0.671600, 0.353191, -1.000000, 0.392667, -1.000000, 0.365372, -1.000000, 0.391251, -1.000000
0.260000, 0.650000, 3.570000, 0.677312, 0.353229, -1.000000, 0.392479, -1.000000, 0.366478, -1.000000, 0.391254, -1.000000
0.260000, 0.660000, 3.560000, 0.682950, 0.353267, -1.000000, 0.392291, -1.000000, 0.367586, -1.000000, 0.391258, -1.000000
0.260000, 0.670000, 3.550000, 0.688512, 0.353304, -1.000000, 0.392103, -1.000000, 0.368695, -1.000000, 0.391261, -1.000000
0.260000, 0.680000, 3.540000, 0.694000, 0.353342, -1.000000, 0.391914, -1.000000, 0.369805, -1.000000, 0.391264, -1.000000
0.260000, 0.690000, 3.530000, 0.699412, 0.353380, -1.000000, 0.391726, -1.000000, 0.370095, -1.000000, 0.391268, -1.000000
0.260000, 0.700000, 3.520000, 0.704750, 0.353417, -1.000000, 0.391538, -1.000000, 0.369960, -1.000000, 0.391271, -1.000000
0.260000, 0.710000, 3.510000, 0.710012, 0.353455, -1.000000, 0.391350, -1.000000, 0.369826, -1.000000, 0.391274, -1.000000
0.260000, 0.720000, 3.500000, 0.715200, 0.353492, -1.000000, 0.391162, -1.000000, 0.369691, -1.000000, 0.391278, -1.000000
0.260000, 0.730000, 3.490000, 0.720312, 0.353530, -1.000000, 0.390974, -1.000000, 0.369557, -1.000000, 0.391281, -1.000000
0.260000, 0.740000, 3.480000, 0.725350, 0.353568, -1.000000, 0.390786, -1.000000, 0.369422, -1.000000, 0.391285, -1.000000
0.260000, 0.750000, 3.470000, 0.730312, 0.353605, -1.000000, 0.390599, -1.000000, 0.369288, -1.000000, 0.391288, -1.000000
0.260000, 0.760000, 3.460000, 0.735200, 0.353643, -1.000000, 0.390411, -1.000000, 0.369153, -1.000000, 0.391291, -1.000000
0.260000, 0.770000, 3.450000, 0.740012, 0.353681, -1.000000, 0.390223, -1.000000, 0.369019, -1.000000, 0.391295, -1.000000
0.260000, 0.780000, 3.440000, 0.744750, 0.353718, -1.000000, 0.390035, -1.000000, 0.368885, -1.000000, 0.391298, -1.000000
0.260000, 0.790000, 3.430000, 0.749412, 0.353756, -1.000000, 0.389847, -1.000000, 0.368750, -1.000000, 0.391301, -1.000000
0.260000, 0.800000, 3.420000, 0.754000, 0.353794, -1.000000, 0.389660, -1.000000, 0.368616, -1.000000, 0.391305, -1.000000
0.260000, 0.810000, 3.410000, 0.758512, 0.353831, -1.000000, 0.389472, -1.000000, 0.368482, -1.000000, 0.391308, -1.000000
0.260000, 0.820000, 3.400000, 0.762950, 0.353869, -1.000000, 0.389284, -1.000000, 0.368347, -1.000000, 0.391311, -1.000000
0.260000, 0.830000, 3.390000, 0.767312, 0.353906, -1.000000, 0.389097, -1.000000, 0.368257, -1.000000, 0.391315, -1.000000
0.260000, 0.839999, 3.380000, 0.771600, 0.353944, -1.000000, 0.388909, -1.000000, 0.368175, -1.000000, 0.391318, -1.000000
0.260000, 0.849999, 3.370000, 0.775812, 0.353982, -1.000000, 0.388721, -1.000000, 0.368092, -1.000000, 0.391322, -1.000000
0.260000, 0.859999, 3.360000, 0.779950, 0.354019, -1.000000, 0.388534, -1.000000, 0.368010, -1.000000, 0.391325, -1.000000
0.260000, 0.869999, 3.350000, 0.784012, 0.354057, -1.000000, 0.388346, -1.000000, 0.367927, -1.000000, 0.391328, -1.000000
0.260000, 0.879999, 3.340000, 0.788000, 0.354095, -1.000000, 0.388159, -1.000000, 0.367845, -1.000000, 0.391332, -1.000000
0.260000, 0.889999, 3.330000, 0.791912, 0.354132, -1.000000, 0.387972, -1.000000, 0.367762, -1.000000, 0.391335, -1.000000
0.260000, 0.899999, 3.320000, 0.795750, 0.354170, -1.000000, 0.387784, -1.000000, 0.367680, -1.000000, 0.391338, -1.000000
0.260000, 0.909999, 3.310000, 0.799512, 0.354208, -1.000000, 0.387597, -1.000000, 0.367598, -1.000000, 0.391342, -1.000000
0.260000, 0.919999, 3.300000, 0.803200, 0.354245, -1.000000, 0.387409, -1.000000, 0.367515, -1.000000, 0.391345, -1.000000
0.260000, 0.929999, 3.290000, 0.806812, 0.354283, -1.000000, 0.387222, -1.000000, 0.367433, -1.000000, 0.391349, -1.000000
0.260000, 0.939999, 3.280000, 0.810350, 0.354321, -1.000000, 0.387035, -1.000000, 0.367350, -1.000000, 0.391352, -1.000000
0.260000, 0.949999, 3.270000, 0.813812, 0.354358, -1.000000, 0.386848, -1.000000, 0.367268, -1.000000, 0.391355, -1.000000
0.260000, 0.959999, 3.260000, 0.817200, 0.354396, -1.000000, 0.386660, -1.000000, 0.367186, -1.000000, 0.391359, -1.000000
0.260000, 0.969999, 3.250000, 0.820512, 0.354434, -1.000000, 0.386473, -1.000000, 0.367103, -1.000000, 0.391362, -1.000000
0.260000, 0.979999, 3.240000, 0.823750, 0.354471, -1.000000, 0.386286, -1.000000, 0.367021, -1.000000, 0.391365, -1.000000
0.260000, 0.989999, 3.230000, 0.826912, 0.354509, -1.000000, 0.386099, -1.000000, 0.366939, -1.000000, 0.391475, -1.000000
0.260000, 0.999999, 3.220001, 0.830000, 0.354547, -1.000000, 0.385912, -1.000000, 0.366856, -1.000000, 0.391642, -1.000000
0.270000, 0.000000, 4.190000, 0.150000, 0.212100, 0.732968, 0.404887, 0.995602, 0.217081, 0.805274, 0.238465, 0.985046
0.270000, 0.010000, 4.180000, 0.160438, 0.213479, -1.000000, 0.404697, -1.000000, 0.218827, -1.000000, 0.240518, -1.000000
0.270000, 0.020000, 4.170000, 0.170800, 0.215597, -1.000000, 0.404506, -1.000000, 0.220583, -1.000000, 0.242584, -1.000000
0.270000, 0.030000, 4.160000, 0.181088, 0.217839, -1.000000, 0.404316, -1.000000, 0.222488, -1.000000, 0.244661, -1.000000
0.270000, 0.040000, 4.150000, 0.191300, 0.220097, -1.000000, 0.404126, -1.000000, 0.224591, -1.000000, 0.246750, -1.000000
0.270000, 0.050000, 4.140000, 0.201438, 0.222373, -1.000000, 0.403936, -1.000000, 0.226707, -1.000000, 0.248851, -1.000000
0.270000, 0.060000, 4.130000, 0.211500, 0.224665, -1.000000, 0.403746, -1.000000, 0.228838, -1.000000, 0.250964, -1.000000
0.270000, 0.070000, 4.120000, 0.221488, 0.226974, -1.000000, 0.403556, -1.000000, 0.230983, -1.000000, 0.253089, -1.000000
0.270000, 0.080000, 4.110000, 0.231400, 0.229300, -1.000000, 0.403366, -1.000000, 0.233142, -1.000000, 0.255226, -1.000000
0.270000, 0.090000, 4.100000, 0.241238, 0.231642, -1.000000, 0.403176, -1.000000, 0.235314, -1.000000, 0.257375, -1.000000
0.270000, 0.100000, 4.090000, 0.251000, 0.234001, -1.000000, 0.402986, -1.000000, 0.237501, -1.000000, 0.259776, -1.000000
0.270000, 0.110000, 4.080000, 0.260688, 0.236377, -1.000000, 0.402797, -1.000000, 0.239702, -1.000000, 0.262298, -1.000000
0.270000, 0.120000, 4.070000, 0.270300, 0.238769, -1.000000, 0.402607, -1.000000, 0.241916, -1.000000, 0.264836, -1.000000
0.270000, 0.130000, 4.060000, 0.279837, 0.241178, -1.000000, 0.402417, -1.000000, 0.244145, -1.000000, 0.267390, -1.000000
0.270000, 0.140000, 4.050000, 0.289300, 0.243603, -1.000000, 0.402227, -1.000000, 0.246387, -1.000000, 0.269959, -1.000000
0.270000, 0.150000, 4.040000, 0.298688, 0.246045, -1.000000, 0.402037, -1.000000, 0.248643, -1.000000, 0.272543, -1.000000
0.270000, 0.160000, 4.030000, 0.308000, 0.248503, -1.000000, 0.401848, -1.000000, 0.250913, -1.000000, 0.275143, -1.000000
0.270000, 0.170000, 4.020000, 0.317237, 0.250978, -1.000000, 0.401658, -1.000000, 0.253197, -1.000000, 0.277758, -1.000000
0.270000, 0.180000, 4.010000, 0.326400, 0.253469, -1.000000, 0.401468, -1.000000, 0.255494, -1.000000, 0.280389, -1.000000
0.270000, 0.190000, 4.000000, 0.335488, 0.255976, -1.000000, 0.401279, -1.000000, 0.257805, -1.000000, 0.283035, -1.000000
0.270000, 0.200000, 3.990000, 0.344500, 0.258500, -1.000000, 0.401089, -1.000000, 0.260130, -1.000000, 0.285695, -1.000000
0.270000, 0.210000, 3.980000, 0.353438, 0.261039, -1.000000, 0.400899, -1.000000, 0.262468, -1.000000, 0.288371, -1.000000
0.270000, 0.220000, 3.970000, 0.362300, 0.263595, -1.000000, 0.400710, -1.000000, 0.264819, -1.000000, 0.291061, -1.000000
0.270000, 0.230000, 3.960000, 0.371088, 0.266167, -1.000000, 0.400520, -1.000000, 0.267184, -1.000000, 0.293767, -1.000000
0.270000, 0.240000, 3.950000, 0.379800, 0.268754, -1.000000, 0.400331, -1.000000, 0.269563, -1.000000, 0.296487, -1.000000
0.270000, 0.250000, 3.940000, 0.388438, 0.271358, -1.000000, 0.400141, -1.000000, 0.271955, -1.000000, 0.299221, -1.000000
0.270000, 0.260000, 3.930000, 0.397000, 0.273977, -1.000000, 0.399952, -1.000000, 0.274360, -1.000000, 0.301970, -1.000000
0.270000, 0.270000, 3.920000, 0.405488, 0.276612, -1.000000, 0.399762, -1.000000, 0.276778, -1.000000, 0.304733, -1.000000
0.270000, 0.280000, 3.910000, 0.413900, 0.279263, -1.000000, 0.399573, -1.000000, 0.279209, -1.000000, 0.307510, -1.000000
0.270000, 0.290000, 3.900000, 0.422238, 0.281929, -1.000000, 0.399384, -1.000000, 0.281653, -1.000000, 0.310301, -1.000000
0.270000, 0.300000, 3.890000, 0.430500, 0.284610, -1.000000, 0.399194, -1.000000, 0.284111, -1.000000, 0.313106, -1.000000
0.270000, 0.310000, 3.880000, 0.438687, 0.287307, -1.000000, 0.399005, -1.000000, 0.286581, -1.000000, 0.315925, -1.000000
0.270000, 0.320000, 3.870000, 0.446800, 0.290019, -1.000000, 0.398816, -1.000000, 0.289064, -1.000000, 0.318758, -1.000000
0.270000, 0.330000, 3.860000, 0.454837, 0.292746, -1.000000, 0.398627, -1.000000, 0.291560, -1.000000, 0.321604, -1.000000
0.270000, 0.340000, 3.850000, 0.462800, 0.295488, -1.000000, 0.398438, -1.000000, 0.294068, -1.000000, 0.324463, -1.000000
0.270000, 0.350000, 3.840000, 0.470687, 0.298245, -1.000000, 0.398248, -1.000000, 0.296595, -1.000000, 0.327335, -1.000000
0.270000, 0.360000, 3.830000, 0.478500, 0.301016, -1.000000, 0.398059, -1.000000, 0.299283, -1.000000, 0.330221, -1.000000
0.270000, 0.370000, 3.820000, 0.486237, 0.303803, -1.000000, 0.397870, -1.000000, 0.301985, -1.000000, 0.333113, -1.000000
0.270000, 0.380000, 3.810000, 0.493900, 0.306603, -1.000000, 0.397681, -1.000000, 0.304701, -1.000000, 0.335933, -1.000000
0.270000, 0.390000, 3.800000, 0.501487, 0.309418, -1.000000, 0.397492, -1.000000, 0.307431, -1.000000, 0.338765, -1.000000
0.270000, 0.400000, 3.790000, 0.509000, 0.312247, -1.000000, 0.397303, -1.000000, 0.310174, -1.000000, 0.341609, -1.000000
0.270000, 0.410000, 3.780000, 0.516437, 0.315091, -1.000000, 0.397114, -1.000000, 0.312931, -1.000000, 0.344464, -1.000000
0.270000, 0.420000, 3.770000, 0.523800, 0.317948, -1.000000, 0.396925, -1.000000, 0.315701, -1.000000, 0.347330, -1.000000
0.270000, 0.430000, 3.760000, 0.531087, 0.320819, -1.000000, 0.396736, -1.000000, 0.318484, -1.000000, 0.350207, -1.000000
0.270000, 0.440000, 3.750000, 0.538300, 0.323703, -1.000000, 0.396547, -1.000000, 0.321280, -1.000000, 0.353096, -1.000000
0.270000, 0.450000, 3.740000, 0.545437, 0.326602, -1.000000, 0.396358, -1.000000, 0.324089, -1.000000, 0.355995, -1.000000
0.270000, 0.460000, 3.730000, 0.552500, 0.329513, -1.000000, 0.396170, -1.000000, 0.326911, -1.000000, 0.358904, -1.000000
0.270000, 0.470000, 3.720000, 0.559487, 0.332437, -1.000000, 0.395981, -1.000000, 0.329745, -1.000000, 0.361824, -1.000000
0.270000, 0.480000, 3.710000, 0.566400, 0.335375, -1.000000, 0.395792, -1.000000, 0.332592, -1.000000, 0.364755, -1.000000
0.270000, 0.490000, 3.700000, 0.573237, 0.338325, -1.000000, 0.395603, -1.000000, 0.335451, -1.000000, 0.367695, -1.000000
0.270000, 0.500000, 3.690000, 0.580000, 0.341288, -1.000000, 0.395415, -1.000000, 0.338322, -1.000000, 0.370645, -1.000000
0.270000, 0.510000, 3.680000, 0.586687, 0.344165, -1.000000, 0.395226, -1.000000, 0.341205, -1.000000, 0.373605, -1.000000
0.270000, 0.520000, 3.670000, 0.593300, 0.346221, -1.000000, 0.395037, -1.000000, 0.344100, -1.000000, 0.376574, -1.000000
0.270000, 0.530000, 3.660000, 0.599837, 0.348282, -1.000000, 0.394849, -1.000000, 0.347006, -1.000000, 0.379553, -1.000000
0.270000, 0.540000, 3.650000, 0.606300, 0.350348, -1.000000, 0.394660, -1.000000, 0.349924, -1.000000, 0.382541, -1.000000
0.270000, 0.550000, 3.640000, 0.612687, 0.352421, -1.000000, 0.394471, -1.000000, 0.352853, -1.000000, 0.385538, -1.000000
0.270000, 0.560000, 3.630000, 0.619000, 0.352872, -1.000000, 0.394283, -1.000000, 0.355794, -1.000000, 0.388543, -1.000000
0.270000, 0.570000, 3.620000, 0.625237, 0.352909, -1.000000, 0.394094, -1.000000, 0.358287, -1.000000, 0.391297, -1.000000
0.270000, 0.580000, 3.610000, 0.631400, 0.352947, -1.000000, 0.393906, -1.000000, 0.359383, -1.000000, 0.391298, -1.000000
0.270000, 0.590000, 3.600000, 0.637487, 0.352985, -1.000000, 0.393718, -1.000000, 0.360482, -1.000000, 0.391299, -1.000000
0.270000, 0.600000, 3.590000, 0.643500, 0.353022, -1.000000, 0.393529, -1.000000, 0.361582, -1.000000, 0.391301, -1.000000
0.270000, 0.610000, 3.580000, 0.649437, 0.353060, -1.000000, 0.393341, -1.000000, 0.362683, -1.000000, 0.391302, -1.000000
0.270000, 0.620000, 3.570000, 0.655300, 0.353097, -1.000000, 0.393153, -1.000000, 0.363786, -1.000000, 0.391303, -1.000000
0.270000, 0.630000, 3.560000, 0.661087, 0.353135, -1.000000, 0.392964, -1.000000, 0.364890, -1.000000, 0.391305, -1.000000
0.270000, 0.640000, 3.550000, 0.666800, 0.353173, -1.000000, 0.392776, -1.000000, 0.365995, -1.000000, 0.391306, -1.000000
0.270000, 0.650000, 3.540000, 0.672437, 0.353210, -1.000000, 0.392588, -1.000000, 0.367102, -1.000000, 0.391307, -1.000000
0.270000, 0.660000, 3.530000, 0.678000, 0.353248, -1.000000, 0.392400, -1.000000, 0.368211, -1.000000, 0.391309, -1.000000
0.270000, 0.670000, 3.520000, 0.683487, 0.353285, -1.000000, 0.392211, -1.000000, 0.369321, -1.000000, 0.391312, -1.000000
0.270000, 0.680000, 3.510000, 0.688900, 0.353323, -1.000000, 0.392023, -1.000000, 0.370162, -1.000000, 0.391315, -1.000000
0.270000, 0.690000, 3.500000, 0.694237, 0.353361, -1.000000, 0.391835, -1.000000, 0.370028, -1.000000, 0.391319, -1.000000
0.270000, 0.700000, 3.490000, 0.699500, 0.353398, -1.000000, 0.391647, -1.000000, 0.369893, -1.000000, 0.391322, -1.000000
0.270000, 0.710000, 3.480000, 0.704687, 0.353436, -1.000000, 0.391459, -1.000000, 0.369759, -1.000000, 0.391325, -1.000000
0.270000, 0.720000, 3.470000, 0.709800, 0.353474, -1.000000, 0.391271, -1.000000, 0.369624, -1.000000, 0.391329, -1.000000
0.270000, 0.730000, 3.460000, 0.714837, 0.353511, -1.000000, 0.391083, -1.000000, 0.369490, -1.000000, 0.391332, -1.000000
0.270000, 0.740000, 3.450000, 0.719800, 0.353549, -1.000000, 0.390895, -1.000000, 0.369356, -1.000000, 0.391335, -1.000000
0.270000, 0.750000, 3.440000, 0.724687, 0.353586, -1.000000, 0.390707, -1.000000, 0.369221, -1.000000, 0.391339, -1.000000
0.270000, 0.760000, 3.430000, 0.729500, 0.353624, -1.000000, 0.390519, -1.000000, 0.369087, -1.000000, 0.391342, -1.000000
0.270000, 0.770000, 3.420000, 0.734237, 0.353662, -1.000000, 0.390332, -1.000000, 0.368952, -1.000000, 0.391346, -1.000000
0.270000, 0.780000, 3.410000, 0.738900, 0.353699, -1.000000, 0.390144, -1.000000, 0.368818, -1.000000, 0.391349, -1.000000
0.270000, 0.790000, 3.400000, 0.743487, 0.353737, -1.000000, 0.389956, -1.000000, 0.368684, -1.000000, 0.391352, -1.000000
0.270000, 0.800000, 3.390000, 0.748000, 0.353775, -1.000000, 0.389768, -1.000000, 0.368549, -1.000000, 0.391356, -1.000000
0.270000, 0.810000, 3.380000, 0.752437, 0.353812, -1.000000, 0.389580, -1.000000, 0.368415, -1.000000, 0.391359, -1.000000
0.270000, 0.820000, 3.370000, 0.756800, 0.353850, -1.000000, 0.389393, -1.000000, 0.368293, -1.000000, 0.391362, -1.000000
0.270000, 0.830000, 3.360000, 0.761087, 0.353888, -1.000000, 0.389205, -1.000000, 0.368211, -1.000000, 0.391366, -1.000000
0.270000, 0.839999, 3.350000, 0.765300, 0.353925, -1.000000, 0.389018, -1.000000, 0.368128, -1.000000, 0.391369, -1.000000
0.270000, 0.849999, 3.340000, 0.769437, 0.353963, -1.000000, 0.388830, -1.000000, 0.368046, -1.000000, 0.391373, -1.000000
0.270000, 0.859999, 3.330000, 0.773500, 0.354001, -1.000000, 0.388642, -1.000000, 0.367963, -1.000000, 0.391376, -1.000000
0.270000, 0.869999, 3.320000, 0.777487, 0.354038, -1.000000, 0.388455, -1.000000, 0.367881, -1.000000, 0.391379, -1.000000
0.270000, 0.879999, 3.310000, 0.781400, 0.354076, -1.000000, 0.388267, -1.000000, 0.367799, -1.000000, 0.391383, -1.000000
0.270000, 0.889999, 3.300000, 0.785237, 0.354114, -1.000000, 0.388080, -1.000000, 0.367716, -1.000000, 0.391386, -1.000000
0.270000, 0.899999, 3.290000, 0.789000, 0.354151, -1.000000, 0.387892, -1.000000, 0.367634, -1.000000, 0.391389, -1.000000
0.270000, 0.909999, 3.280000, 0.792687, 0.354189, -1.000000, 0.387705, -1.000000, 0.367551, -1.000000, 0.391393, -1.000000
0.270000, 0.919999, 3.270000, 0.796300, 0.354226, -1.000000, 0.387518, -1.000000, 0.367469, -1.000000, 0.391396, -1.000000
0.270000, 0.929999, 3.260000, 0.799837, 0.354264, -1.000000, 0.387330, -1.000000, 0.367387, -1.000000, 0.391399, -1.000000
0.270000, 0.939999, 3.250000, 0.803300, 0.354302, -1.000000, 0.387143, -1.000000, 0.367304, -1.000000, 0.391403, -1.000000
0.270000, 0.949999, 3.240000, 0.806687, 0.354340, -1.000000, 0.386956, -1.000000, 0.367222, -1.000000, 0.391406, -1.000000
0.270000, 0.959999, 3.230000, 0.810000, 0.354377, -1.000000, 0.386769, -1.000000, 0.367139, -1.000000, 0.391410, -1.000000
0.270000, 0.969999, 3.220001, 0.813237, 0.354415, -1.000000, 0.386581, -1.000000, 0.367057, -1.000000, 0.391413, -1.000000
0.270000, 0.979999, 3.210001, 0.816400, 0.354453, -1.000000, 0.386394, -1.000000, 0.366975, -1.000000, 0.391416, -1.000000
0.270000, 0.989999, 3.200001, 0.819487, 0.354490, -1.000000, 0.386207, -1.000000, 0.366892, -1.000000, 0.391581, -1.000000
0.270000, 0.999999, 3.190001, 0.822500, 0.354528, -1.000000, 0.386020, -1.000000, 0.366810, -1.000000, 0.391748, -1.000000
0.280000, 0.000000, 4.160000, 0.150000, 0.211891, 0.732967, 0.404997, 0.995617, 0.216450, 0.805340, 0.238359, 0.985283
0.280000, 0.010000, 4.150000, 0.160363, 0.213269, -1.000000, 0.404807, -1.000000, 0.218192, -1.000000, 0.240411, -1.000000
0.280000, 0.020000, 4.140000, 0.170650, 0.215435, -1.000000, 0.404616, -1.000000, 0.220020, -1.000000, 0.242476, -1.000000
0.280000, 0.030000, 4.130000, 0.180863, 0.217676, -1.000000, 0.404426, -1.000000, 0.222106, -1.000000, 0.244552, -1.000000
0.280000, 0.040000, 4.120000, 0.191000, 0.219933, -1.000000, 0.404236, -1.000000, 0.224206, -1.000000, 0.246641, -1.000000
0.280000, 0.050000, 4.110000, 0.201063, 0.222207, -1.000000, 0.404046, -1.000000, 0.226320, -1.000000, 0.248741, -1.000000
0.280000, 0.060000, 4.100000, 0.211050, 0.224498, -1.000000, 0.403856, -1.000000, 0.228448, -1.000000, 0.250854, -1.000000
0.280000, 0.070000, 4.090000, 0.220963, 0.226806, -1.000000, 0.403666, -1.000000, 0.230590, -1.000000, 0.252978, -1.000000
0.280000, 0.080000, 4.080000, 0.230800, 0.229131, -1.000000, 0.403476, -1.000000, 0.232747, -1.000000, 0.255114, -1.000000
0.280000, 0.090000, 4.070000, 0.240562, 0.231472, -1.000000, 0.403286, -1.000000, 0.234917, -1.000000, 0.257304, -1.000000
0.280000, 0.100000, 4.060000, 0.250250, 0.233830, -1.000000, 0.403096, -1.000000, 0.237101, -1.000000, 0.259810, -1.000000
0.280000, 0.110000, 4.050000, 0.259862, 0.236204, -1.000000, 0.402906, -1.000000, 0.239299, -1.000000, 0.262332, -1.000000
0.280000, 0.120000, 4.040000, 0.269400, 0.238595, -1.000000, 0.402716, -1.000000, 0.241511, -1.000000, 0.264870, -1.000000
0.280000, 0.130000, 4.030000, 0.278863, 0.241003, -1.000000, 0.402527, -1.000000, 0.243737, -1.000000, 0.267424, -1.000000
0.280000, 0.140000, 4.020000, 0.288250, 0.243427, -1.000000, 0.402337, -1.000000, 0.245977, -1.000000, 0.269993, -1.000000
0.280000, 0.150000, 4.010000, 0.297562, 0.245868, -1.000000, 0.402147, -1.000000, 0.248230, -1.000000, 0.272578, -1.000000
0.280000, 0.160000, 4.000000, 0.306800, 0.248325, -1.000000, 0.401957, -1.000000, 0.250498, -1.000000, 0.275178, -1.000000
0.280000, 0.170000, 3.990000, 0.315962, 0.250798, -1.000000, 0.401768, -1.000000, 0.252779, -1.000000, 0.277794, -1.000000
0.280000, 0.180000, 3.980000, 0.325050, 0.253288, -1.000000, 0.401578, -1.000000, 0.255074, -1.000000, 0.280424, -1.000000
0.280000, 0.190000, 3.970000, 0.334063, 0.255794, -1.000000, 0.401388, -1.000000, 0.257382, -1.000000, 0.283070, -1.000000
0.280000, 0.200000, 3.960000, 0.343000, 0.258316, -1.000000, 0.401199, -1.000000, 0.259704, -1.000000, 0.285731, -1.000000
0.280000, 0.210000, 3.950000, 0.351863, 0.260855, -1.000000, 0.401009, -1.000000, 0.262040, -1.000000, 0.288407, -1.000000
0.280000, 0.220000, 3.940000, 0.360650, 0.263409, -1.000000, 0.400819, -1.000000, 0.264389, -1.000000, 0.291098, -1.000000
0.280000, 0.230000, 3.930000, 0.369363, 0.265980, -1.000000, 0.400630, -1.000000, 0.266752, -1.000000, 0.293803, -1.000000
0.280000, 0.240000, 3.920000, 0.378000, 0.268567, -1.000000, 0.400440, -1.000000, 0.269128, -1.000000, 0.296523, -1.000000
0.280000, 0.250000, 3.910000, 0.386563, 0.271169, -1.000000, 0.400251, -1.000000, 0.271517, -1.000000, 0.299258, -1.000000
0.280000, 0.260000, 3.900000, 0.395050, 0.273787, -1.000000, 0.400061, -1.000000, 0.273920, -1.000000, 0.302007, -1.000000
0.280000, 0.270000, 3.890000, 0.403463, 0.276421, -1.000000, 0.399872, -1.000000, 0.276336, -1.000000, 0.304770, -1.000000
0.280000, 0.280000, 3.880000, 0.411800, 0.279070, -1.000000, 0.399683, -1.000000, 0.278765, -1.000000, 0.307548, -1.000000
0.280000, 0.290000, 3.870000, 0.420063, 0.281735, -1.000000, 0.399493, -1.000000, 0.281207, -1.000000, 0.310339, -1.000000
0.280000, 0.300000, 3.860000, 0.428250, 0.284416, -1.000000, 0.399304, -1.000000, 0.283661, -1.000000, 0.313144, -1.000000
0.280000, 0.310000, 3.850000, 0.436362, 0.287111, -1.000000, 0.399115, -1.000000, 0.286129, -1.000000, 0.315963, -1.000000
0.280000, 0.320000, 3.840000, 0.444400, 0.289822, -1.000000, 0.398925, -1.000000, 0.288610, -1.000000, 0.318796, -1.000000
0.280000, 0.330000, 3.830000, 0.452362, 0.292548, -1.000000, 0.398736, -1.000000, 0.291103, -1.000000, 0.321578, -1.000000
0.280000, 0.340000, 3.820000, 0.460250, 0.295289, -1.000000, 0.398547, -1.000000, 0.293744, -1.000000, 0.324348, -1.000000
0.280000, 0.350000, 3.810000, 0.468062, 0.298045, -1.000000, 0.398358, -1.000000, 0.296418, -1.000000, 0.327130, -1.000000
0.280000, 0.360000, 3.800000, 0.475800, 0.300815, -1.000000, 0.398169, -1.000000, 0.299105, -1.000000, 0.329925, -1.000000
0.280000, 0.370000, 3.790000, 0.483462, 0.303600, -1.000000, 0.397979, -1.000000, 0.301806, -1.000000, 0.332731, -1.000000
0.280000, 0.380000, 3.780000, 0.491050, 0.306400, -1.000000, 0.397790, -1.000000, 0.304521, -1.000000, 0.335550, -1.000000
0.280000, 0.390000, 3.770000, 0.498562, 0.309214, -1.000000, 0.397601, -1.000000, 0.307250, -1.000000, 0.338380, -1.000000
0.280000, 0.400000, 3.760000, 0.506000, 0.312042, -1.000000, 0.397412, -1.000000, 0.309993, -1.000000, 0.341222, -1.000000
0.280000, 0.410000, 3.750000, 0.513362, 0.314884, -1.000000, 0.397223, -1.000000, 0.312748, -1.000000, 0.344075, -1.000000
0.280000, 0.420000, 3.740000, 0.520650, 0.317741, -1.000000, 0.397034, -1.000000, 0.315517, -1.000000, 0.346940, -1.000000
0.280000, 0.430000, 3.730000, 0.527862, 0.320611, -1.000000, 0.396845, -1.000000, 0.318300, -1.000000, 0.349816, -1.000000
0.280000, 0.440000, 3.720000, 0.535000, 0.323494, -1.000000, 0.396656, -1.000000, 0.321095, -1.000000, 0.352703, -1.000000
0.280000, 0.450000, 3.710000, 0.542062, 0.326391, -1.000000, 0.396468, -1.000000, 0.323903, -1.000000, 0.355600, -1.000000
0.280000, 0.460000, 3.700000, 0.549050, 0.329302, -1.000000, 0.396279, -1.000000, 0.326724, -1.000000, 0.358508, -1.000000
0.280000, 0.470000, 3.690000, 0.555962, 0.332225, -1.000000, 0.396090, -1.000000, 0.329557, -1.000000, 0.361427, -1.000000
0.280000, 0.480000, 3.680000, 0.562800, 0.335162, -1.000000, 0.395901, -1.000000, 0.332403, -1.000000, 0.364356, -1.000000
0.280000, 0.490000, 3.670000, 0.569562, 0.338111, -1.000000, 0.395712, -1.000000, 0.335261, -1.000000, 0.367295, -1.000000
0.280000, 0.500000, 3.660000, 0.576250, 0.341073, -1.000000, 0.395524, -1.000000, 0.338132, -1.000000, 0.370244, -1.000000
0.280000, 0.510000, 3.650000, 0.582862, 0.343863, -1.000000, 0.395335, -1.000000, 0.341014, -1.000000, 0.373203, -1.000000
0.280000, 0.520000, 3.640000, 0.589400, 0.345917, -1.000000, 0.395146, -1.000000, 0.343908, -1.000000, 0.376171, -1.000000
0.280000, 0.530000, 3.630000, 0.595862, 0.347977, -1.000000, 0.394958, -1.000000, 0.346814, -1.000000, 0.379148, -1.000000
0.280000, 0.540000, 3.620000, 0.602250, 0.350043, -1.000000, 0.394769, -1.000000, 0.349731, -1.000000, 0.382135, -1.000000
0.280000, 0.550000, 3.610000, 0.608562, 0.352114, -1.000000, 0.394581, -1.000000, 0.352659, -1.000000, 0.385130, -1.000000
0.280000, 0.560000, 3.600000, 0.614800, 0.352853, -1.000000, 0.394392, -1.000000, 0.355599, -1.000000, 0.388135, -1.000000
0.280000, 0.570000, 3.590000, 0.620962, 0.352890, -1.000000, 0.394204, -1.000000, 0.358549, -1.000000, 0.391147, -1.000000
0.280000, 0.580000, 3.580000, 0.627050, 0.352928, -1.000000, 0.394015, -1.000000, 0.360003, -1.000000, 0.391355, -1.000000
0.280000, 0.590000, 3.570000, 0.633062, 0.352966, -1.000000, 0.393827, -1.000000, 0.361102, -1.000000, 0.391356, -1.000000
0.280000, 0.600000, 3.560000, 0.639000, 0.353003, -1.000000, 0.393638, -1.000000, 0.362202, -1.000000, 0.391358, -1.000000
0.280000, 0.610000, 3.550000, 0.644862, 0.353041, -1.000000, 0.393450, -1.000000, 0.363304, -1.000000, 0.391359, -1.000000
0.280000, 0.620000, 3.540000, 0.650650, 0.353078, -1.000000, 0.393261, -1.000000, 0.364408, -1.000000, 0.391360, -1.000000
0.280000, 0.630000, 3.530000, 0.656362, 0.353116, -1.000000, 0.393073, -1.000000, 0.365513, -1.000000, 0.391362, -1.000000
0.280000, 0.640000, 3.520000, 0.662000, 0.353154, -1.000000, 0.392885, -1.000000, 0.366619, -1.000000, 0.391363, -1.000000
0.280000, 0.650000, 3.510000, 0.667562, 0.353191, -1.000000, 0.392697, -1.000000, 0.367727, -1.000000, 0.391364, -1.000000
0.280000, 0.660000, 3.500000, 0.673050, 0.353229, -1.000000, 0.392508, -1.000000, 0.368836, -1.000000, 0.391366, -1.000000
0.280000, 0.670000, 3.490000, 0.678462, 0.353267, -1.000000, 0.392320, -1.000000, 0.369947, -1.000000, 0.391367, -1.000000
0.280000, 0.680000, 3.480000, 0.683800, 0.353304, -1.000000, 0.392132, -1.000000, 0.370096, -1.000000, 0.391369, -1.000000
0.280000, 0.690000, 3.470000, 0.689062, 0.353342, -1.000000, 0.391944, -1.000000, 0.369961, -1.000000, 0.391370, -1.000000
0.280000, 0.700000, 3.460000, 0.694250, 0.353379, -1.000000, 0.391756, -1.000000, 0.369827, -1.000000, 0.391373, -1.000000
0.280000, 0.710000, 3.450000, 0.699362, 0.353417, -1.000000, 0.391568, -1.000000, 0.369692, -1.000000, 0.391376, -1.000000
0.280000, 0.720000, 3.440000, 0.704400, 0.353455, -1.000000, 0.391380, -1.000000, 0.369558, -1.000000, 0.391380, -1.000000
0.280000, 0.730000, 3.430000, 0.709362, 0.353492, -1.000000, 0.391192, -1.000000, 0.369423, -1.000000, 0.391383, -1.000000
0.280000, 0.740000, 3.420000, 0.714250, 0.353530, -1.000000, 0.391004, -1.000000, 0.369289, -1.000000, 0.391386, -1.000000
0.280000, 0.750000, 3.410000, 0.719062, 0.353568, -1.000000, 0.390816, -1.000000, 0.369154, -1.000000, 0.391390, -1.000000
0.280000, 0.760000, 3.400000, 0.723800, 0.353605, -1.000000, 0.390628, -1.000000, 0.369020, -1.000000, 0.391393, -1.000000
0.280000, 0.770000, 3.390000, 0.728462, 0.353643, -1.000000, 0.390440, -1.000000, 0.368886, -1.000000, 0.391396, -1.000000
0.280000, 0.780000, 3.380000, 0.733050, 0.353681, -1.000000, 0.390252, -1.000000, 0.368751, -1.000000, 0.391400, -1.000000
0.280000, 0.790000, 3.370000, 0.737562, 0.353718, -1.000000, 0.390065, -1.000000, 0.368617, -1.000000, 0.391403, -1.000000
0.280000, 0.800000, 3.360000, 0.742000, 0.353756, -1.000000, 0.389877, -1.000000, 0.368483, -1.000000, 0.391407, -1.000000
0.280000, 0.810000, 3.350000, 0.746362, 0.353793, -1.000000, 0.389689, -1.000000, 0.368348, -1.000000, 0.391410, -1.000000
0.280000, 0.820000, 3.340000, 0.750650, 0.353831, -1.000000, 0.389501, -1.000000, 0.368247, -1.000000, 0.391413, -1.000000
0.280000, 0.830000, 3.330000, 0.754862, 0.353869, -1.000000, 0.389314, -1.000000, 0.368165, -1.000000, 0.391417, -1.000000
0.280000, 0.839999, 3.320000, 0.759000, 0.353906, -1.000000, 0.389126, -1.000000, 0.368082, -1.000000, 0.391420, -1.000000
0.280000, 0.849999, 3.310000, 0.763062, 0.353944, -1.000000, 0.388938, -1.000000, 0.368000, -1.000000, 0.391423, -1.000000
0.280000, 0.859999, 3.300000, 0.767050, 0.353982, -1.000000, 0.388751, -1.000000, 0.367917, -1.000000, 0.391427, -1.000000
0.280000, 0.869999, 3.290000, 0.770962, 0.354019, -1.000000, 0.388563, -1.000000, 0.367835, -1.000000, 0.391430, -1.000000
0.280000, 0.879999, 3.280000, 0.774800, 0.354057, -1.000000, 0.388376, -1.000000, 0.367752, -1.000000, 0.391434, -1.000000
0.280000, 0.889999, 3.270000, 0.778562, 0.354095, -1.000000, 0.388188, -1.000000, 0.367670, -1.000000, 0.391437, -1.000000
0.280000, 0.899999, 3.260000, 0.782250, 0.354132, -1.000000, 0.388001, -1.000000, 0.367587, -1.000000, 0.391440, -1.000000
0.280000, 0.909999, 3.250000, 0.785862, 0.354170, -1.000000, 0.387813, -1.000000, 0.367505, -1.000000, 0.391444, -1.000000
0.280000, 0.919999, 3.240000, 0.789400, 0.354208, -1.000000, 0.387626, -1.000000, 0.367423, -1.000000, 0.391447, -1.000000
0.280000, 0.929999, 3.230000, 0.792862, 0.354245, -1.000000, 0.387439, -1.000000, 0.367340, -1.000000, 0.391450, -1.000000
0.280000, 0.939999, 3.220001, 0.796250, 0.354283, -1.000000, 0.387251, -1.000000, 0.367258, -1.000000, 0.391454, -1.000000
0.280000, 0.949999, 3.210001, 0.799562, 0.354321, -1.000000, 0.387064, -1.000000, 0.367176, -1.000000, 0.391457, -1.000000
0.280000, 0.959999, 3.200001, 0.802800, 0.354358, -1.000000, 0.386877, -1.000000, 0.367093, -1.000000, 0.391461, -1.000000
0.280000, 0.969999, 3.190001, 0.805962, 0.354396, -1.000000, 0.386690, -1.000000, 0.367011, -1.000000, 0.391464, -1.000000
0.280000, 0.979999, 3.180001, 0.809050, 0.354434, -1.000000, 0.386503, -1.000000, 0.366928, -1.000000, 0.391519, -1.000000
0.280000, 0.989999, 3.170001, 0.812062, 0.354471, -1.000000, 0.386315, -1.000000, 0.366846, -1.000000, 0.391686, -1.000000
0.280000, 0.999999, 3.160001, 0.815000, 0.354509, -1.000000, 0.386128, -1.000000, 0.366764, -1.000000, 0.391853, -1.000000
0.290000, 0.000000, 4.130000, 0.150000, 0.211682, 0.732965, 0.405107, 0.995631, 0.215841, 0.805426, 0.238252, 0.985516
0.290000, 0.010000, 4.120000, 0.160287, 0.213094, -1.000000, 0.404917, -1.000000, 0.217603, -1.000000, 0.240304, -1.000000
0.290000, 0.020000, 4.110000, 0.170500, 0.215273, -1.000000, 0.404726, -1.000000, 0.219672, -1.000000, 0.242368, -1.000000
0.290000, 0.030000, 4.100000, 0.180638, 0.217513, -1.000000, 0.404536, -1.000000, 0.221755, -1.000000, 0.244444, -1.000000
0.290000, 0.040000, 4.090000, 0.190700, 0.219769, -1.000000, 0.404346, -1.000000, 0.223852, -1.000000, 0.246532, -1.000000
0.290000, 0.050000, 4.080000, 0.200687, 0.222042, -1.000000, 0.404156, -1.000000, 0.225963, -1.000000, 0.248632, -1.000000
0.290000, 0.060000, 4.070000, 0.210600, 0.224332, -1.000000, 0.403966, -1.000000, 0.228088, -1.000000, 0.250743, -1.000000
0.290000, 0.070000, 4.060000, 0.220437, 0.226639, -1.000000, 0.403776, -1.000000, 0.230227, -1.000000, 0.252867, -1.000000
0.290000, 0.080000, 4.050000, 0.230200, 0.228962, -1.000000, 0.403586, -1.000000, 0.232380, -1.000000, 0.255003, -1.000000
0.290000, 0.090000, 4.040000, 0.239888, 0.231302, -1.000000, 0.403396, -1.000000, 0.234547, -1.000000, 0.257337, -1.000000
0.290000, 0.100000, 4.030000, 0.249500, 0.233658, -1.000000, 0.403206, -1.000000, 0.236729, -1.000000, 0.259844, -1.000000
0.290000, 0.110000, 4.020000, 0.259037, 0.236032, -1.000000, 0.403016, -1.000000, 0.238924, -1.000000, 0.262367, -1.000000
0.290000, 0.120000, 4.010000, 0.268500, 0.238422, -1.000000, 0.402826, -1.000000, 0.241133, -1.000000, 0.264905, -1.000000
0.290000, 0.130000, 4.000000, 0.277888, 0.240828, -1.000000, 0.402636, -1.000000, 0.243356, -1.000000, 0.267459, -1.000000
0.290000, 0.140000, 3.990000, 0.287200, 0.243251, -1.000000, 0.402447, -1.000000, 0.245592, -1.000000, 0.270028, -1.000000
0.290000, 0.150000, 3.980000, 0.296438, 0.245690, -1.000000, 0.402257, -1.000000, 0.247843, -1.000000, 0.272613, -1.000000
0.290000, 0.160000, 3.970000, 0.305600, 0.248146, -1.000000, 0.402067, -1.000000, 0.250107, -1.000000, 0.275213, -1.000000
0.290000, 0.170000, 3.960000, 0.314688, 0.250619, -1.000000, 0.401877, -1.000000, 0.252386, -1.000000, 0.277829, -1.000000
0.290000, 0.180000, 3.950000, 0.323700, 0.253107, -1.000000, 0.401688, -1.000000, 0.254678, -1.000000, 0.280460, -1.000000
0.290000, 0.190000, 3.940000, 0.332638, 0.255612, -1.000000, 0.401498, -1.000000, 0.256983, -1.000000, 0.283106, -1.000000
0.290000, 0.200000, 3.930000, 0.341500, 0.258133, -1.000000, 0.401308, -1.000000, 0.259302, -1.000000, 0.285767, -1.000000
0.290000, 0.210000, 3.920000, 0.350288, 0.260671, -1.000000, 0.401119, -1.000000, 0.261635, -1.000000, 0.288443, -1.000000
0.290000, 0.220000, 3.910000, 0.359000, 0.263224, -1.000000, 0.400929, -1.000000, 0.263981, -1.000000, 0.291134, -1.000000
0.290000, 0.230000, 3.900000, 0.367638, 0.265793, -1.000000, 0.400740, -1.000000, 0.266341, -1.000000, 0.293840, -1.000000
0.290000, 0.240000, 3.890000, 0.376200, 0.268379, -1.000000, 0.400550, -1.000000, 0.268714, -1.000000, 0.296560, -1.000000
0.290000, 0.250000, 3.880000, 0.384688, 0.270980, -1.000000, 0.400360, -1.000000, 0.271100, -1.000000, 0.299295, -1.000000
0.290000, 0.260000, 3.870000, 0.393100, 0.273597, -1.000000, 0.400171, -1.000000, 0.273500, -1.000000, 0.302044, -1.000000
0.290000, 0.270000, 3.860000, 0.401438, 0.276230, -1.000000, 0.399982, -1.000000, 0.275912, -1.000000, 0.304807, -1.000000
0.290000, 0.280000, 3.850000, 0.409700, 0.278878, -1.000000, 0.399792, -1.000000, 0.278338, -1.000000, 0.307551, -1.000000
0.290000, 0.290000, 3.840000, 0.417888, 0.281542, -1.000000, 0.399603, -1.000000, 0.280777, -1.000000, 0.310256, -1.000000
0.290000, 0.300000, 3.830000, 0.426000, 0.284221, -1.000000, 0.399413, -1.000000, 0.283229, -1.000000, 0.312973, -1.000000
0.290000, 0.310000, 3.820000, 0.434037, 0.286916, -1.000000, 0.399224, -1.000000, 0.285694, -1.000000, 0.315703, -1.000000
0.290000, 0.320000, 3.810000, 0.442000, 0.289625, -1.000000, 0.399035, -1.000000, 0.288266, -1.000000, 0.318447, -1.000000
0.290000, 0.330000, 3.800000, 0.449887, 0.292350, -1.000000, 0.398846, -1.000000, 0.290910, -1.000000, 0.321202, -1.000000
0.290000, 0.340000, 3.790000, 0.457700, 0.295090, -1.000000, 0.398656, -1.000000, 0.293568, -1.000000, 0.323971, -1.000000
0.290000, 0.350000, 3.780000, 0.465437, 0.297845, -1.000000, 0.398467, -1.000000, 0.296241, -1.000000, 0.326751, -1.000000
0.290000, 0.360000, 3.770000, 0.473100, 0.300614, -1.000000, 0.398278, -1.000000, 0.298927, -1.000000, 0.329544, -1.000000
0.290000, 0.370000, 3.760000, 0.480687, 0.303398, -1.000000, 0.398089, -1.000000, 0.301627, -1.000000, 0.332349, -1.000000
0.290000, 0.380000, 3.750000, 0.488200, 0.306197, -1.000000, 0.397900, -1.000000, 0.304341, -1.000000, 0.335166, -1.000000
0.290000, 0.390000, 3.740000, 0.495637, 0.309010, -1.000000, 0.397711, -1.000000, 0.307069, -1.000000, 0.337995, -1.000000
0.290000, 0.400000, 3.730000, 0.503000, 0.311837, -1.000000, 0.397522, -1.000000, 0.309811, -1.000000, 0.340835, -1.000000
0.290000, 0.410000, 3.720000, 0.510287, 0.314678, -1.000000, 0.397333, -1.000000, 0.312566, -1.000000, 0.343687, -1.000000
0.290000, 0.420000, 3.710000, 0.517500, 0.317533, -1.000000, 0.397144, -1.000000, 0.315334, -1.000000, 0.346550, -1.000000
0.290000, 0.430000, 3.700000, 0.524637, 0.320402, -1.000000, 0.396955, -1.000000, 0.318115, -1.000000, 0.349425, -1.000000
0.290000, 0.440000, 3.690000, 0.531700, 0.323285, -1.000000, 0.396766, -1.000000, 0.320910, -1.000000, 0.352310, -1.000000
0.290000, 0.450000, 3.680000, 0.538687, 0.326181, -1.000000, 0.396577, -1.000000, 0.323717, -1.000000, 0.355206, -1.000000
0.290000, 0.460000, 3.670000, 0.545600, 0.329091, -1.000000, 0.396388, -1.000000, 0.326537, -1.000000, 0.358113, -1.000000
0.290000, 0.470000, 3.660000, 0.552437, 0.332013, -1.000000, 0.396199, -1.000000, 0.329369, -1.000000, 0.361030, -1.000000
0.290000, 0.480000, 3.650000, 0.559200, 0.334949, -1.000000, 0.396010, -1.000000, 0.332215, -1.000000, 0.363958, -1.000000
0.290000, 0.490000, 3.640000, 0.565887, 0.337897, -1.000000, 0.395822, -1.000000, 0.335072, -1.000000, 0.366895, -1.000000
0.290000, 0.500000, 3.630000, 0.572500, 0.340858, -1.000000, 0.395633, -1.000000, 0.337941, -1.000000, 0.369843, -1.000000
0.290000, 0.510000, 3.620000, 0.579037, 0.343560, -1.000000, 0.395444, -1.000000, 0.340823, -1.000000, 0.372800, -1.000000
0.290000, 0.520000, 3.610000, 0.585500, 0.345613, -1.000000, 0.395255, -1.000000, 0.343716, -1.000000, 0.375767, -1.000000
0.290000, 0.530000, 3.600000, 0.591887, 0.347672, -1.000000, 0.395067, -1.000000, 0.346621, -1.000000, 0.378743, -1.000000
0.290000, 0.540000, 3.590000, 0.598200, 0.349737, -1.000000, 0.394878, -1.000000, 0.349538, -1.000000, 0.381729, -1.000000
0.290000, 0.550000, 3.580000, 0.604437, 0.351808, -1.000000, 0.394690, -1.000000, 0.352465, -1.000000, 0.384723, -1.000000
0.290000, 0.560000, 3.570000, 0.610600, 0.352834, -1.000000, 0.394501, -1.000000, 0.355404, -1.000000, 0.387726, -1.000000
0.290000, 0.570000, 3.560000, 0.616687, 0.352872, -1.000000, 0.394313, -1.000000, 0.358354, -1.000000, 0.390738, -1.000000
0.290000, 0.580000, 3.550000, 0.622700, 0.352909, -1.000000, 0.394124, -1.000000, 0.360622, -1.000000, 0.391412, -1.000000
0.290000, 0.590000, 3.540000, 0.628637, 0.352947, -1.000000, 0.393936, -1.000000, 0.361722, -1.000000, 0.391414, -1.000000
0.290000, 0.600000, 3.530000, 0.634500, 0.352984, -1.000000, 0.393747, -1.000000, 0.362824, -1.000000, 0.391415, -1.000000
0.290000, 0.610000, 3.520000, 0.640287, 0.353022, -1.000000, 0.393559, -1.000000, 0.363926, -1.000000, 0.391416, -1.000000
0.290000, 0.620000, 3.510000, 0.646000, 0.353060, -1.000000, 0.393370, -1.000000, 0.365031, -1.000000, 0.391418, -1.000000
0.290000, 0.630000, 3.500000, 0.651637, 0.353097, -1.000000, 0.393182, -1.000000, 0.366137, -1.000000, 0.391419, -1.000000
0.290000, 0.640000, 3.490000, 0.657200, 0.353135, -1.000000, 0.392994, -1.000000, 0.367244, -1.000000, 0.391420, -1.000000
0.290000, 0.650000, 3.480000, 0.662687, 0.353173, -1.000000, 0.392805, -1.000000, 0.368352, -1.000000, 0.391422, -1.000000
0.290000, 0.660000, 3.470000, 0.668100, 0.353210, -1.000000, 0.392617, -1.000000, 0.369462, -1.000000, 0.391423, -1.000000
0.290000, 0.670000, 3.460000, 0.673437, 0.353248, -1.000000, 0.392429, -1.000000, 0.370163, -1.000000, 0.391424, -1.000000
0.290000, 0.680000, 3.450000, 0.678700, 0.353285, -1.000000, 0.392241, -1.000000, 0.370029, -1.000000, 0.391426, -1.000000
0.290000, 0.690000, 3.440000, 0.683887, 0.353323, -1.000000, 0.392053, -1.000000, 0.369894, -1.000000, 0.391427, -1.000000
0.290000, 0.700000, 3.430000, 0.689000, 0.353361, -1.000000, 0.391865, -1.000000, 0.369760, -1.000000, 0.391428, -1.000000
0.290000, 0.710000, 3.420000, 0.694037, 0.353398, -1.000000, 0.391677, -1.000000, 0.369625, -1.000000, 0.391430, -1.000000
0.290000, 0.720000, 3.410000, 0.699000, 0.353436, -1.000000, 0.391488, -1.000000, 0.369491, -1.000000, 0.391431, -1.000000
0.290000, 0.730000, 3.400000, 0.703887, 0.353474, -1.000000, 0.391300, -1.000000, 0.369356, -1.000000, 0.391434, -1.000000
0.290000, 0.740000, 3.390000, 0.708700, 0.353511, -1.000000, 0.391113, -1.000000, 0.369222, -1.000000, 0.391437, -1.000000
0.290000, 0.750000, 3.380000, 0.713437, 0.353549, -1.000000, 0.390925, -1.000000, 0.369088, -1.000000, 0.391441, -1.000000
0.290000, 0.760000, 3.370000, 0.718100, 0.353586, -1.000000, 0.390737, -1.000000, 0.368953, -1.000000, 0.391444, -1.000000
0.290000, 0.770000, 3.360000, 0.722687, 0.353624, -1.000000, 0.390549, -1.000000, 0.368819, -1.000000, 0.391447, -1.000000
0.290000, 0.780000, 3.350000, 0.727200, 0.353662, -1.000000, 0.390361, -1.000000, 0.368685, -1.000000, 0.391451, -1.000000
0.290000, 0.790000, 3.340000, 0.731637, 0.353699, -1.000000, 0.390173, -1.000000, 0.368550, -1.000000, 0.391454, -1.000000
0.290000, 0.800000, 3.330000, 0.736000, 0.353737, -1.000000, 0.389985, -1.000000, 0.368416, -1.000000, 0.391457, -1.000000
0.290000, 0.810000, 3.320000, 0.740287, 0.353775, -1.000000, 0.389798, -1.000000, 0.368283, -1.000000, 0.391461, -1.000000
0.290000, 0.820000, 3.310000, 0.744500, 0.353812, -1.000000, 0.389610, -1.000000, 0.368201, -1.000000, 0.391464, -1.000000
0.290000, 0.830000, 3.300000, 0.748637, 0.353850, -1.000000, 0.389422, -1.000000, 0.368118, -1.000000, 0.391468, -1.000000
0.290000, 0.839999, 3.290000, 0.752700, 0.353888, -1.000000, 0.389235, -1.000000, 0.368036, -1.000000, 0.391471, -1.000000
0.290000, 0.849999, 3.280000, 0.756687, 0.353925, -1.000000, 0.389047, -1.000000, 0.367953, -1.000000, 0.391474, -1.000000
0.290000, 0.859999, 3.270000, 0.760600, 0.353963, -1.000000, 0.388859, -1.000000, 0.367871, -1.000000, 0.391478, -1.000000
0.290000, 0.869999, 3.260000, 0.764437, 0.354000, -1.000000, 0.388672, -1.000000, 0.367788, -1.000000, 0.391481, -1.000000
0.290000, 0.879999, 3.250000, 0.768200, 0.354038, -1.000000, 0.388484, -1.000000, 0.367706, -1.000000, 0.391484, -1.000000
0.290000, 0.889999, 3.240000, 0.771887, 0.354076, -1.000000, 0.388297, -1.000000, 0.367624, -1.000000, 0.391488, -1.000000
0.290000, 0.899999, 3.230000, 0.775500, 0.354113, -1.000000, 0.388109, -1.000000, 0.367541, -1.000000, 0.391491, -1.000000
0.290000, 0.909999, 3.220001, 0.779037, 0.354151, -1.000000, 0.387922, -1.000000, 0.367459, -1.000000, 0.391495, -1.000000
0.290000, 0.919999, 3.210001, 0.782500, 0.354189, -1.000000, 0.387735, -1.000000, 0.367376, -1.000000, 0.391498, -1.000000
0.290000, 0.929999, 3.200001, 0.785887, 0.354226, -1.000000, 0.387547, -1.000000, 0.367294, -1.000000, 0.391501, -1.000000
0.290000, 0.939999, 3.190001, 0.789200, 0.354264, -1.000000, 0.387360, -1.000000, 0.367212, -1.000000, 0.391505, -1.000000
0.290000, 0.949999, 3.180001, 0.792437, 0.354302, -1.000000, 0.387172, -1.000000, 0.367129, -1.000000, 0.391508, -1.000000
0.290000, 0.959999, 3.170001, 0.795600, 0.354339, -1.000000, 0.386985, -1.000000, 0.367047, -1.000000, 0.391511, -1.000000
0.290000, 0.969999, 3.160001, 0.798687, 0.354377, -1.000000, 0.386798, -1.000000, 0.366965, -1.000000, 0.391515, -1.000000
0.290000, 0.979999, 3.150001, 0.801700, 0.354415, -1.000000, 0.386611, -1.000000, 0.366882, -1.000000, 0.391624, -1.000000
0.290000, 0.989999, 3.140001, 0.804637, 0.354452, -1.000000, 0.386424, -1.000000, 0.366800, -1.000000, 0.391791, -1.000000
0.290000, 0.999999, 3.130001, 0.807500, 0.354490, -1.000000, 0.386237, -1.000000, 0.366718, -1.000000, 0.391959, -1.000000
0.300000, 0.000000, 4.100000, 0.150000, 0.211474, 0.732964, 0.405217, 0.995646, 0.215329, 0.805535, 0.238145, 0.985746
0.300000, 0.010000, 4.090000, 0.160213, 0.212919, -1.000000, 0.405027, -1.000000, 0.217335, -1.000000, 0.240197, -1.000000
0.300000, 0.020000, 4.080000, 0.170350, 0.215112, -1.000000, 0.404836, -1.000000, 0.219402, -1.000000, 0.242260, -1.000000
0.300000, 0.030000, 4.070000, 0.180413, 0.217350, -1.000000, 0.404646, -1.000000, 0.221483, -1.000000, 0.244335, -1.000000
0.300000, 0.040000, 4.060000, 0.190400, 0.219605, -1.000000, 0.404456, -1.000000, 0.223578, -1.000000, 0.246423, -1.000000
0.300000, 0.050000, 4.050000, 0.200313, 0.221877, -1.000000, 0.404266, -1.000000, 0.225687, -1.000000, 0.248522, -1.000000
0.300000, 0.060000, 4.040000, 0.210150, 0.224166, -1.000000, 0.404076, -1.000000, 0.227811, -1.000000, 0.250633, -1.000000
0.300000, 0.070000, 4.030000, 0.219912, 0.226471, -1.000000, 0.403886, -1.000000, 0.229948, -1.000000, 0.252756, -1.000000
0.300000, 0.080000, 4.020000, 0.229600, 0.228793, -1.000000, 0.403696, -1.000000, 0.232099, -1.000000, 0.254891, -1.000000
0.300000, 0.090000, 4.010000, 0.239213, 0.231132, -1.000000, 0.403506, -1.000000, 0.234265, -1.000000, 0.257371, -1.000000
0.300000, 0.100000, 4.000000, 0.248750, 0.233487, -1.000000, 0.403316, -1.000000, 0.236444, -1.000000, 0.259878, -1.000000
0.300000, 0.110000, 3.990000, 0.258213, 0.235859, -1.000000, 0.403126, -1.000000, 0.238637, -1.000000, 0.262401, -1.000000
0.300000, 0.120000, 3.980000, 0.267600, 0.238248, -1.000000, 0.402936, -1.000000, 0.240845, -1.000000, 0.264939, -1.000000
0.300000, 0.130000, 3.970000, 0.276913, 0.240653, -1.000000, 0.402746, -1.000000, 0.243066, -1.000000, 0.267493, -1.000000
0.300000, 0.140000, 3.960000, 0.286150, 0.243075, -1.000000, 0.402556, -1.000000, 0.245301, -1.000000, 0.270063, -1.000000
0.300000, 0.150000, 3.950000, 0.295312, 0.245513, -1.000000, 0.402367, -1.000000, 0.247550, -1.000000, 0.272648, -1.000000
0.300000, 0.160000, 3.940000, 0.304400, 0.247968, -1.000000, 0.402177, -1.000000, 0.249812, -1.000000, 0.275248, -1.000000
0.300000, 0.170000, 3.930000, 0.313413, 0.250439, -1.000000, 0.401987, -1.000000, 0.252089, -1.000000, 0.277864, -1.000000
0.300000, 0.180000, 3.920000, 0.322350, 0.252927, -1.000000, 0.401797, -1.000000, 0.254379, -1.000000, 0.280495, -1.000000
0.300000, 0.190000, 3.910000, 0.331213, 0.255430, -1.000000, 0.401608, -1.000000, 0.256682, -1.000000, 0.283142, -1.000000
0.300000, 0.200000, 3.900000, 0.340000, 0.257950, -1.000000, 0.401418, -1.000000, 0.259000, -1.000000, 0.285803, -1.000000
0.300000, 0.210000, 3.890000, 0.348713, 0.260486, -1.000000, 0.401228, -1.000000, 0.261331, -1.000000, 0.288479, -1.000000
0.300000, 0.220000, 3.880000, 0.357350, 0.263039, -1.000000, 0.401039, -1.000000, 0.263675, -1.000000, 0.291170, -1.000000
0.300000, 0.230000, 3.870000, 0.365913, 0.265607, -1.000000, 0.400849, -1.000000, 0.266033, -1.000000, 0.293871, -1.000000
0.300000, 0.240000, 3.860000, 0.374400, 0.268191, -1.000000, 0.400660, -1.000000, 0.268404, -1.000000, 0.296507, -1.000000
0.300000, 0.250000, 3.850000, 0.382813, 0.270791, -1.000000, 0.400470, -1.000000, 0.270789, -1.000000, 0.299156, -1.000000
0.300000, 0.260000, 3.840000, 0.391150, 0.273407, -1.000000, 0.400281, -1.000000, 0.273187, -1.000000, 0.301819, -1.000000
0.300000, 0.270000, 3.830000, 0.399413, 0.276038, -1.000000, 0.400091, -1.000000, 0.275598, -1.000000, 0.304495, -1.000000
0.300000, 0.280000, 3.820000, 0.407600, 0.278686, -1.000000, 0.399902, -1.000000, 0.278022, -1.000000, 0.307185, -1.000000
0.300000, 0.290000, 3.810000, 0.415713, 0.281348, -1.000000, 0.399712, -1.000000, 0.280459, -1.000000, 0.309887, -1.000000
0.300000, 0.300000, 3.800000, 0.423750, 0.284027, -1.000000, 0.399523, -1.000000, 0.282972, -1.000000, 0.312603, -1.000000
0.300000, 0.310000, 3.790000, 0.431713, 0.286720, -1.000000, 0.399334, -1.000000, 0.285546, -1.000000, 0.315332, -1.000000
0.300000, 0.320000, 3.780000, 0.439600, 0.289429, -1.000000, 0.399144, -1.000000, 0.288134, -1.000000, 0.318073, -1.000000
0.300000, 0.330000, 3.770000, 0.447412, 0.292152, -1.000000, 0.398955, -1.000000, 0.290736, -1.000000, 0.320827, -1.000000
0.300000, 0.340000, 3.760000, 0.455150, 0.294891, -1.000000, 0.398766, -1.000000, 0.293392, -1.000000, 0.323594, -1.000000
0.300000, 0.350000, 3.750000, 0.462812, 0.297645, -1.000000, 0.398577, -1.000000, 0.296063, -1.000000, 0.326373, -1.000000
0.300000, 0.360000, 3.740000, 0.470400, 0.300413, -1.000000, 0.398387, -1.000000, 0.298749, -1.000000, 0.329164, -1.000000
0.300000, 0.370000, 3.730000, 0.477912, 0.303196, -1.000000, 0.398198, -1.000000, 0.301448, -1.000000, 0.331968, -1.000000
0.300000, 0.380000, 3.720000, 0.485350, 0.305994, -1.000000, 0.398009, -1.000000, 0.304162, -1.000000, 0.334783, -1.000000
0.300000, 0.390000, 3.710000, 0.492712, 0.308806, -1.000000, 0.397820, -1.000000, 0.306889, -1.000000, 0.337610, -1.000000
0.300000, 0.400000, 3.700000, 0.500000, 0.311632, -1.000000, 0.397631, -1.000000, 0.309629, -1.000000, 0.340449, -1.000000
0.300000, 0.410000, 3.690000, 0.507212, 0.314472, -1.000000, 0.397442, -1.000000, 0.312383, -1.000000, 0.343299, -1.000000
0.300000, 0.420000, 3.680000, 0.514350, 0.317326, -1.000000, 0.397253, -1.000000, 0.315150, -1.000000, 0.346161, -1.000000
0.300000, 0.430000, 3.670000, 0.521412, 0.320194, -1.000000, 0.397064, -1.000000, 0.317931, -1.000000, 0.349034, -1.000000
0.300000, 0.440000, 3.660000, 0.528400, 0.323076, -1.000000, 0.396875, -1.000000, 0.320724, -1.000000, 0.351918, -1.000000
0.300000, 0.450000, 3.650000, 0.535312, 0.325971, -1.000000, 0.396686, -1.000000, 0.323531, -1.000000, 0.354812, -1.000000
0.300000, 0.460000, 3.640000, 0.542150, 0.328879, -1.000000, 0.396497, -1.000000, 0.326350, -1.000000, 0.357718, -1.000000
0.300000, 0.470000, 3.630000, 0.548912, 0.331801, -1.000000, 0.396308, -1.000000, 0.329182, -1.000000, 0.360633, -1.000000
0.300000, 0.480000, 3.620000, 0.555600, 0.334736, -1.000000, 0.396119, -1.000000, 0.332026, -1.000000, 0.363560, -1.000000
0.300000, 0.490000, 3.610000, 0.562212, 0.337683, -1.000000, 0.395931, -1.000000, 0.334883, -1.000000, 0.366496, -1.000000
0.300000, 0.500000, 3.600000, 0.568750, 0.340643, -1.000000, 0.395742, -1.000000, 0.337751, -1.000000, 0.369442, -1.000000
0.300000, 0.510000, 3.590000, 0.575212, 0.343257, -1.000000, 0.395553, -1.000000, 0.340632, -1.000000, 0.372398, -1.000000
0.300000, 0.520000, 3.580000, 0.581600, 0.345310, -1.000000, 0.395365, -1.000000, 0.343525, -1.000000, 0.375364, -1.000000
0.300000, 0.530000, 3.570000, 0.587912, 0.347368, -1.000000, 0.395176, -1.000000, 0.346429, -1.000000, 0.378339, -1.000000
0.300000, 0.540000, 3.560000, 0.594150, 0.349432, -1.000000, 0.394987, -1.000000, 0.349344, -1.000000, 0.381323, -1.000000
0.300000, 0.550000, 3.550000, 0.600312, 0.351502, -1.000000, 0.394799, -1.000000, 0.352271, -1.000000, 0.384316, -1.000000
0.300000, 0.560000, 3.540000, 0.606400, 0.352815, -1.000000, 0.394610, -1.000000, 0.355209, -1.000000, 0.387318, -1.000000
0.300000, 0.570000, 3.530000, 0.612412, 0.352853, -1.000000, 0.394422, -1.000000, 0.358158, -1.000000, 0.390328, -1.000000
0.300000, 0.580000, 3.520000, 0.618350, 0.352890, -1.000000, 0.394233, -1.000000, 0.361118, -1.000000, 0.391469, -1.000000
0.300000, 0.590000, 3.510000, 0.624212, 0.352928, -1.000000, 0.394045, -1.000000, 0.362343, -1.000000, 0.391471, -1.000000
0.300000, 0.600000, 3.500000, 0.630000, 0.352966, -1.000000, 0.393856, -1.000000, 0.363445, -1.000000, 0.391472, -1.000000
0.300000, 0.610000, 3.490000, 0.635712, 0.353003, -1.000000, 0.393668, -1.000000, 0.364549, -1.000000, 0.391473, -1.000000
0.300000, 0.620000, 3.480000, 0.641350, 0.353041, -1.000000, 0.393479, -1.000000, 0.365654, -1.000000, 0.391475, -1.000000
0.300000, 0.630000, 3.470000, 0.646912, 0.353078, -1.000000, 0.393291, -1.000000, 0.366761, -1.000000, 0.391476, -1.000000
0.300000, 0.640000, 3.460000, 0.652400, 0.353116, -1.000000, 0.393103, -1.000000, 0.367869, -1.000000, 0.391477, -1.000000
0.300000, 0.650000, 3.450000, 0.657812, 0.353154, -1.000000, 0.392914, -1.000000, 0.368978, -1.000000, 0.391479, -1.000000
0.300000, 0.660000, 3.440000, 0.663150, 0.353191, -1.000000, 0.392726, -1.000000, 0.370089, -1.000000, 0.391480, -1.000000
0.300000, 0.670000, 3.430000, 0.668412, 0.353229, -1.000000, 0.392538, -1.000000, 0.370097, -1.000000, 0.391481, -1.000000
0.300000, 0.680000, 3.420000, 0.673600, 0.353267, -1.000000, 0.392350, -1.000000, 0.369962, -1.000000, 0.391483, -1.000000
0.300000, 0.690000, 3.410000, 0.678712, 0.353304, -1.000000, 0.392162, -1.000000, 0.369828, -1.000000, 0.391484, -1.000000
0.300000, 0.700000, 3.400000, 0.683750, 0.353342, -1.000000, 0.391973, -1.000000, 0.369693, -1.000000, 0.391485, -1.000000
0.300000, 0.710000, 3.390000, 0.688712, 0.353379, -1.000000, 0.391785, -1.000000, 0.369559, -1.000000, 0.391487, -1.000000
0.300000, 0.720000, 3.380000, 0.693600, 0.353417, -1.000000, 0.391597, -1.000000, 0.369424, -1.000000, 0.391488, -1.000000
0.300000, 0.730000, 3.370000, 0.698412, 0.353455, -1.000000, 0.391409, -1.000000, 0.369290, -1.000000, 0.391489, -1.000000
0.300000, 0.740000, 3.360000, 0.703150, 0.353492, -1.000000, 0.391221, -1.000000, 0.369155, -1.000000, 0.391491, -1.000000
0.300000, 0.750000, 3.350000, 0.707812, 0.353530, -1.000000, 0.391033, -1.000000, 0.369021, -1.000000, 0.391492, -1.000000
0.300000, 0.760000, 3.340000, 0.712400, 0.353568, -1.000000, 0.390845, -1.000000, 0.368887, -1.000000, 0.391495, -1.000000
0.300000, 0.770000, 3.330000, 0.716912, 0.353605, -1.000000, 0.390657, -1.000000, 0.368752, -1.000000, 0.391498, -1.000000
0.300000, 0.780000, 3.320000, 0.721350, 0.353643, -1.000000, 0.390470, -1.000000, 0.368618, -1.000000, 0.391502, -1.000000
0.300000, 0.790000, 3.310000, 0.725712, 0.353680, -1.000000, 0.390282, -1.000000, 0.368484, -1.000000, 0.391505, -1.000000
0.300000, 0.800000, 3.300000, 0.730000, 0.353718, -1.000000, 0.390094, -1.000000, 0.368349, -1.000000, 0.391508, -1.000000
0.300000, 0.810000, 3.290000, 0.734212, 0.353756, -1.000000, 0.389906, -1.000000, 0.368237, -1.000000, 0.391512, -1.000000
0.300000, 0.820000, 3.280000, 0.738350, 0.353793, -1.000000, 0.389718, -1.000000, 0.368154, -1.000000, 0.391515, -1.000000
0.300000, 0.830000, 3.270000, 0.742412, 0.353831, -1.000000, 0.389531, -1.000000, 0.368072, -1.000000, 0.391519, -1.000000
0.300000, 0.839999, 3.260000, 0.746400, 0.353869, -1.000000, 0.389343, -1.000000, 0.367990, -1.000000, 0.391522, -1.000000
0.300000, 0.849999, 3.250000, 0.750312, 0.353906, -1.000000, 0.389155, -1.000000, 0.367907, -1.000000, 0.391525, -1.000000
0.300000, 0.859999, 3.240000, 0.754150, 0.353944, -1.000000, 0.388968, -1.000000, 0.367825, -1.000000, 0.391529, -1.000000
0.300000, 0.869999, 3.230000, 0.757912, 0.353982, -1.000000, 0.388780, -1.000000, 0.367742, -1.000000, 0.391532, -1.000000
0.300000, 0.879999, 3.220001, 0.761600, 0.354019, -1.000000, 0.388593, -1.000000, 0.367660, -1.000000, 0.391535, -1.000000
0.300000, 0.889999, 3.210001, 0.765212, 0.354057, -1.000000, 0.388405, -1.000000, 0.367577, -1.000000, 0.391539, -1.000000
0.300000, 0.899999, 3.200001, 0.768750, 0.354095, -1.000000, 0.388218, -1.000000, 0.367495, -1.000000, 0.391542, -1.000000
0.300000, 0.909999, 3.190001, 0.772212, 0.354132, -1.000000, 0.388030, -1.000000, 0.367413, -1.000000, 0.391545, -1.000000
0.300000, 0.919999, 3.180001, 0.775600, 0.354170, -1.000000, 0.387843, -1.000000, 0.367330, -1.000000, 0.391549, -1.000000
0.300000, 0.929999, 3.170001, 0.778912, 0.354208, -1.000000, 0.387655, -1.000000, 0.367248, -1.000000, 0.391552, -1.000000
0.300000, 0.939999, 3.160001, 0.782150, 0.354245, -1.000000, 0.387468, -1.000000, 0.367165, -1.000000, 0.391556, -1.000000
0.300000, 0.949999, 3.150001, 0.785312, 0.354283, -1.000000, 0.387281, -1.000000, 0.367083, -1.000000, 0.391559, -1.000000
0.300000, 0.959999, 3.140001, 0.788400, 0.354321, -1.000000, 0.387094, -1.000000, 0.367001, -1.000000, 0.391562, -1.000000
0.300000, 0.969999, 3.130001, 0.791412, 0.354358, -1.000000, 0.386906, -1.000000, 0.366918, -1.000000, 0.391566, -1.000000
0.300000, 0.979999, 3.120001, 0.794350, 0.354396, -1.000000, 0.386719, -1.000000, 0.366836, -1.000000, 0.391730, -1.000000
0.300000, 0.989999, 3.110001, 0.797212, 0.354434, -1.000000, 0.386532, -1.000000, 0.366754, -1.000000, 0.391897, -1.000000
0.300000, 0.999999, 3.100001, 0.800000, 0.354471, -1.000000, 0.386345, -1.000000, 0.366671, -1.000000, 0.392064, -1.000000
0.310000, 0.000000, 4.070000, 0.150000, 0.211265, 0.732963, 0.405327, 0.995660, 0.215016, 0.805644, 0.238039, 0.985972
0.310000, 0.010000, 4.060000, 0.160138, 0.212744, -1.000000, 0.405137, -1.000000, 0.217067, -1.000000, 0.240090, -1.000000
0.310000, 0.020000, 4.050000, 0.170200, 0.214950, -1.000000, 0.404946, -1.000000, 0.219132, -1.000000, 0.242152, -1.000000
0.310000, 0.030000, 4.040000, 0.180188, 0.217188, -1.000000, 0.404756, -1.000000, 0.221212, -1.000000, 0.244227, -1.000000
0.310000, 0.040000, 4.030000, 0.190100, 0.219441, -1.000000, 0.404566, -1.000000, 0.223305, -1.000000, 0.246314, -1.000000
0.310000, 0.050000, 4.020000, 0.199938, 0.221712, -1.000000, 0.404376, -1.000000, 0.225412, -1.000000, 0.248412, -1.000000
0.310000, 0.060000, 4.010000, 0.209700, 0.223999, -1.000000, 0.404186, -1.000000, 0.227534, -1.000000, 0.250523, -1.000000
0.310000, 0.070000, 4.000000, 0.219388, 0.226304, -1.000000, 0.403996, -1.000000, 0.229669, -1.000000, 0.252645, -1.000000
0.310000, 0.080000, 3.990000, 0.229000, 0.228624, -1.000000, 0.403806, -1.000000, 0.231819, -1.000000, 0.254913, -1.000000
0.310000, 0.090000, 3.980000, 0.238538, 0.230962, -1.000000, 0.403616, -1.000000, 0.233982, -1.000000, 0.257405, -1.000000
0.310000, 0.100000, 3.970000, 0.248000, 0.233316, -1.000000, 0.403426, -1.000000, 0.236160, -1.000000, 0.259912, -1.000000
0.310000, 0.110000, 3.960000, 0.257388, 0.235687, -1.000000, 0.403236, -1.000000, 0.238351, -1.000000, 0.262435, -1.000000
0.310000, 0.120000, 3.950000, 0.266700, 0.238074, -1.000000, 0.403046, -1.000000, 0.240557, -1.000000, 0.264973, -1.000000
0.310000, 0.130000, 3.940000, 0.275937, 0.240479, -1.000000, 0.402856, -1.000000, 0.242776, -1.000000, 0.267528, -1.000000
0.310000, 0.140000, 3.930000, 0.285100, 0.242899, -1.000000, 0.402666, -1.000000, 0.245009, -1.000000, 0.270097, -1.000000
0.310000, 0.150000, 3.920000, 0.294188, 0.245336, -1.000000, 0.402476, -1.000000, 0.247256, -1.000000, 0.272683, -1.000000
0.310000, 0.160000, 3.910000, 0.303200, 0.247790, -1.000000, 0.402287, -1.000000, 0.249517, -1.000000, 0.275283, -1.000000
0.310000, 0.170000, 3.900000, 0.312138, 0.250260, -1.000000, 0.402097, -1.000000, 0.251792, -1.000000, 0.277900, -1.000000
0.310000, 0.180000, 3.890000, 0.321000, 0.252746, -1.000000, 0.401907, -1.000000, 0.254080, -1.000000, 0.280531, -1.000000
0.310000, 0.190000, 3.880000, 0.329788, 0.255248, -1.000000, 0.401717, -1.000000, 0.256382, -1.000000, 0.283118, -1.000000
0.310000, 0.200000, 3.870000, 0.338500, 0.257767, -1.000000, 0.401528, -1.000000, 0.258698, -1.000000, 0.285696, -1.000000
0.310000, 0.210000, 3.860000, 0.347138, 0.260302, -1.000000, 0.401338, -1.000000, 0.261027, -1.000000, 0.288288, -1.000000
0.310000, 0.220000, 3.850000, 0.355700, 0.262853, -1.000000, 0.401148, -1.000000, 0.263369, -1.000000, 0.290894, -1.000000
0.310000, 0.230000, 3.840000, 0.364188, 0.265420, -1.000000, 0.400959, -1.000000, 0.265726, -1.000000, 0.293515, -1.000000
0.310000, 0.240000, 3.830000, 0.372600, 0.268003, -1.000000, 0.400769, -1.000000, 0.268095, -1.000000, 0.296148, -1.000000
0.310000, 0.250000, 3.820000, 0.380938, 0.270602, -1.000000, 0.400580, -1.000000, 0.270478, -1.000000, 0.298796, -1.000000
0.310000, 0.260000, 3.810000, 0.389200, 0.273217, -1.000000, 0.400390, -1.000000, 0.272874, -1.000000, 0.301457, -1.000000
0.310000, 0.270000, 3.800000, 0.397388, 0.275847, -1.000000, 0.400201, -1.000000, 0.275284, -1.000000, 0.304131, -1.000000
0.310000, 0.280000, 3.790000, 0.405500, 0.278494, -1.000000, 0.400011, -1.000000, 0.277750, -1.000000, 0.306819, -1.000000
0.310000, 0.290000, 3.780000, 0.413538, 0.281155, -1.000000, 0.399822, -1.000000, 0.280295, -1.000000, 0.309520, -1.000000
0.310000, 0.300000, 3.770000, 0.421500, 0.283832, -1.000000, 0.399632, -1.000000, 0.282855, -1.000000, 0.312234, -1.000000
0.310000, 0.310000, 3.760000, 0.429388, 0.286524, -1.000000, 0.399443, -1.000000, 0.285428, -1.000000, 0.314961, -1.000000
0.310000, 0.320000, 3.750000, 0.437200, 0.289232, -1.000000, 0.399254, -1.000000, 0.288015, -1.000000, 0.317700, -1.000000
0.310000, 0.330000, 3.740000, 0.444937, 0.291955, -1.000000, 0.399064, -1.000000, 0.290617, -1.000000, 0.320453, -1.000000
0.310000, 0.340000, 3.730000, 0.452600, 0.294692, -1.000000, 0.398875, -1.000000, 0.293232, -1.000000, 0.323218, -1.000000
0.310000, 0.350000, 3.720000, 0.460187, 0.297445, -1.000000, 0.398686, -1.000000, 0.295886, -1.000000, 0.325995, -1.000000
0.310000, 0.360000, 3.710000, 0.467700, 0.300212, -1.000000, 0.398497, -1.000000, 0.298571, -1.000000, 0.328785, -1.000000
0.310000, 0.370000, 3.700000, 0.475137, 0.302994, -1.000000, 0.398308, -1.000000, 0.301269, -1.000000, 0.331586, -1.000000
0.310000, 0.380000, 3.690000, 0.482500, 0.305791, -1.000000, 0.398118, -1.000000, 0.303982, -1.000000, 0.334400, -1.000000
0.310000, 0.390000, 3.680000, 0.489787, 0.308602, -1.000000, 0.397929, -1.000000, 0.306708, -1.000000, 0.337226, -1.000000
0.310000, 0.400000, 3.670000, 0.497000, 0.311427, -1.000000, 0.397740, -1.000000, 0.309448, -1.000000, 0.340063, -1.000000
0.310000, 0.410000, 3.660000, 0.504137, 0.314266, -1.000000, 0.397551, -1.000000, 0.312201, -1.000000, 0.342912, -1.000000
0.310000, 0.420000, 3.650000, 0.511200, 0.317119, -1.000000, 0.397362, -1.000000, 0.314967, -1.000000, 0.345772, -1.000000
0.310000, 0.430000, 3.640000, 0.518187, 0.319986, -1.000000, 0.397173, -1.000000, 0.317747, -1.000000, 0.348643, -1.000000
0.310000, 0.440000, 3.630000, 0.525100, 0.322867, -1.000000, 0.396984, -1.000000, 0.320539, -1.000000, 0.351525, -1.000000
0.310000, 0.450000, 3.620000, 0.531937, 0.325761, -1.000000, 0.396795, -1.000000, 0.323345, -1.000000, 0.354418, -1.000000
0.310000, 0.460000, 3.610000, 0.538700, 0.328668, -1.000000, 0.396606, -1.000000, 0.326163, -1.000000, 0.357322, -1.000000
0.310000, 0.470000, 3.600000, 0.545387, 0.331589, -1.000000, 0.396417, -1.000000, 0.328994, -1.000000, 0.360237, -1.000000
0.310000, 0.480000, 3.590000, 0.552000, 0.334523, -1.000000, 0.396229, -1.000000, 0.331838, -1.000000, 0.363162, -1.000000
0.310000, 0.490000, 3.580000, 0.558537, 0.337470, -1.000000, 0.396040, -1.000000, 0.334693, -1.000000, 0.366096, -1.000000
0.310000, 0.500000, 3.570000, 0.565000, 0.340429, -1.000000, 0.395851, -1.000000, 0.337561, -1.000000, 0.369041, -1.000000
0.310000, 0.510000, 3.560000, 0.571387, 0.342954, -1.000000, 0.395662, -1.000000, 0.340441, -1.000000, 0.371996, -1.000000
0.310000, 0.520000, 3.550000, 0.577700, 0.345006, -1.000000, 0.395474, -1.000000, 0.343333, -1.000000, 0.374960, -1.000000
0.310000, 0.530000, 3.540000, 0.583937, 0.347064, -1.000000, 0.395285, -1.000000, 0.346236, -1.000000, 0.377934, -1.000000
0.310000, 0.540000, 3.530000, 0.590100, 0.349127, -1.000000, 0.395096, -1.000000, 0.349151, -1.000000, 0.380917, -1.000000
0.310000, 0.550000, 3.520000, 0.596187, 0.351196, -1.000000, 0.394908, -1.000000, 0.352077, -1.000000, 0.383909, -1.000000
0.310000, 0.560000, 3.510000, 0.602200, 0.352796, -1.000000, 0.394719, -1.000000, 0.355015, -1.000000, 0.386909, -1.000000
0.310000, 0.570000, 3.500000, 0.608137, 0.352834, -1.000000, 0.394531, -1.000000, 0.357963, -1.000000, 0.389919, -1.000000
0.310000, 0.580000, 3.490000, 0.614000, 0.352872, -1.000000, 0.394342, -1.000000, 0.360922, -1.000000, 0.391527, -1.000000
0.310000, 0.590000, 3.480000, 0.619787, 0.352909, -1.000000, 0.394154, -1.000000, 0.362964, -1.000000, 0.391528, -1.000000
0.310000, 0.600000, 3.470000, 0.625500, 0.352947, -1.000000, 0.393965, -1.000000, 0.364067, -1.000000, 0.391529, -1.000000
0.310000, 0.610000, 3.460000, 0.631137, 0.352984, -1.000000, 0.393777, -1.000000, 0.365172, -1.000000, 0.391531, -1.000000
0.310000, 0.620000, 3.450000, 0.636700, 0.353022, -1.000000, 0.393588, -1.000000, 0.366278, -1.000000, 0.391532, -1.000000
0.310000, 0.630000, 3.440000, 0.642187, 0.353060, -1.000000, 0.393400, -1.000000, 0.367385, -1.000000, 0.391533, -1.000000
0.310000, 0.640000, 3.430000, 0.647600, 0.353097, -1.000000, 0.393212, -1.000000, 0.368494, -1.000000, 0.391535, -1.000000
0.310000, 0.650000, 3.420000, 0.652937, 0.353135, -1.000000, 0.393023, -1.000000, 0.369604, -1.000000, 0.391536, -1.000000
0.310000, 0.660000, 3.410000, 0.658200, 0.353172, -1.000000, 0.392835, -1.000000, 0.370164, -1.000000, 0.391537, -1.000000
0.310000, 0.670000, 3.400000, 0.663387, 0.353210, -1.000000, 0.392647, -1.000000, 0.370030, -1.000000, 0.391539, -1.000000
0.310000, 0.680000, 3.390000, 0.668500, 0.353248, -1.000000, 0.392459, -1.000000, 0.369895, -1.000000, 0.391540, -1.000000
0.310000, 0.690000, 3.380000, 0.673537, 0.353285, -1.000000, 0.392270, -1.000000, 0.369761, -1.000000, 0.391541, -1.000000
0.310000, 0.700000, 3.370000, 0.678500, 0.353323, -1.000000, 0.392082, -1.000000, 0.369626, -1.000000, 0.391543, -1.000000
0.310000, 0.710000, 3.360000, 0.683387, 0.353361, -1.000000, 0.391894, -1.000000, 0.369492, -1.000000, 0.391544, -1.000000
0.310000, 0.720000, 3.350000, 0.688200, 0.353398, -1.000000, 0.391706, -1.000000, 0.369357, -1.000000, 0.391545, -1.000000
0.310000, 0.730000, 3.340000, 0.692937, 0.353436, -1.000000, 0.391518, -1.000000, 0.369223, -1.000000, 0.391547, -1.000000
0.310000, 0.740000, 3.330000, 0.697600, 0.353473, -1.000000, 0.391330, -1.000000, 0.369089, -1.000000, 0.391548, -1.000000
0.310000, 0.750000, 3.320000, 0.702187, 0.353511, -1.000000, 0.391142, -1.000000, 0.368954, -1.000000, 0.391549, -1.000000
0.310000, 0.760000, 3.310000, 0.706700, 0.353549, -1.000000, 0.390954, -1.000000, 0.368820, -1.000000, 0.391551, -1.000000
0.310000, 0.770000, 3.300000, 0.711137, 0.353586, -1.000000, 0.390766, -1.000000, 0.368685, -1.000000, 0.391552, -1.000000
0.310000, 0.780000, 3.290000, 0.715500, 0.353624, -1.000000, 0.390578, -1.000000, 0.368551, -1.000000, 0.391553, -1.000000
0.310000, 0.790000, 3.280000, 0.719787, 0.353662, -1.000000, 0.390390, -1.000000, 0.368417, -1.000000, 0.391556, -1.000000
0.310000, 0.800000, 3.270000, 0.724000, 0.353699, -1.000000, 0.390203, -1.000000, 0.368283, -1.000000, 0.391559, -1.000000
0.310000, 0.810000, 3.260000, 0.728137, 0.353737, -1.000000, 0.390015, -1.000000, 0.368191, -1.000000, 0.391563, -1.000000
0.310000, 0.820000, 3.250000, 0.732200, 0.353775, -1.000000, 0.389827, -1.000000, 0.368108, -1.000000, 0.391566, -1.000000
0.310000, 0.830000, 3.240000, 0.736187, 0.353812, -1.000000, 0.389639, -1.000000, 0.368026, -1.000000, 0.391569, -1.000000
0.310000, 0.839999, 3.230000, 0.740100, 0.353850, -1.000000, 0.389452, -1.000000, 0.367943, -1.000000, 0.391573, -1.000000
0.310000, 0.849999, 3.220001, 0.743937, 0.353887, -1.000000, 0.389264, -1.000000, 0.367861, -1.000000, 0.391576, -1.000000
0.310000, 0.859999, 3.210001, 0.747700, 0.353925, -1.000000, 0.389076, -1.000000, 0.367778, -1.000000, 0.391580, -1.000000
0.310000, 0.869999, 3.200001, 0.751387, 0.353963, -1.000000, 0.388889, -1.000000, 0.367696, -1.000000, 0.391583, -1.000000
0.310000, 0.879999, 3.190001, 0.755000, 0.354000, -1.000000, 0.388701, -1.000000, 0.367614, -1.000000, 0.391586, -1.000000
0.310000, 0.889999, 3.180001, 0.758537, 0.354038, -1.000000, 0.388514, -1.000000, 0.367531, -1.000000, 0.391590, -1.000000
0.310000, 0.899999, 3.170001, 0.762000, 0.354076, -1.000000, 0.388326, -1.000000, 0.367449, -1.000000, 0.391593, -1.000000
0.310000, 0.909999, 3.160001, 0.765387, 0.354113, -1.000000, 0.388139, -1.000000, 0.367366, -1.000000, 0.391596, -1.000000
0.310000, 0.919999, 3.150001, 0.768700, 0.354151, -1.000000, 0.387951, -1.000000, 0.367284, -1.000000, 0.391600, -1.000000
0.310000, 0.929999, 3.140001, 0.771937, 0.354189, -1.000000, 0.387764, -1.000000, 0.367202, -1.000000, 0.391603, -1.000000
0.310000, 0.939999, 3.130001, 0.775100, 0.354226, -1.000000, 0.387576, -1.000000, 0.367119, -1.000000, 0.391607, -1.000000
0.310000, 0.949999, 3.120001, 0.778187, 0.354264, -1.000000, 0.387389, -1.000000, 0.367037, -1.000000, 0.391610, -1.000000
0.310000, 0.959999, 3.110001, 0.781200, 0.354302, -1.000000, 0.387202, -1.000000, 0.366955, -1.000000, 0.391613, -1.000000
0.310000, 0.969999, 3.100001, 0.784137, 0.354339, -1.000000, 0.387015, -1.000000, 0.366872, -1.000000, 0.391668, -1.000000
0.310000, 0.979999, 3.090001, 0.787000, 0.354377, -1.000000, 0.386827, -1.000000, 0.366790, -1.000000, 0.391835, -1.000000
0.310000, 0.989999, 3.080001, 0.789787, 0.354415, -1.000000, 0.386640, -1.000000, 0.366707, -1.000000, 0.392002, -1.000000
0.310000, 0.999999, 3.070001, 0.792500, 0.354452, -1.000000, 0.386453, -1.000000, 0.366625, -1.000000, 0.392170, -1.000000
0.320000, 0.000000, 4.040000, 0.150000, 0.211057, 0.732961, 0.405437, 0.995675, 0.214750, 0.805753, 0.237932, 0.986195
0.320000, 0.010000, 4.030000, 0.160063, 0.212570, -1.000000, 0.405247, -1.000000, 0.216800, -1.000000, 0.239982, -1.000000
0.320000, 0.020000, 4.020000, 0.170050, 0.214789, -1.000000, 0.405056, -1.000000, 0.218863, -1.000000, 0.242044, -1.000000
0.320000, 0.030000, 4.010000, 0.179963, 0.217025, -1.000000, 0.404866, -1.000000, 0.220940, -1.000000, 0.244119, -1.000000
0.320000, 0.040000, 4.000000, 0.189800, 0.219278, -1.000000, 0.404676, -1.000000, 0.223032, -1.000000, 0.246205, -1.000000
0.320000, 0.050000, 3.990000, 0.199563, 0.221547, -1.000000, 0.404486, -1.000000, 0.225137, -1.000000, 0.248303, -1.000000
0.320000, 0.060000, 3.980000, 0.209250, 0.223833, -1.000000, 0.404296, -1.000000, 0.227257, -1.000000, 0.250413, -1.000000
0.320000, 0.070000, 3.970000, 0.218863, 0.226136, -1.000000, 0.404106, -1.000000, 0.229391, -1.000000, 0.252534, -1.000000
0.320000, 0.080000, 3.960000, 0.228400, 0.228456, -1.000000, 0.403916, -1.000000, 0.231538, -1.000000, 0.254947, -1.000000
0.320000, 0.090000, 3.950000, 0.237862, 0.230792, -1.000000, 0.403726, -1.000000, 0.233700, -1.000000, 0.257438, -1.000000
0.320000, 0.100000, 3.940000, 0.247250, 0.233145, -1.000000, 0.403536, -1.000000, 0.235876, -1.000000, 0.259946, -1.000000
0.320000, 0.110000, 3.930000, 0.256563, 0.235515, -1.000000, 0.403346, -1.000000, 0.238066, -1.000000, 0.262469, -1.000000
0.320000, 0.120000, 3.920000, 0.265800, 0.237901, -1.000000, 0.403156, -1.000000, 0.240269, -1.000000, 0.265007, -1.000000
0.320000, 0.130000, 3.910000, 0.274963, 0.240304, -1.000000, 0.402966, -1.000000, 0.242487, -1.000000, 0.267562, -1.000000
0.320000, 0.140000, 3.900000, 0.284050, 0.242723, -1.000000, 0.402776, -1.000000, 0.244718, -1.000000, 0.270101, -1.000000
0.320000, 0.150000, 3.890000, 0.293063, 0.245159, -1.000000, 0.402586, -1.000000, 0.246963, -1.000000, 0.272606, -1.000000
0.320000, 0.160000, 3.880000, 0.302000, 0.247612, -1.000000, 0.402396, -1.000000, 0.249222, -1.000000, 0.275125, -1.000000
0.320000, 0.170000, 3.870000, 0.310863, 0.250080, -1.000000, 0.402206, -1.000000, 0.251495, -1.000000, 0.277659, -1.000000
0.320000, 0.180000, 3.860000, 0.319650, 0.252565, -1.000000, 0.402017, -1.000000, 0.253782, -1.000000, 0.280207, -1.000000
0.320000, 0.190000, 3.850000, 0.328363, 0.255067, -1.000000, 0.401827, -1.000000, 0.256082, -1.000000, 0.282769, -1.000000
0.320000, 0.200000, 3.840000, 0.337000, 0.257584, -1.000000, 0.401637, -1.000000, 0.258396, -1.000000, 0.285345, -1.000000
0.320000, 0.210000, 3.830000, 0.345563, 0.260118, -1.000000, 0.401448, -1.000000, 0.260723, -1.000000, 0.287935, -1.000000
0.320000, 0.220000, 3.820000, 0.354050, 0.262668, -1.000000, 0.401258, -1.000000, 0.263064, -1.000000, 0.290540, -1.000000
0.320000, 0.230000, 3.810000, 0.362463, 0.265234, -1.000000, 0.401068, -1.000000, 0.265418, -1.000000, 0.293158, -1.000000
0.320000, 0.240000, 3.800000, 0.370800, 0.267816, -1.000000, 0.400879, -1.000000, 0.267786, -1.000000, 0.295790, -1.000000
0.320000, 0.250000, 3.790000, 0.379063, 0.270414, -1.000000, 0.400689, -1.000000, 0.270167, -1.000000, 0.298435, -1.000000
0.320000, 0.260000, 3.780000, 0.387250, 0.273027, -1.000000, 0.400500, -1.000000, 0.272588, -1.000000, 0.301095, -1.000000
0.320000, 0.270000, 3.770000, 0.395363, 0.275656, -1.000000, 0.400310, -1.000000, 0.275104, -1.000000, 0.303767, -1.000000
0.320000, 0.280000, 3.760000, 0.403400, 0.278301, -1.000000, 0.400121, -1.000000, 0.277634, -1.000000, 0.306453, -1.000000
0.320000, 0.290000, 3.750000, 0.411363, 0.280962, -1.000000, 0.399931, -1.000000, 0.280179, -1.000000, 0.309152, -1.000000
0.320000, 0.300000, 3.740000, 0.419250, 0.283638, -1.000000, 0.399742, -1.000000, 0.282737, -1.000000, 0.311864, -1.000000
0.320000, 0.310000, 3.730000, 0.427063, 0.286329, -1.000000, 0.399553, -1.000000, 0.285310, -1.000000, 0.314589, -1.000000
0.320000, 0.320000, 3.720000, 0.434800, 0.289035, -1.000000, 0.399363, -1.000000, 0.287897, -1.000000, 0.317327, -1.000000
0.320000, 0.330000, 3.710000, 0.442462, 0.291757, -1.000000, 0.399174, -1.000000, 0.290498, -1.000000, 0.320078, -1.000000
0.320000, 0.340000, 3.700000, 0.450050, 0.294494, -1.000000, 0.398985, -1.000000, 0.293113, -1.000000, 0.322841, -1.000000
0.320000, 0.350000, 3.690000, 0.457562, 0.297245, -1.000000, 0.398795, -1.000000, 0.295741, -1.000000, 0.325617, -1.000000
0.320000, 0.360000, 3.680000, 0.465000, 0.300011, -1.000000, 0.398606, -1.000000, 0.298393, -1.000000, 0.328405, -1.000000
0.320000, 0.370000, 3.670000, 0.472362, 0.302792, -1.000000, 0.398417, -1.000000, 0.301091, -1.000000, 0.331205, -1.000000
0.320000, 0.380000, 3.660000, 0.479650, 0.305588, -1.000000, 0.398228, -1.000000, 0.303802, -1.000000, 0.334017, -1.000000
0.320000, 0.390000, 3.650000, 0.486862, 0.308398, -1.000000, 0.398039, -1.000000, 0.306527, -1.000000, 0.336841, -1.000000
0.320000, 0.400000, 3.640000, 0.494000, 0.311222, -1.000000, 0.397850, -1.000000, 0.309266, -1.000000, 0.339677, -1.000000
0.320000, 0.410000, 3.630000, 0.501062, 0.314060, -1.000000, 0.397661, -1.000000, 0.312018, -1.000000, 0.342524, -1.000000
0.320000, 0.420000, 3.620000, 0.508050, 0.316912, -1.000000, 0.397471, -1.000000, 0.314784, -1.000000, 0.345383, -1.000000
0.320000, 0.430000, 3.610000, 0.514962, 0.319778, -1.000000, 0.397282, -1.000000, 0.317562, -1.000000, 0.348252, -1.000000
0.320000, 0.440000, 3.600000, 0.521800, 0.322658, -1.000000, 0.397094, -1.000000, 0.320354, -1.000000, 0.351133, -1.000000
0.320000, 0.450000, 3.590000, 0.528562, 0.325551, -1.000000, 0.396905, -1.000000, 0.323159, -1.000000, 0.354025, -1.000000
0.320000, 0.460000, 3.580000, 0.535250, 0.328458, -1.000000, 0.396716, -1.000000, 0.325976, -1.000000, 0.356927, -1.000000
0.320000, 0.470000, 3.570000, 0.541862, 0.331377, -1.000000, 0.396527, -1.000000, 0.328807, -1.000000, 0.359840, -1.000000
0.320000, 0.480000, 3.560000, 0.548400, 0.334310, -1.000000, 0.396338, -1.000000, 0.331649, -1.000000, 0.362764, -1.000000
0.320000, 0.490000, 3.550000, 0.554862, 0.337256, -1.000000, 0.396149, -1.000000, 0.334504, -1.000000, 0.365697, -1.000000
0.320000, 0.500000, 3.540000, 0.561250, 0.340214, -1.000000, 0.395960, -1.000000, 0.337371, -1.000000, 0.368641, -1.000000
0.320000, 0.510000, 3.530000, 0.567562, 0.342652, -1.000000, 0.395772, -1.000000, 0.340250, -1.000000, 0.371594, -1.000000
0.320000, 0.520000, 3.520000, 0.573800, 0.344703, -1.000000, 0.395583, -1.000000, 0.343141, -1.000000, 0.374557, -1.000000
0.320000, 0.530000, 3.510000, 0.579962, 0.346760, -1.000000, 0.395394, -1.000000, 0.346044, -1.000000, 0.377530, -1.000000
0.320000, 0.540000, 3.500000, 0.586050, 0.348822, -1.000000, 0.395205, -1.000000, 0.348958, -1.000000, 0.380511, -1.000000
0.320000, 0.550000, 3.490000, 0.592062, 0.350890, -1.000000, 0.395017, -1.000000, 0.351884, -1.000000, 0.383502, -1.000000
0.320000, 0.560000, 3.480000, 0.598000, 0.352778, -1.000000, 0.394828, -1.000000, 0.354820, -1.000000, 0.386501, -1.000000
0.320000, 0.570000, 3.470000, 0.603862, 0.352815, -1.000000, 0.394640, -1.000000, 0.357768, -1.000000, 0.389510, -1.000000
0.320000, 0.580000, 3.460000, 0.609650, 0.352853, -1.000000, 0.394451, -1.000000, 0.360726, -1.000000, 0.391584, -1.000000
0.320000, 0.590000, 3.450000, 0.615362, 0.352890, -1.000000, 0.394263, -1.000000, 0.363586, -1.000000, 0.391585, -1.000000
0.320000, 0.600000, 3.440000, 0.621000, 0.352928, -1.000000, 0.394074, -1.000000, 0.364690, -1.000000, 0.391586, -1.000000
0.320000, 0.610000, 3.430000, 0.626562, 0.352966, -1.000000, 0.393886, -1.000000, 0.365795, -1.000000, 0.391588, -1.000000
0.320000, 0.620000, 3.420000, 0.632050, 0.353003, -1.000000, 0.393697, -1.000000, 0.366902, -1.000000, 0.391589, -1.000000
0.320000, 0.630000, 3.410000, 0.637462, 0.353041, -1.000000, 0.393509, -1.000000, 0.368010, -1.000000, 0.391590, -1.000000
0.320000, 0.640000, 3.400000, 0.642800, 0.353078, -1.000000, 0.393320, -1.000000, 0.369120, -1.000000, 0.391592, -1.000000
0.320000, 0.650000, 3.390000, 0.648062, 0.353116, -1.000000, 0.393132, -1.000000, 0.370230, -1.000000, 0.391593, -1.000000
0.320000, 0.660000, 3.380000, 0.653250, 0.353154, -1.000000, 0.392944, -1.000000, 0.370097, -1.000000, 0.391594, -1.000000
0.320000, 0.670000, 3.370000, 0.658362, 0.353191, -1.000000, 0.392756, -1.000000, 0.369963, -1.000000, 0.391596, -1.000000
0.320000, 0.680000, 3.360000, 0.663400, 0.353229, -1.000000, 0.392567, -1.000000, 0.369828, -1.000000, 0.391597, -1.000000
0.320000, 0.690000, 3.350000, 0.668362, 0.353266, -1.000000, 0.392379, -1.000000, 0.369694, -1.000000, 0.391598, -1.000000
0.320000, 0.700000, 3.340000, 0.673250, 0.353304, -1.000000, 0.392191, -1.000000, 0.369559, -1.000000, 0.391600, -1.000000
0.320000, 0.710000, 3.330000, 0.678062, 0.353342, -1.000000, 0.392003, -1.000000, 0.369425, -1.000000, 0.391601, -1.000000
0.320000, 0.720000, 3.320000, 0.682800, 0.353379, -1.000000, 0.391815, -1.000000, 0.369291, -1.000000, 0.391602, -1.000000
0.320000, 0.730000, 3.310000, 0.687462, 0.353417, -1.000000, 0.391627, -1.000000, 0.369156, -1.000000, 0.391604, -1.000000
0.320000, 0.740000, 3.300000, 0.692050, 0.353455, -1.000000, 0.391439, -1.000000, 0.369022, -1.000000, 0.391605, -1.000000
0.320000, 0.750000, 3.290000, 0.696562, 0.353492, -1.000000, 0.391251, -1.000000, 0.368887, -1.000000, 0.391606, -1.000000
0.320000, 0.760000, 3.280000, 0.701000, 0.353530, -1.000000, 0.391063, -1.000000, 0.368753, -1.000000, 0.391608, -1.000000
0.320000, 0.770000, 3.270000, 0.705362, 0.353567, -1.000000, 0.390875, -1.000000, 0.368619, -1.000000, 0.391609, -1.000000
0.320000, 0.780000, 3.260000, 0.709650, 0.353605, -1.000000, 0.390687, -1.000000, 0.368484, -1.000000, 0.391610, -1.000000
0.320000, 0.790000, 3.250000, 0.713862, 0.353643, -1.000000, 0.390499, -1.000000, 0.368350, -1.000000, 0.391612, -1.000000
0.320000, 0.800000, 3.240000, 0.718000, 0.353680, -1.000000, 0.390311, -1.000000, 0.368227, -1.000000, 0.391613, -1.000000
0.320000, 0.810000, 3.230000, 0.722062, 0.353718, -1.000000, 0.390123, -1.000000, 0.368144, -1.000000, 0.391614, -1.000000
0.320000, 0.820000, 3.220001, 0.726050, 0.353756, -1.000000, 0.389936, -1.000000, 0.368062, -1.000000, 0.391617, -1.000000
0.320000, 0.830000, 3.210001, 0.729962, 0.353793, -1.000000, 0.389748, -1.000000, 0.367979, -1.000000, 0.391620, -1.000000
0.320000, 0.839999, 3.200001, 0.733800, 0.353831, -1.000000, 0.389560, -1.000000, 0.367897, -1.000000, 0.391624, -1.000000
0.320000, 0.849999, 3.190001, 0.737562, 0.353869, -1.000000, 0.389372, -1.000000, 0.367815, -1.000000, 0.391627, -1.000000
0.320000, 0.859999, 3.180001, 0.741250, 0.353906, -1.000000, 0.389185, -1.000000, 0.367732, -1.000000, 0.391630, -1.000000
0.320000, 0.869999, 3.170001, 0.744862, 0.353944, -1.000000, 0.388997, -1.000000, 0.367650, -1.000000, 0.391634, -1.000000
0.320000, 0.879999, 3.160001, 0.748400, 0.353982, -1.000000, 0.388810, -1.000000, 0.367567, -1.000000, 0.391637, -1.000000
0.320000, 0.889999, 3.150001, 0.751862, 0.354019, -1.000000, 0.388622, -1.000000, 0.367485, -1.000000, 0.391641, -1.000000
0.320000, 0.899999, 3.140001, 0.755250, 0.354057, -1.000000, 0.388435, -1.000000, 0.367403, -1.000000, 0.391644, -1.000000
0.320000, 0.909999, 3.130001, 0.758562, 0.354095, -1.000000, 0.388247, -1.000000, 0.367320, -1.000000, 0.391647, -1.000000
0.320000, 0.919999, 3.120001, 0.761800, 0.354132, -1.000000, 0.388060, -1.000000, 0.367238, -1.000000, 0.391651, -1.000000
0.320000, 0.929999, 3.110001, 0.764962, 0.354170, -1.000000, 0.387872, -1.000000, 0.367155, -1.000000, 0.391654, -1.000000
0.320000, 0.939999, 3.100001, 0.768050, 0.354208, -1.000000, 0.387685, -1.000000, 0.367073, -1.000000, 0.391657, -1.000000
0.320000, 0.949999, 3.090001, 0.771062, 0.354245, -1.000000, 0.387497, -1.000000, 0.366991, -1.000000, 0.391661, -1.000000
0.320000, 0.959999, 3.080001, 0.774000, 0.354283, -1.000000, 0.387310, -1.000000, 0.366908, -1.000000, 0.391664, -1.000000
0.320000, 0.969999, 3.070001, 0.776862, 0.354320, -1.000000, 0.387123, -1.000000, 0.366826, -1.000000, 0.391773, -1.000000
0.320000, 0.979999, 3.060001, 0.779650, 0.354358, -1.000000, 0.386936, -1.000000, 0.366744, -1.000000, 0.391941, -1.000000
0.320000, 0.989999, 3.050001, 0.782362, 0.354396, -1.000000, 0.386748, -1.000000, 0.366661, -1.000000, 0.392108, -1.000000
0.320000, 0.999999, 3.040001, 0.785000, 0.354434, -1.000000, 0.386561, -1.000000, 0.366579, -1.000000, 0.392275, -1.000000
0.330000, 0.000000, 4.010000, 0.150000, 0.210849, 0.732960, 0.405547, 0.995689, 0.214485, 0.805862, 0.237826, 0.986414
0.330000, 0.010000, 4.000000, 0.159988, 0.212410, -1.000000, 0.405357, -1.000000, 0.216532, -1.000000, 0.239875, -1.000000
0.330000, 0.020000, 3.990000, 0.169900, 0.214628, -1.000000, 0.405166, -1.000000, 0.218594, -1.000000, 0.241937, -1.000000
0.330000, 0.030000, 3.980000, 0.179738, 0.216863, -1.000000, 0.404976, -1.000000, 0.220669, -1.000000, 0.244010, -1.000000
0.330000, 0.040000, 3.970000, 0.189500, 0.219114, -1.000000, 0.404786, -1.000000, 0.222759, -1.000000, 0.246096, -1.000000
0.330000, 0.050000, 3.960000, 0.199188, 0.221382, -1.000000, 0.404596, -1.000000, 0.224863, -1.000000, 0.248193, -1.000000
0.330000, 0.060000, 3.950000, 0.208800, 0.223667, -1.000000, 0.404406, -1.000000, 0.226981, -1.000000, 0.250302, -1.000000
0.330000, 0.070000, 3.940000, 0.218338, 0.225969, -1.000000, 0.404216, -1.000000, 0.229112, -1.000000, 0.252504, -1.000000
0.330000, 0.080000, 3.930000, 0.227800, 0.228287, -1.000000, 0.404026, -1.000000, 0.231258, -1.000000, 0.254980, -1.000000
0.330000, 0.090000, 3.920000, 0.237188, 0.230622, -1.000000, 0.403835, -1.000000, 0.233418, -1.000000, 0.257468, -1.000000
0.330000, 0.100000, 3.910000, 0.246500, 0.232974, -1.000000, 0.403645, -1.000000, 0.235592, -1.000000, 0.259897, -1.000000
0.330000, 0.110000, 3.900000, 0.255738, 0.235343, -1.000000, 0.403455, -1.000000, 0.237780, -1.000000, 0.262341, -1.000000
0.330000, 0.120000, 3.890000, 0.264900, 0.237728, -1.000000, 0.403266, -1.000000, 0.239982, -1.000000, 0.264800, -1.000000
0.330000, 0.130000, 3.880000, 0.273988, 0.240129, -1.000000, 0.403076, -1.000000, 0.242197, -1.000000, 0.267274, -1.000000
0.330000, 0.140000, 3.870000, 0.283000, 0.242548, -1.000000, 0.402886, -1.000000, 0.244427, -1.000000, 0.269762, -1.000000
0.330000, 0.150000, 3.860000, 0.291938, 0.244982, -1.000000, 0.402696, -1.000000, 0.246670, -1.000000, 0.272265, -1.000000
0.330000, 0.160000, 3.850000, 0.300800, 0.247433, -1.000000, 0.402506, -1.000000, 0.248928, -1.000000, 0.274782, -1.000000
0.330000, 0.170000, 3.840000, 0.309588, 0.249901, -1.000000, 0.402316, -1.000000, 0.251199, -1.000000, 0.277314, -1.000000
0.330000, 0.180000, 3.830000, 0.318300, 0.252385, -1.000000, 0.402126, -1.000000, 0.253483, -1.000000, 0.279860, -1.000000
0.330000, 0.190000, 3.820000, 0.326938, 0.254885, -1.000000, 0.401937, -1.000000, 0.255782, -1.000000, 0.282420, -1.000000
0.330000, 0.200000, 3.810000, 0.335500, 0.257401, -1.000000, 0.401747, -1.000000, 0.258094, -1.000000, 0.284994, -1.000000
0.330000, 0.210000, 3.800000, 0.343988, 0.259934, -1.000000, 0.401557, -1.000000, 0.260420, -1.000000, 0.287583, -1.000000
0.330000, 0.220000, 3.790000, 0.352400, 0.262483, -1.000000, 0.401368, -1.000000, 0.262759, -1.000000, 0.290185, -1.000000
0.330000, 0.230000, 3.780000, 0.360738, 0.265048, -1.000000, 0.401178, -1.000000, 0.265111, -1.000000, 0.292802, -1.000000
0.330000, 0.240000, 3.770000, 0.369000, 0.267628, -1.000000, 0.400988, -1.000000, 0.267487, -1.000000, 0.295432, -1.000000
0.330000, 0.250000, 3.760000, 0.377188, 0.270225, -1.000000, 0.400799, -1.000000, 0.269973, -1.000000, 0.298075, -1.000000
0.330000, 0.260000, 3.750000, 0.385300, 0.272837, -1.000000, 0.400609, -1.000000, 0.272474, -1.000000, 0.300733, -1.000000
0.330000, 0.270000, 3.740000, 0.393338, 0.275466, -1.000000, 0.400420, -1.000000, 0.274989, -1.000000, 0.303403, -1.000000
0.330000, 0.280000, 3.730000, 0.401300, 0.278109, -1.000000, 0.400230, -1.000000, 0.277518, -1.000000, 0.306088, -1.000000
0.330000, 0.290000, 3.720000, 0.409188, 0.280769, -1.000000, 0.400041, -1.000000, 0.280062, -1.000000, 0.308785, -1.000000
0.330000, 0.300000, 3.710000, 0.417000, 0.283444, -1.000000, 0.399851, -1.000000, 0.282620, -1.000000, 0.311495, -1.000000
0.330000, 0.310000, 3.700000, 0.424738, 0.286134, -1.000000, 0.399662, -1.000000, 0.285193, -1.000000, 0.314219, -1.000000
0.330000, 0.320000, 3.690000, 0.432400, 0.288839, -1.000000, 0.399473, -1.000000, 0.287779, -1.000000, 0.316955, -1.000000
0.330000, 0.330000, 3.680000, 0.439987, 0.291559, -1.000000, 0.399283, -1.000000, 0.290379, -1.000000, 0.319704, -1.000000
0.330000, 0.340000, 3.670000, 0.447500, 0.294295, -1.000000, 0.399094, -1.000000, 0.292993, -1.000000, 0.322465, -1.000000
0.330000, 0.350000, 3.660000, 0.454937, 0.297045, -1.000000, 0.398905, -1.000000, 0.295621, -1.000000, 0.325239, -1.000000
0.330000, 0.360000, 3.650000, 0.462300, 0.299811, -1.000000, 0.398716, -1.000000, 0.298262, -1.000000, 0.328026, -1.000000
0.330000, 0.370000, 3.640000, 0.469587, 0.302590, -1.000000, 0.398526, -1.000000, 0.300917, -1.000000, 0.330824, -1.000000
0.330000, 0.380000, 3.630000, 0.476800, 0.305385, -1.000000, 0.398337, -1.000000, 0.303622, -1.000000, 0.333635, -1.000000
0.330000, 0.390000, 3.620000, 0.483937, 0.308194, -1.000000, 0.398148, -1.000000, 0.306347, -1.000000, 0.336457, -1.000000
0.330000, 0.400000, 3.610000, 0.491000, 0.311017, -1.000000, 0.397959, -1.000000, 0.309084, -1.000000, 0.339291, -1.000000
0.330000, 0.410000, 3.600000, 0.497987, 0.313854, -1.000000, 0.397770, -1.000000, 0.311836, -1.000000, 0.342137, -1.000000
0.330000, 0.420000, 3.590000, 0.504900, 0.316705, -1.000000, 0.397581, -1.000000, 0.314600, -1.000000, 0.344994, -1.000000
0.330000, 0.430000, 3.580000, 0.511737, 0.319570, -1.000000, 0.397392, -1.000000, 0.317378, -1.000000, 0.347862, -1.000000
0.330000, 0.440000, 3.570000, 0.518500, 0.322449, -1.000000, 0.397203, -1.000000, 0.320169, -1.000000, 0.350741, -1.000000
0.330000, 0.450000, 3.560000, 0.525187, 0.325341, -1.000000, 0.397014, -1.000000, 0.322973, -1.000000, 0.353632, -1.000000
0.330000, 0.460000, 3.550000, 0.531800, 0.328247, -1.000000, 0.396825, -1.000000, 0.325790, -1.000000, 0.356533, -1.000000
0.330000, 0.470000, 3.540000, 0.538337, 0.331165, -1.000000, 0.396636, -1.000000, 0.328619, -1.000000, 0.359444, -1.000000
0.330000, 0.480000, 3.530000, 0.544800, 0.334097, -1.000000, 0.396447, -1.000000, 0.331461, -1.000000, 0.362366, -1.000000
0.330000, 0.490000, 3.520000, 0.551187, 0.337042, -1.000000, 0.396258, -1.000000, 0.334315, -1.000000, 0.365298, -1.000000
0.330000, 0.500000, 3.510000, 0.557500, 0.339999, -1.000000, 0.396069, -1.000000, 0.337181, -1.000000, 0.368241, -1.000000
0.330000, 0.510000, 3.500000, 0.563737, 0.342350, -1.000000, 0.395881, -1.000000, 0.340060, -1.000000, 0.371193, -1.000000
0.330000, 0.520000, 3.490000, 0.569900, 0.344400, -1.000000, 0.395692, -1.000000, 0.342950, -1.000000, 0.374154, -1.000000
0.330000, 0.530000, 3.480000, 0.575987, 0.346455, -1.000000, 0.395503, -1.000000, 0.345852, -1.000000, 0.377125, -1.000000
0.330000, 0.540000, 3.470000, 0.582000, 0.348517, -1.000000, 0.395315, -1.000000, 0.348765, -1.000000, 0.380106, -1.000000
0.330000, 0.550000, 3.460000, 0.587937, 0.350584, -1.000000, 0.395126, -1.000000, 0.351690, -1.000000, 0.383095, -1.000000
0.330000, 0.560000, 3.450000, 0.593800, 0.352657, -1.000000, 0.394937, -1.000000, 0.354626, -1.000000, 0.386094, -1.000000
0.330000, 0.570000, 3.440000, 0.599587, 0.352796, -1.000000, 0.394749, -1.000000, 0.357573, -1.000000, 0.389101, -1.000000
0.330000, 0.580000, 3.430000, 0.605300, 0.352834, -1.000000, 0.394560, -1.000000, 0.360530, -1.000000, 0.391641, -1.000000
0.330000, 0.590000, 3.420000, 0.610937, 0.352872, -1.000000, 0.394372, -1.000000, 0.363499, -1.000000, 0.391642, -1.000000
0.330000, 0.600000, 3.410000, 0.616500, 0.352909, -1.000000, 0.394183, -1.000000, 0.365313, -1.000000, 0.391643, -1.000000
0.330000, 0.610000, 3.400000, 0.621987, 0.352947, -1.000000, 0.393995, -1.000000, 0.366419, -1.000000, 0.391645, -1.000000
0.330000, 0.620000, 3.390000, 0.627400, 0.352984, -1.000000, 0.393806, -1.000000, 0.367527, -1.000000, 0.391646, -1.000000
0.330000, 0.630000, 3.380000, 0.632737, 0.353022, -1.000000, 0.393618, -1.000000, 0.368635, -1.000000, 0.391648, -1.000000
0.330000, 0.640000, 3.370000, 0.638000, 0.353060, -1.000000, 0.393429, -1.000000, 0.369746, -1.000000, 0.391649, -1.000000
0.330000, 0.650000, 3.360000, 0.643187, 0.353097, -1.000000, 0.393241, -1.000000, 0.370165, -1.000000, 0.391650, -1.000000
0.330000, 0.660000, 3.350000, 0.648300, 0.353135, -1.000000, 0.393053, -1.000000, 0.370031, -1.000000, 0.391652, -1.000000
0.330000, 0.670000, 3.340000, 0.653337, 0.353172, -1.000000, 0.392864, -1.000000, 0.369896, -1.000000, 0.391653, -1.000000
0.330000, 0.680000, 3.330000, 0.658300, 0.353210, -1.000000, 0.392676, -1.000000, 0.369762, -1.000000, 0.391654, -1.000000
0.330000, 0.690000, 3.320000, 0.663187, 0.353248, -1.000000, 0.392488, -1.000000, 0.369627, -1.000000, 0.391656, -1.000000
0.330000, 0.700000, 3.310000, 0.668000, 0.353285, -1.000000, 0.392300, -1.000000, 0.369493, -1.000000, 0.391657, -1.000000
0.330000, 0.710000, 3.300000, 0.672737, 0.353323, -1.000000, 0.392112, -1.000000, 0.369358, -1.000000, 0.391658, -1.000000
0.330000, 0.720000, 3.290000, 0.677400, 0.353360, -1.000000, 0.391924, -1.000000, 0.369224, -1.000000, 0.391660, -1.000000
0.330000, 0.730000, 3.280000, 0.681987, 0.353398, -1.000000, 0.391735, -1.000000, 0.369089, -1.000000, 0.391661, -1.000000
0.330000, 0.740000, 3.270000, 0.686500, 0.353436, -1.000000, 0.391547, -1.000000, 0.368955, -1.000000, 0.391662, -1.000000
0.330000, 0.750000, 3.260000, 0.690937, 0.353473, -1.000000, 0.391359, -1.000000, 0.368821, -1.000000, 0.391664, -1.000000
0.330000, 0.760000, 3.250000, 0.695300, 0.353511, -1.000000, 0.391171, -1.000000, 0.368686, -1.000000, 0.391665, -1.000000
0.330000, 0.770000, 3.240000, 0.699587, 0.353549, -1.000000, 0.390983, -1.000000, 0.368552, -1.000000, 0.391666, -1.000000
0.330000, 0.780000, 3.230000, 0.703800, 0.353586, -1.000000, 0.390796, -1.000000, 0.368418, -1.000000, 0.391668, -1.000000
0.330000, 0.790000, 3.220001, 0.707937, 0.353624, -1.000000, 0.390608, -1.000000, 0.368283, -1.000000, 0.391669, -1.000000
0.330000, 0.800000, 3.210001, 0.712000, 0.353662, -1.000000, 0.390420, -1.000000, 0.368181, -1.000000, 0.391670, -1.000000
0.330000, 0.810000, 3.200001, 0.715987, 0.353699, -1.000000, 0.390232, -1.000000, 0.368098, -1.000000, 0.391672, -1.000000
0.330000, 0.820000, 3.190001, 0.719900, 0.353737, -1.000000, 0.390044, -1.000000, 0.368016, -1.000000, 0.391673, -1.000000
0.330000, 0.830000, 3.180001, 0.723737, 0.353774, -1.000000, 0.389856, -1.000000, 0.367933, -1.000000, 0.391674, -1.000000
0.330000, 0.839999, 3.170001, 0.727500, 0.353812, -1.000000, 0.389669, -1.000000, 0.367851, -1.000000, 0.391676, -1.000000
0.330000, 0.849999, 3.160001, 0.731187, 0.353850, -1.000000, 0.389481, -1.000000, 0.367768, -1.000000, 0.391678, -1.000000
0.330000, 0.859999, 3.150001, 0.734800, 0.353887, -1.000000, 0.389293, -1.000000, 0.367686, -1.000000, 0.391681, -1.000000
0.330000, 0.869999, 3.140001, 0.738337, 0.353925, -1.000000, 0.389106, -1.000000, 0.367603, -1.000000, 0.391685, -1.000000
0.330000, 0.879999, 3.130001, 0.741800, 0.353963, -1.000000, 0.388918, -1.000000, 0.367521, -1.000000, 0.391688, -1.000000
0.330000, 0.889999, 3.120001, 0.745187, 0.354000, -1.000000, 0.388730, -1.000000, 0.367439, -1.000000, 0.391691, -1.000000
0.330000, 0.899999, 3.110001, 0.748500, 0.354038, -1.000000, 0.388543, -1.000000, 0.367356, -1.000000, 0.391695, -1.000000
0.330000, 0.909999, 3.100001, 0.751737, 0.354076, -1.000000, 0.388355, -1.000000, 0.367274, -1.000000, 0.391698, -1.000000
0.330000, 0.919999, 3.090001, 0.754900, 0.354113, -1.000000, 0.388168, -1.000000, 0.367192, -1.000000, 0.391702, -1.000000
0.330000, 0.929999, 3.080001, 0.757987, 0.354151, -1.000000, 0.387981, -1.000000, 0.367109, -1.000000, 0.391705, -1.000000
0.330000, 0.939999, 3.070001, 0.761000, 0.354189, -1.000000, 0.387793, -1.000000, 0.367027, -1.000000, 0.391708, -1.000000
0.330000, 0.949999, 3.060001, 0.763937, 0.354226, -1.000000, 0.387606, -1.000000, 0.366944, -1.000000, 0.391712, -1.000000
0.330000, 0.959999, 3.050001, 0.766800, 0.354264, -1.000000, 0.387418, -1.000000, 0.366862, -1.000000, 0.391715, -1.000000
0.330000, 0.969999, 3.040001, 0.769587, 0.354302, -1.000000, 0.387231, -1.000000, 0.366780, -1.000000, 0.391879, -1.000000
0.330000, 0.979999, 3.030001, 0.772300, 0.354339, -1.000000, 0.387044, -1.000000, 0.366697, -1.000000, 0.392046, -1.000000
0.330000, 0.989999, 3.020001, 0.774937, 0.354377, -1.000000, 0.386857, -1.000000, 0.366615, -1.000000, 0.392213, -1.000000
0.330000, 0.999999, 3.010001, 0.777500, 0.354415, -1.000000, 0.386669, -1.000000, 0.366533, -1.000000, 0.392381, -1.000000
0.340000, 0.000000, 3.980000, 0.150000, 0.210641, 0.732958, 0.405657, 0.995703, 0.214220, 0.805971, 0.237720, 0.986630
0.340000, 0.010000, 3.970000, 0.159913, 0.212250, -1.000000, 0.405467, -1.000000, 0.216265, -1.000000, 0.239768, -1.000000
0.340000, 0.020000, 3.960000, 0.169750, 0.214467, -1.000000, 0.405276, -1.000000, 0.218325, -1.000000, 0.241829, -1.000000
0.340000, 0.030000, 3.950000, 0.179513, 0.216700, -1.000000, 0.405086, -1.000000, 0.220399, -1.000000, 0.243902, -1.000000
0.340000, 0.040000, 3.940000, 0.189200, 0.218950, -1.000000, 0.404896, -1.000000, 0.222486, -1.000000, 0.245987, -1.000000
0.340000, 0.050000, 3.930000, 0.198813, 0.221217, -1.000000, 0.404706, -1.000000, 0.224588, -1.000000, 0.248029, -1.000000
0.340000, 0.060000, 3.920000, 0.208350, 0.223501, -1.000000, 0.404516, -1.000000, 0.226704, -1.000000, 0.250061, -1.000000
0.340000, 0.070000, 3.910000, 0.217813, 0.225802, -1.000000, 0.404326, -1.000000, 0.228834, -1.000000, 0.252329, -1.000000
0.340000, 0.080000, 3.900000, 0.227200, 0.228119, -1.000000, 0.404135, -1.000000, 0.230978, -1.000000, 0.254726, -1.000000
0.340000, 0.090000, 3.890000, 0.236513, 0.230453, -1.000000, 0.403945, -1.000000, 0.233137, -1.000000, 0.257139, -1.000000
0.340000, 0.100000, 3.880000, 0.245750, 0.232803, -1.000000, 0.403755, -1.000000, 0.235309, -1.000000, 0.259566, -1.000000
0.340000, 0.110000, 3.870000, 0.254912, 0.235171, -1.000000, 0.403565, -1.000000, 0.237495, -1.000000, 0.262008, -1.000000
0.340000, 0.120000, 3.860000, 0.264000, 0.237555, -1.000000, 0.403375, -1.000000, 0.239695, -1.000000, 0.264465, -1.000000
0.340000, 0.130000, 3.850000, 0.273012, 0.239955, -1.000000, 0.403185, -1.000000, 0.241908, -1.000000, 0.266937, -1.000000
0.340000, 0.140000, 3.840000, 0.281950, 0.242372, -1.000000, 0.402996, -1.000000, 0.244136, -1.000000, 0.269423, -1.000000
0.340000, 0.150000, 3.830000, 0.290812, 0.244805, -1.000000, 0.402806, -1.000000, 0.246378, -1.000000, 0.271924, -1.000000
0.340000, 0.160000, 3.820000, 0.299600, 0.247255, -1.000000, 0.402616, -1.000000, 0.248633, -1.000000, 0.274439, -1.000000
0.340000, 0.170000, 3.810000, 0.308313, 0.249722, -1.000000, 0.402426, -1.000000, 0.250903, -1.000000, 0.276969, -1.000000
0.340000, 0.180000, 3.800000, 0.316950, 0.252205, -1.000000, 0.402236, -1.000000, 0.253186, -1.000000, 0.279513, -1.000000
0.340000, 0.190000, 3.790000, 0.325513, 0.254704, -1.000000, 0.402046, -1.000000, 0.255482, -1.000000, 0.282071, -1.000000
0.340000, 0.200000, 3.780000, 0.334000, 0.257219, -1.000000, 0.401857, -1.000000, 0.257792, -1.000000, 0.284644, -1.000000
0.340000, 0.210000, 3.770000, 0.342413, 0.259750, -1.000000, 0.401667, -1.000000, 0.260116, -1.000000, 0.287230, -1.000000
0.340000, 0.220000, 3.760000, 0.350750, 0.262298, -1.000000, 0.401477, -1.000000, 0.262454, -1.000000, 0.289831, -1.000000
0.340000, 0.230000, 3.750000, 0.359013, 0.264861, -1.000000, 0.401288, -1.000000, 0.264902, -1.000000, 0.292445, -1.000000
0.340000, 0.240000, 3.740000, 0.367200, 0.267441, -1.000000, 0.401098, -1.000000, 0.267373, -1.000000, 0.295074, -1.000000
0.340000, 0.250000, 3.730000, 0.375313, 0.270037, -1.000000, 0.400908, -1.000000, 0.269859, -1.000000, 0.297716, -1.000000
0.340000, 0.260000, 3.720000, 0.383350, 0.272648, -1.000000, 0.400719, -1.000000, 0.272359, -1.000000, 0.300371, -1.000000
0.340000, 0.270000, 3.710000, 0.391313, 0.275275, -1.000000, 0.400529, -1.000000, 0.274874, -1.000000, 0.303040, -1.000000
0.340000, 0.280000, 3.700000, 0.399200, 0.277917, -1.000000, 0.400340, -1.000000, 0.277403, -1.000000, 0.305722, -1.000000
0.340000, 0.290000, 3.690000, 0.407013, 0.280576, -1.000000, 0.400150, -1.000000, 0.279946, -1.000000, 0.308418, -1.000000
0.340000, 0.300000, 3.680000, 0.414750, 0.283249, -1.000000, 0.399961, -1.000000, 0.282503, -1.000000, 0.311126, -1.000000
0.340000, 0.310000, 3.670000, 0.422413, 0.285938, -1.000000, 0.399772, -1.000000, 0.285075, -1.000000, 0.313848, -1.000000
0.340000, 0.320000, 3.660000, 0.430000, 0.288643, -1.000000, 0.399582, -1.000000, 0.287661, -1.000000, 0.316583, -1.000000
0.340000, 0.330000, 3.650000, 0.437512, 0.291362, -1.000000, 0.399393, -1.000000, 0.290260, -1.000000, 0.319330, -1.000000
0.340000, 0.340000, 3.640000, 0.444950, 0.294096, -1.000000, 0.399204, -1.000000, 0.292873, -1.000000, 0.322090, -1.000000
0.340000, 0.350000, 3.630000, 0.452312, 0.296846, -1.000000, 0.399014, -1.000000, 0.295501, -1.000000, 0.324862, -1.000000
0.340000, 0.360000, 3.620000, 0.459600, 0.299610, -1.000000, 0.398825, -1.000000, 0.298141, -1.000000, 0.327647, -1.000000
0.340000, 0.370000, 3.610000, 0.466812, 0.302389, -1.000000, 0.398636, -1.000000, 0.300795, -1.000000, 0.330443, -1.000000
0.340000, 0.380000, 3.600000, 0.473950, 0.305182, -1.000000, 0.398447, -1.000000, 0.303463, -1.000000, 0.333252, -1.000000
0.340000, 0.390000, 3.590000, 0.481012, 0.307990, -1.000000, 0.398257, -1.000000, 0.306166, -1.000000, 0.336073, -1.000000
0.340000, 0.400000, 3.580000, 0.488000, 0.310812, -1.000000, 0.398068, -1.000000, 0.308903, -1.000000, 0.338905, -1.000000
0.340000, 0.410000, 3.570000, 0.494912, 0.313648, -1.000000, 0.397879, -1.000000, 0.311653, -1.000000, 0.341750, -1.000000
0.340000, 0.420000, 3.560000, 0.501750, 0.316498, -1.000000, 0.397690, -1.000000, 0.314417, -1.000000, 0.344605, -1.000000
0.340000, 0.430000, 3.550000, 0.508512, 0.319362, -1.000000, 0.397501, -1.000000, 0.317194, -1.000000, 0.347472, -1.000000
0.340000, 0.440000, 3.540000, 0.515200, 0.322240, -1.000000, 0.397312, -1.000000, 0.319984, -1.000000, 0.350350, -1.000000
0.340000, 0.450000, 3.530000, 0.521812, 0.325131, -1.000000, 0.397123, -1.000000, 0.322787, -1.000000, 0.353238, -1.000000
0.340000, 0.460000, 3.520000, 0.528350, 0.328036, -1.000000, 0.396934, -1.000000, 0.325603, -1.000000, 0.356138, -1.000000
0.340000, 0.470000, 3.510000, 0.534812, 0.330954, -1.000000, 0.396745, -1.000000, 0.328432, -1.000000, 0.359048, -1.000000
0.340000, 0.480000, 3.500000, 0.541200, 0.333885, -1.000000, 0.396556, -1.000000, 0.331273, -1.000000, 0.361969, -1.000000
0.340000, 0.490000, 3.490000, 0.547512, 0.336828, -1.000000, 0.396367, -1.000000, 0.334126, -1.000000, 0.364900, -1.000000
0.340000, 0.500000, 3.480000, 0.553750, 0.339785, -1.000000, 0.396179, -1.000000, 0.336991, -1.000000, 0.367840, -1.000000
0.340000, 0.510000, 3.470000, 0.559912, 0.342047, -1.000000, 0.395990, -1.000000, 0.339869, -1.000000, 0.370791, -1.000000
0.340000, 0.520000, 3.460000, 0.566000, 0.344097, -1.000000, 0.395801, -1.000000, 0.342758, -1.000000, 0.373751, -1.000000
0.340000, 0.530000, 3.450000, 0.572012, 0.346152, -1.000000, 0.395612, -1.000000, 0.345659, -1.000000, 0.376721, -1.000000
0.340000, 0.540000, 3.440000, 0.577950, 0.348212, -1.000000, 0.395424, -1.000000, 0.348572, -1.000000, 0.379701, -1.000000
0.340000, 0.550000, 3.430000, 0.583812, 0.350279, -1.000000, 0.395235, -1.000000, 0.351496, -1.000000, 0.382689, -1.000000
0.340000, 0.560000, 3.420000, 0.589600, 0.352351, -1.000000, 0.395046, -1.000000, 0.354431, -1.000000, 0.385686, -1.000000
0.340000, 0.570000, 3.410000, 0.595312, 0.352777, -1.000000, 0.394858, -1.000000, 0.357377, -1.000000, 0.388692, -1.000000
0.340000, 0.580000, 3.400000, 0.600950, 0.352815, -1.000000, 0.394669, -1.000000, 0.360334, -1.000000, 0.391698, -1.000000
0.340000, 0.590000, 3.390000, 0.606512, 0.352853, -1.000000, 0.394481, -1.000000, 0.363302, -1.000000, 0.391699, -1.000000
0.340000, 0.600000, 3.380000, 0.612000, 0.352890, -1.000000, 0.394292, -1.000000, 0.365936, -1.000000, 0.391701, -1.000000
0.340000, 0.610000, 3.370000, 0.617412, 0.352928, -1.000000, 0.394104, -1.000000, 0.367043, -1.000000, 0.391702, -1.000000
0.340000, 0.620000, 3.360000, 0.622750, 0.352965, -1.000000, 0.393915, -1.000000, 0.368152, -1.000000, 0.391703, -1.000000
0.340000, 0.630000, 3.350000, 0.628012, 0.353003, -1.000000, 0.393727, -1.000000, 0.369261, -1.000000, 0.391705, -1.000000
0.340000, 0.640000, 3.340000, 0.633200, 0.353041, -1.000000, 0.393538, -1.000000, 0.370233, -1.000000, 0.391706, -1.000000
0.340000, 0.650000, 3.330000, 0.638312, 0.353078, -1.000000, 0.393350, -1.000000, 0.370098, -1.000000, 0.391707, -1.000000
0.340000, 0.660000, 3.320000, 0.643350, 0.353116, -1.000000, 0.393162, -1.000000, 0.369964, -1.000000, 0.391709, -1.000000
0.340000, 0.670000, 3.310000, 0.648312, 0.353154, -1.000000, 0.392973, -1.000000, 0.369829, -1.000000, 0.391710, -1.000000
0.340000, 0.680000, 3.300000, 0.653200, 0.353191, -1.000000, 0.392785, -1.000000, 0.369695, -1.000000, 0.391711, -1.000000
0.340000, 0.690000, 3.290000, 0.658012, 0.353229, -1.000000, 0.392597, -1.000000, 0.369560, -1.000000, 0.391713, -1.000000
0.340000, 0.700000, 3.280000, 0.662750, 0.353266, -1.000000, 0.392409, -1.000000, 0.369426, -1.000000, 0.391714, -1.000000
0.340000, 0.710000, 3.270000, 0.667412, 0.353304, -1.000000, 0.392220, -1.000000, 0.369291, -1.000000, 0.391715, -1.000000
0.340000, 0.720000, 3.260000, 0.672000, 0.353342, -1.000000, 0.392032, -1.000000, 0.369157, -1.000000, 0.391717, -1.000000
0.340000, 0.730000, 3.250000, 0.676512, 0.353379, -1.000000, 0.391844, -1.000000, 0.369023, -1.000000, 0.391718, -1.000000
0.340000, 0.740000, 3.240000, 0.680950, 0.353417, -1.000000, 0.391656, -1.000000, 0.368888, -1.000000, 0.391719, -1.000000
0.340000, 0.750000, 3.230000, 0.685312, 0.353455, -1.000000, 0.391468, -1.000000, 0.368754, -1.000000, 0.391721, -1.000000
0.340000, 0.760000, 3.220001, 0.689600, 0.353492, -1.000000, 0.391280, -1.000000, 0.368620, -1.000000, 0.391722, -1.000000
0.340000, 0.770000, 3.210001, 0.693812, 0.353530, -1.000000, 0.391092, -1.000000, 0.368485, -1.000000, 0.391723, -1.000000
0.340000, 0.780000, 3.200001, 0.697950, 0.353567, -1.000000, 0.390904, -1.000000, 0.368351, -1.000000, 0.391725, -1.000000
0.340000, 0.790000, 3.190001, 0.702012, 0.353605, -1.000000, 0.390716, -1.000000, 0.368217, -1.000000, 0.391726, -1.000000
0.340000, 0.800000, 3.180001, 0.706000, 0.353643, -1.000000, 0.390528, -1.000000, 0.368134, -1.000000, 0.391727, -1.000000
0.340000, 0.810000, 3.170001, 0.709912, 0.353680, -1.000000, 0.390341, -1.000000, 0.368052, -1.000000, 0.391729, -1.000000
0.340000, 0.820000, 3.160001, 0.713750, 0.353718, -1.000000, 0.390153, -1.000000, 0.367969, -1.000000, 0.391730, -1.000000
0.340000, 0.830000, 3.150001, 0.717512, 0.353756, -1.000000, 0.389965, -1.000000, 0.367887, -1.000000, 0.391731, -1.000000
0.340000, 0.839999, 3.140001, 0.721200, 0.353793, -1.000000, 0.389777, -1.000000, 0.367804, -1.000000, 0.391733, -1.000000
0.340000, 0.849999, 3.130001, 0.724812, 0.353831, -1.000000, 0.389589, -1.000000, 0.367722, -1.000000, 0.391734, -1.000000
0.340000, 0.859999, 3.120001, 0.728350, 0.353869, -1.000000, 0.389402, -1.000000, 0.367640, -1.000000, 0.391735, -1.000000
0.340000, 0.869999, 3.110001, 0.731812, 0.353906, -1.000000, 0.389214, -1.000000, 0.367557, -1.000000, 0.391737, -1.000000
0.340000, 0.879999, 3.100001, 0.735200, 0.353944, -1.000000, 0.389027, -1.000000, 0.367475, -1.000000, 0.391739, -1.000000
0.340000, 0.889999, 3.090001, 0.738512, 0.353981, -1.000000, 0.388839, -1.000000, 0.367392, -1.000000, 0.391742, -1.000000
0.340000, 0.899999, 3.080001, 0.741750, 0.354019, -1.000000, 0.388651, -1.000000, 0.367310, -1.000000, 0.391746, -1.000000
0.340000, 0.909999, 3.070001, 0.744912, 0.354057, -1.000000, 0.388464, -1.000000, 0.367228, -1.000000, 0.391749, -1.000000
0.340000, 0.919999, 3.060001, 0.748000, 0.354094, -1.000000, 0.388276, -1.000000, 0.367145, -1.000000, 0.391753, -1.000000
0.340000, 0.929999, 3.050001, 0.751012, 0.354132, -1.000000, 0.388089, -1.000000, 0.367063, -1.000000, 0.391756, -1.000000
0.340000, 0.939999, 3.040001, 0.753950, 0.354170, -1.000000, 0.387902, -1.000000, 0.366981, -1.000000, 0.391759, -1.000000
0.340000, 0.949999, 3.030001, 0.756812, 0.354207, -1.000000, 0.387714, -1.000000, 0.366898, -1.000000, 0.391763, -1.000000
0.340000, 0.959999, 3.020001, 0.759600, 0.354245, -1.000000, 0.387527, -1.000000, 0.366816, -1.000000, 0.391817, -1.000000
0.340000, 0.969999, 3.010001, 0.762312, 0.354283, -1.000000, 0.387339, -1.000000, 0.366734, -1.000000, 0.391984, -1.000000
0.340000, 0.979999, 3.000001, 0.764950, 0.354320, -1.000000, 0.387152, -1.000000, 0.366651, -1.000000, 0.392152, -1.000000
0.340000, 0.989999, 2.990001, 0.767512, 0.354358, -1.000000, 0.386965, -1.000000, 0.366569, -1.000000, 0.392319, -1.000000
0.340000, 0.999999, 2.980001, 0.770000, 0.354396, -1.000000, 0.386778, -1.000000, 0.366487, -1.000000, 0.392486, -1.000000
0.350000, 0.000000, 3.950000, 0.150000, 0.210433, 0.732957, 0.405767, 0.995718, 0.213955, 0.806080, 0.237585, 0.986842
0.350000, 0.010000, 3.940000, 0.159837, 0.212090, -1.000000, 0.405577, -1.000000, 0.215998, -1.000000, 0.239559, -1.000000
0.350000, 0.020000, 3.930000, 0.169600, 0.214306, -1.000000, 0.405386, -1.000000, 0.218056, -1.000000, 0.241544, -1.000000
0.350000, 0.030000, 3.920000, 0.179288, 0.216538, -1.000000, 0.405196, -1.000000, 0.220128, -1.000000, 0.243540, -1.000000
0.350000, 0.040000, 3.910000, 0.188900, 0.218787, -1.000000, 0.405006, -1.000000, 0.222214, -1.000000, 0.245547, -1.000000
0.350000, 0.050000, 3.900000, 0.198438, 0.221053, -1.000000, 0.404816, -1.000000, 0.224314, -1.000000, 0.247566, -1.000000
0.350000, 0.060000, 3.890000, 0.207900, 0.223335, -1.000000, 0.404626, -1.000000, 0.226428, -1.000000, 0.249624, -1.000000
0.350000, 0.070000, 3.880000, 0.217288, 0.225635, -1.000000, 0.404435, -1.000000, 0.228557, -1.000000, 0.252005, -1.000000
0.350000, 0.080000, 3.870000, 0.226600, 0.227951, -1.000000, 0.404245, -1.000000, 0.230699, -1.000000, 0.254400, -1.000000
0.350000, 0.090000, 3.860000, 0.235838, 0.230283, -1.000000, 0.404055, -1.000000, 0.232855, -1.000000, 0.256810, -1.000000
0.350000, 0.100000, 3.850000, 0.245000, 0.232633, -1.000000, 0.403865, -1.000000, 0.235025, -1.000000, 0.259236, -1.000000
0.350000, 0.110000, 3.840000, 0.254088, 0.234999, -1.000000, 0.403675, -1.000000, 0.237209, -1.000000, 0.261676, -1.000000
0.350000, 0.120000, 3.830000, 0.263100, 0.237381, -1.000000, 0.403485, -1.000000, 0.239408, -1.000000, 0.264131, -1.000000
0.350000, 0.130000, 3.820000, 0.272038, 0.239781, -1.000000, 0.403295, -1.000000, 0.241620, -1.000000, 0.266600, -1.000000
0.350000, 0.140000, 3.810000, 0.280900, 0.242196, -1.000000, 0.403105, -1.000000, 0.243846, -1.000000, 0.269085, -1.000000
0.350000, 0.150000, 3.800000, 0.289688, 0.244629, -1.000000, 0.402915, -1.000000, 0.246086, -1.000000, 0.271583, -1.000000
0.350000, 0.160000, 3.790000, 0.298400, 0.247077, -1.000000, 0.402726, -1.000000, 0.248339, -1.000000, 0.274097, -1.000000
0.350000, 0.170000, 3.780000, 0.307038, 0.249543, -1.000000, 0.402536, -1.000000, 0.250607, -1.000000, 0.276625, -1.000000
0.350000, 0.180000, 3.770000, 0.315600, 0.252024, -1.000000, 0.402346, -1.000000, 0.252888, -1.000000, 0.279167, -1.000000
0.350000, 0.190000, 3.760000, 0.324088, 0.254522, -1.000000, 0.402156, -1.000000, 0.255183, -1.000000, 0.281723, -1.000000
0.350000, 0.200000, 3.750000, 0.332500, 0.257036, -1.000000, 0.401966, -1.000000, 0.257491, -1.000000, 0.284294, -1.000000
0.350000, 0.210000, 3.740000, 0.340838, 0.259566, -1.000000, 0.401777, -1.000000, 0.259893, -1.000000, 0.286878, -1.000000
0.350000, 0.220000, 3.730000, 0.349100, 0.262113, -1.000000, 0.401587, -1.000000, 0.262334, -1.000000, 0.289477, -1.000000
0.350000, 0.230000, 3.720000, 0.357288, 0.264675, -1.000000, 0.401397, -1.000000, 0.264790, -1.000000, 0.292090, -1.000000
0.350000, 0.240000, 3.710000, 0.365400, 0.267254, -1.000000, 0.401208, -1.000000, 0.267260, -1.000000, 0.294716, -1.000000
0.350000, 0.250000, 3.700000, 0.373438, 0.269848, -1.000000, 0.401018, -1.000000, 0.269745, -1.000000, 0.297356, -1.000000
0.350000, 0.260000, 3.690000, 0.381400, 0.272458, -1.000000, 0.400829, -1.000000, 0.272245, -1.000000, 0.300010, -1.000000
0.350000, 0.270000, 3.680000, 0.389288, 0.275084, -1.000000, 0.400639, -1.000000, 0.274759, -1.000000, 0.302677, -1.000000
0.350000, 0.280000, 3.670000, 0.397100, 0.277726, -1.000000, 0.400449, -1.000000, 0.277287, -1.000000, 0.305357, -1.000000
0.350000, 0.290000, 3.660000, 0.404838, 0.280383, -1.000000, 0.400260, -1.000000, 0.279830, -1.000000, 0.308051, -1.000000
0.350000, 0.300000, 3.650000, 0.412500, 0.283055, -1.000000, 0.400071, -1.000000, 0.282386, -1.000000, 0.310758, -1.000000
0.350000, 0.310000, 3.640000, 0.420088, 0.285743, -1.000000, 0.399881, -1.000000, 0.284957, -1.000000, 0.313478, -1.000000
0.350000, 0.320000, 3.630000, 0.427600, 0.288446, -1.000000, 0.399692, -1.000000, 0.287542, -1.000000, 0.316210, -1.000000
0.350000, 0.330000, 3.620000, 0.435037, 0.291165, -1.000000, 0.399502, -1.000000, 0.290141, -1.000000, 0.318956, -1.000000
0.350000, 0.340000, 3.610000, 0.442400, 0.293898, -1.000000, 0.399313, -1.000000, 0.292754, -1.000000, 0.321714, -1.000000
0.350000, 0.350000, 3.600000, 0.449687, 0.296646, -1.000000, 0.399124, -1.000000, 0.295380, -1.000000, 0.324485, -1.000000
0.350000, 0.360000, 3.590000, 0.456900, 0.299409, -1.000000, 0.398934, -1.000000, 0.298020, -1.000000, 0.327268, -1.000000
0.350000, 0.370000, 3.580000, 0.464037, 0.302187, -1.000000, 0.398745, -1.000000, 0.300674, -1.000000, 0.330063, -1.000000
0.350000, 0.380000, 3.570000, 0.471100, 0.304979, -1.000000, 0.398556, -1.000000, 0.303341, -1.000000, 0.332870, -1.000000
0.350000, 0.390000, 3.560000, 0.478087, 0.307786, -1.000000, 0.398367, -1.000000, 0.306021, -1.000000, 0.335689, -1.000000
0.350000, 0.400000, 3.550000, 0.485000, 0.310607, -1.000000, 0.398178, -1.000000, 0.308722, -1.000000, 0.338520, -1.000000
0.350000, 0.410000, 3.540000, 0.491837, 0.313442, -1.000000, 0.397989, -1.000000, 0.311471, -1.000000, 0.341363, -1.000000
0.350000, 0.420000, 3.530000, 0.498600, 0.316291, -1.000000, 0.397799, -1.000000, 0.314234, -1.000000, 0.344217, -1.000000
0.350000, 0.430000, 3.520000, 0.505287, 0.319154, -1.000000, 0.397610, -1.000000, 0.317010, -1.000000, 0.347082, -1.000000
0.350000, 0.440000, 3.510000, 0.511900, 0.322031, -1.000000, 0.397421, -1.000000, 0.319799, -1.000000, 0.349958, -1.000000
0.350000, 0.450000, 3.500000, 0.518437, 0.324921, -1.000000, 0.397232, -1.000000, 0.322602, -1.000000, 0.352846, -1.000000
0.350000, 0.460000, 3.490000, 0.524900, 0.327825, -1.000000, 0.397043, -1.000000, 0.325417, -1.000000, 0.355744, -1.000000
0.350000, 0.470000, 3.480000, 0.531287, 0.330742, -1.000000, 0.396854, -1.000000, 0.328244, -1.000000, 0.358652, -1.000000
0.350000, 0.480000, 3.470000, 0.537600, 0.333672, -1.000000, 0.396666, -1.000000, 0.331084, -1.000000, 0.361572, -1.000000
0.350000, 0.490000, 3.460000, 0.543837, 0.336615, -1.000000, 0.396477, -1.000000, 0.333937, -1.000000, 0.364501, -1.000000
0.350000, 0.500000, 3.450000, 0.550000, 0.339570, -1.000000, 0.396288, -1.000000, 0.336802, -1.000000, 0.367440, -1.000000
0.350000, 0.510000, 3.440000, 0.556087, 0.341745, -1.000000, 0.396099, -1.000000, 0.339678, -1.000000, 0.370390, -1.000000
0.350000, 0.520000, 3.430000, 0.562100, 0.343794, -1.000000, 0.395910, -1.000000, 0.342567, -1.000000, 0.373349, -1.000000
0.350000, 0.530000, 3.420000, 0.568037, 0.345848, -1.000000, 0.395721, -1.000000, 0.345467, -1.000000, 0.376317, -1.000000
0.350000, 0.540000, 3.410000, 0.573900, 0.347908, -1.000000, 0.395533, -1.000000, 0.348379, -1.000000, 0.379295, -1.000000
0.350000, 0.550000, 3.400000, 0.579687, 0.349973, -1.000000, 0.395344, -1.000000, 0.351302, -1.000000, 0.382282, -1.000000
0.350000, 0.560000, 3.390000, 0.585400, 0.352044, -1.000000, 0.395155, -1.000000, 0.354237, -1.000000, 0.385278, -1.000000
0.350000, 0.570000, 3.380000, 0.591037, 0.352759, -1.000000, 0.394967, -1.000000, 0.357182, -1.000000, 0.388283, -1.000000
0.350000, 0.580000, 3.370000, 0.596600, 0.352796, -1.000000, 0.394778, -1.000000, 0.360139, -1.000000, 0.391296, -1.000000
0.350000, 0.590000, 3.360000, 0.602087, 0.352834, -1.000000, 0.394590, -1.000000, 0.363106, -1.000000, 0.391756, -1.000000
0.350000, 0.600000, 3.350000, 0.607500, 0.352871, -1.000000, 0.394401, -1.000000, 0.366083, -1.000000, 0.391758, -1.000000
0.350000, 0.610000, 3.340000, 0.612837, 0.352909, -1.000000, 0.394213, -1.000000, 0.367668, -1.000000, 0.391759, -1.000000
0.350000, 0.620000, 3.330000, 0.618100, 0.352947, -1.000000, 0.394024, -1.000000, 0.368777, -1.000000, 0.391760, -1.000000
0.350000, 0.630000, 3.320000, 0.623287, 0.352984, -1.000000, 0.393836, -1.000000, 0.369888, -1.000000, 0.391762, -1.000000
0.350000, 0.640000, 3.310000, 0.628400, 0.353022, -1.000000, 0.393647, -1.000000, 0.370166, -1.000000, 0.391763, -1.000000
0.350000, 0.650000, 3.300000, 0.633437, 0.353059, -1.000000, 0.393459, -1.000000, 0.370032, -1.000000, 0.391764, -1.000000
0.350000, 0.660000, 3.290000, 0.638400, 0.353097, -1.000000, 0.393271, -1.000000, 0.369897, -1.000000, 0.391766, -1.000000
0.350000, 0.670000, 3.280000, 0.643287, 0.353135, -1.000000, 0.393082, -1.000000, 0.369763, -1.000000, 0.391767, -1.000000
0.350000, 0.680000, 3.270000, 0.648100, 0.353172, -1.000000, 0.392894, -1.000000, 0.369628, -1.000000, 0.391768, -1.000000
0.350000, 0.690000, 3.260000, 0.652837, 0.353210, -1.000000, 0.392706, -1.000000, 0.369494, -1.000000, 0.391770, -1.000000
0.350000, 0.700000, 3.250000, 0.657500, 0.353248, -1.000000, 0.392517, -1.000000, 0.369359, -1.000000, 0.391771, -1.000000
0.350000, 0.710000, 3.240000, 0.662087, 0.353285, -1.000000, 0.392329, -1.000000, 0.369225, -1.000000, 0.391773, -1.000000
0.350000, 0.720000, 3.230000, 0.666600, 0.353323, -1.000000, 0.392141, -1.000000, 0.369090, -1.000000, 0.391774, -1.000000
0.350000, 0.730000, 3.220001, 0.671037, 0.353360, -1.000000, 0.391953, -1.000000, 0.368956, -1.000000, 0.391775, -1.000000
0.350000, 0.740000, 3.210001, 0.675400, 0.353398, -1.000000, 0.391765, -1.000000, 0.368822, -1.000000, 0.391777, -1.000000
0.350000, 0.750000, 3.200001, 0.679687, 0.353436, -1.000000, 0.391577, -1.000000, 0.368687, -1.000000, 0.391778, -1.000000
0.350000, 0.760000, 3.190001, 0.683900, 0.353473, -1.000000, 0.391389, -1.000000, 0.368553, -1.000000, 0.391779, -1.000000
0.350000, 0.770000, 3.180001, 0.688037, 0.353511, -1.000000, 0.391201, -1.000000, 0.368419, -1.000000, 0.391781, -1.000000
0.350000, 0.780000, 3.170001, 0.692100, 0.353549, -1.000000, 0.391013, -1.000000, 0.368284, -1.000000, 0.391782, -1.000000
0.350000, 0.790000, 3.160001, 0.696087, 0.353586, -1.000000, 0.390825, -1.000000, 0.368170, -1.000000, 0.391783, -1.000000
0.350000, 0.800000, 3.150001, 0.700000, 0.353624, -1.000000, 0.390637, -1.000000, 0.368088, -1.000000, 0.391785, -1.000000
0.350000, 0.810000, 3.140001, 0.703837, 0.353661, -1.000000, 0.390449, -1.000000, 0.368006, -1.000000, 0.391786, -1.000000
0.350000, 0.820000, 3.130001, 0.707600, 0.353699, -1.000000, 0.390261, -1.000000, 0.367923, -1.000000, 0.391787, -1.000000
0.350000, 0.830000, 3.120001, 0.711287, 0.353737, -1.000000, 0.390074, -1.000000, 0.367841, -1.000000, 0.391789, -1.000000
0.350000, 0.839999, 3.110001, 0.714900, 0.353774, -1.000000, 0.389886, -1.000000, 0.367758, -1.000000, 0.391790, -1.000000
0.350000, 0.849999, 3.100001, 0.718437, 0.353812, -1.000000, 0.389698, -1.000000, 0.367676, -1.000000, 0.391791, -1.000000
0.350000, 0.859999, 3.090001, 0.721900, 0.353850, -1.000000, 0.389510, -1.000000, 0.367593, -1.000000, 0.391793, -1.000000
0.350000, 0.869999, 3.080001, 0.725287, 0.353887, -1.000000, 0.389323, -1.000000, 0.367511, -1.000000, 0.391794, -1.000000
0.350000, 0.879999, 3.070001, 0.728600, 0.353925, -1.000000, 0.389135, -1.000000, 0.367429, -1.000000, 0.391795, -1.000000
0.350000, 0.889999, 3.060001, 0.731837, 0.353963, -1.000000, 0.388947, -1.000000, 0.367346, -1.000000, 0.391797, -1.000000
0.350000, 0.899999, 3.050001, 0.735000, 0.354000, -1.000000, 0.388760, -1.000000, 0.367264, -1.000000, 0.391798, -1.000000
0.350000, 0.909999, 3.040001, 0.738087, 0.354038, -1.000000, 0.388572, -1.000000, 0.367181, -1.000000, 0.391800, -1.000000
0.350000, 0.919999, 3.030001, 0.741100, 0.354076, -1.000000, 0.388385, -1.000000, 0.367099, -1.000000, 0.391803, -1.000000
0.350000, 0.929999, 3.020001, 0.744037, 0.354113, -1.000000, 0.388197, -1.000000, 0.367017, -1.000000, 0.391807, -1.000000
0.350000, 0.939999, 3.010001, 0.746900, 0.354151, -1.000000, 0.388010, -1.000000, 0.366934, -1.000000, 0.391810, -1.000000
0.350000, 0.949999, 3.000001, 0.749687, 0.354189, -1.000000, 0.387823, -1.000000, 0.366852, -1.000000, 0.391814, -1.000000
0.350000, 0.959999, 2.990001, 0.752400, 0.354226, -1.000000, 0.387635, -1.000000, 0.366770, -1.000000, 0.391922, -1.000000
0.350000, 0.969999, 2.980001, 0.755037, 0.354264, -1.000000, 0.387448, -1.000000, 0.366687, -1.000000, 0.392090, -1.000000
0.350000, 0.979999, 2.970001, 0.757600, 0.354302, -1.000000, 0.387261, -1.000000, 0.366605, -1.000000, 0.392257, -1.000000
0.350000, 0.989999, 2.960001, 0.760087, 0.354339, -1.000000, 0.387073, -1.000000, 0.366523, -1.000000, 0.392424, -1.000000
0.350000, 0.999999, 2.950001, 0.762500, 0.354377, -1.000000, 0.386886, -1.000000, 0.366440, -1.000000, 0.392592, -1.000000
0.360000, 0.000000, 3.920000, 0.150000, 0.210225, 0.732956, 0.405877, 0.995732, 0.213690, 0.806189, 0.237135, 0.987051
0.360000, 0.010000, 3.910000, 0.159763, 0.211931, -1.000000, 0.405687, -1.000000, 0.215732, -1.000000, 0.239106, -1.000000
0.360000, 0.020000, 3.900000, 0.169450, 0.214145, -1.000000, 0.405496, -1.000000, 0.217788, -1.000000, 0.241089, -1.000000
0.360000, 0.030000, 3.890000, 0.179063, 0.216376, -1.000000, 0.405306, -1.000000, 0.219858, -1.000000, 0.243083, -1.000000
0.360000, 0.040000, 3.880000, 0.188600, 0.218624, -1.000000, 0.405116, -1.000000, 0.221942, -1.000000, 0.245088, -1.000000
0.360000, 0.050000, 3.870000, 0.198063, 0.220888, -1.000000, 0.404926, -1.000000, 0.224040, -1.000000, 0.247104, -1.000000
0.360000, 0.060000, 3.860000, 0.207450, 0.223170, -1.000000, 0.404736, -1.000000, 0.226153, -1.000000, 0.249302, -1.000000
0.360000, 0.070000, 3.850000, 0.216763, 0.225468, -1.000000, 0.404545, -1.000000, 0.228279, -1.000000, 0.251680, -1.000000
0.360000, 0.080000, 3.840000, 0.226000, 0.227782, -1.000000, 0.404355, -1.000000, 0.230419, -1.000000, 0.254074, -1.000000
0.360000, 0.090000, 3.830000, 0.235162, 0.230114, -1.000000, 0.404165, -1.000000, 0.232574, -1.000000, 0.256482, -1.000000
0.360000, 0.100000, 3.820000, 0.244250, 0.232462, -1.000000, 0.403975, -1.000000, 0.234742, -1.000000, 0.258905, -1.000000
0.360000, 0.110000, 3.810000, 0.253262, 0.234827, -1.000000, 0.403785, -1.000000, 0.236925, -1.000000, 0.261344, -1.000000
0.360000, 0.120000, 3.800000, 0.262200, 0.237208, -1.000000, 0.403595, -1.000000, 0.239121, -1.000000, 0.263796, -1.000000
0.360000, 0.130000, 3.790000, 0.271062, 0.239606, -1.000000, 0.403405, -1.000000, 0.241331, -1.000000, 0.266264, -1.000000
0.360000, 0.140000, 3.780000, 0.279850, 0.242021, -1.000000, 0.403215, -1.000000, 0.243555, -1.000000, 0.268746, -1.000000
0.360000, 0.150000, 3.770000, 0.288563, 0.244452, -1.000000, 0.403025, -1.000000, 0.245793, -1.000000, 0.271243, -1.000000
0.360000, 0.160000, 3.760000, 0.297200, 0.246900, -1.000000, 0.402835, -1.000000, 0.248045, -1.000000, 0.273755, -1.000000
0.360000, 0.170000, 3.750000, 0.305763, 0.249364, -1.000000, 0.402646, -1.000000, 0.250311, -1.000000, 0.276280, -1.000000
0.360000, 0.180000, 3.740000, 0.314250, 0.251844, -1.000000, 0.402456, -1.000000, 0.252590, -1.000000, 0.278821, -1.000000
0.360000, 0.190000, 3.730000, 0.322663, 0.254341, -1.000000, 0.402266, -1.000000, 0.254946, -1.000000, 0.281375, -1.000000
0.360000, 0.200000, 3.720000, 0.331000, 0.256854, -1.000000, 0.402076, -1.000000, 0.257357, -1.000000, 0.283944, -1.000000
0.360000, 0.210000, 3.710000, 0.339263, 0.259383, -1.000000, 0.401886, -1.000000, 0.259782, -1.000000, 0.286527, -1.000000
0.360000, 0.220000, 3.700000, 0.347450, 0.261928, -1.000000, 0.401697, -1.000000, 0.262223, -1.000000, 0.289123, -1.000000
0.360000, 0.230000, 3.690000, 0.355563, 0.264489, -1.000000, 0.401507, -1.000000, 0.264678, -1.000000, 0.291734, -1.000000
0.360000, 0.240000, 3.680000, 0.363600, 0.267067, -1.000000, 0.401317, -1.000000, 0.267147, -1.000000, 0.294358, -1.000000
0.360000, 0.250000, 3.670000, 0.371563, 0.269660, -1.000000, 0.401128, -1.000000, 0.269632, -1.000000, 0.296997, -1.000000
0.360000, 0.260000, 3.660000, 0.379450, 0.272269, -1.000000, 0.400938, -1.000000, 0.272131, -1.000000, 0.299648, -1.000000
0.360000, 0.270000, 3.650000, 0.387263, 0.274893, -1.000000, 0.400749, -1.000000, 0.274644, -1.000000, 0.302314, -1.000000
0.360000, 0.280000, 3.640000, 0.395000, 0.277534, -1.000000, 0.400559, -1.000000, 0.277171, -1.000000, 0.304992, -1.000000
0.360000, 0.290000, 3.630000, 0.402663, 0.280190, -1.000000, 0.400370, -1.000000, 0.279713, -1.000000, 0.307684, -1.000000
0.360000, 0.300000, 3.620000, 0.410250, 0.282861, -1.000000, 0.400180, -1.000000, 0.282270, -1.000000, 0.310389, -1.000000
0.360000, 0.310000, 3.610000, 0.417763, 0.285548, -1.000000, 0.399991, -1.000000, 0.284840, -1.000000, 0.313108, -1.000000
0.360000, 0.320000, 3.600000, 0.425200, 0.288250, -1.000000, 0.399801, -1.000000, 0.287424, -1.000000, 0.315839, -1.000000
0.360000, 0.330000, 3.590000, 0.432563, 0.290967, -1.000000, 0.399612, -1.000000, 0.290022, -1.000000, 0.318582, -1.000000
0.360000, 0.340000, 3.580000, 0.439850, 0.293700, -1.000000, 0.399423, -1.000000, 0.292634, -1.000000, 0.321339, -1.000000
0.360000, 0.350000, 3.570000, 0.447062, 0.296447, -1.000000, 0.399233, -1.000000, 0.295260, -1.000000, 0.324108, -1.000000
0.360000, 0.360000, 3.560000, 0.454200, 0.299209, -1.000000, 0.399044, -1.000000, 0.297900, -1.000000, 0.326889, -1.000000
0.360000, 0.370000, 3.550000, 0.461262, 0.301985, -1.000000, 0.398855, -1.000000, 0.300553, -1.000000, 0.329682, -1.000000
0.360000, 0.380000, 3.540000, 0.468250, 0.304777, -1.000000, 0.398665, -1.000000, 0.303219, -1.000000, 0.332488, -1.000000
0.360000, 0.390000, 3.530000, 0.475162, 0.307582, -1.000000, 0.398476, -1.000000, 0.305899, -1.000000, 0.335306, -1.000000
0.360000, 0.400000, 3.520000, 0.482000, 0.310402, -1.000000, 0.398287, -1.000000, 0.308592, -1.000000, 0.338135, -1.000000
0.360000, 0.410000, 3.510000, 0.488762, 0.313237, -1.000000, 0.398098, -1.000000, 0.311298, -1.000000, 0.340976, -1.000000
0.360000, 0.420000, 3.500000, 0.495450, 0.316085, -1.000000, 0.397909, -1.000000, 0.314051, -1.000000, 0.343828, -1.000000
0.360000, 0.430000, 3.490000, 0.502062, 0.318947, -1.000000, 0.397720, -1.000000, 0.316826, -1.000000, 0.346692, -1.000000
0.360000, 0.440000, 3.480000, 0.508600, 0.321822, -1.000000, 0.397531, -1.000000, 0.319615, -1.000000, 0.349567, -1.000000
0.360000, 0.450000, 3.470000, 0.515062, 0.324712, -1.000000, 0.397342, -1.000000, 0.322416, -1.000000, 0.352453, -1.000000
0.360000, 0.460000, 3.460000, 0.521450, 0.327614, -1.000000, 0.397153, -1.000000, 0.325230, -1.000000, 0.355349, -1.000000
0.360000, 0.470000, 3.450000, 0.527762, 0.330530, -1.000000, 0.396964, -1.000000, 0.328057, -1.000000, 0.358257, -1.000000
0.360000, 0.480000, 3.440000, 0.534000, 0.333459, -1.000000, 0.396775, -1.000000, 0.330896, -1.000000, 0.361174, -1.000000
0.360000, 0.490000, 3.430000, 0.540162, 0.336401, -1.000000, 0.396586, -1.000000, 0.333748, -1.000000, 0.364103, -1.000000
0.360000, 0.500000, 3.420000, 0.546250, 0.339356, -1.000000, 0.396397, -1.000000, 0.336612, -1.000000, 0.367041, -1.000000
0.360000, 0.510000, 3.410000, 0.552262, 0.341443, -1.000000, 0.396208, -1.000000, 0.339488, -1.000000, 0.369989, -1.000000
0.360000, 0.520000, 3.400000, 0.558200, 0.343491, -1.000000, 0.396019, -1.000000, 0.342376, -1.000000, 0.372947, -1.000000
0.360000, 0.530000, 3.390000, 0.564062, 0.345544, -1.000000, 0.395831, -1.000000, 0.345275, -1.000000, 0.375914, -1.000000
0.360000, 0.540000, 3.380000, 0.569850, 0.347603, -1.000000, 0.395642, -1.000000, 0.348186, -1.000000, 0.378890, -1.000000
0.360000, 0.550000, 3.370000, 0.575562, 0.349668, -1.000000, 0.395453, -1.000000, 0.351109, -1.000000, 0.381876, -1.000000
0.360000, 0.560000, 3.360000, 0.581200, 0.351738, -1.000000, 0.395264, -1.000000, 0.354043, -1.000000, 0.384871, -1.000000
0.360000, 0.570000, 3.350000, 0.586762, 0.352740, -1.000000, 0.395076, -1.000000, 0.356987, -1.000000, 0.387874, -1.000000
0.360000, 0.580000, 3.340000, 0.592250, 0.352777, -1.000000, 0.394887, -1.000000, 0.359943, -1.000000, 0.390887, -1.000000
0.360000, 0.590000, 3.330000, 0.597662, 0.352815, -1.000000, 0.394699, -1.000000, 0.362909, -1.000000, 0.391814, -1.000000
0.360000, 0.600000, 3.320000, 0.603000, 0.352853, -1.000000, 0.394510, -1.000000, 0.365886, -1.000000, 0.391815, -1.000000
0.360000, 0.610000, 3.310000, 0.608262, 0.352890, -1.000000, 0.394322, -1.000000, 0.368293, -1.000000, 0.391816, -1.000000
0.360000, 0.620000, 3.300000, 0.613450, 0.352928, -1.000000, 0.394133, -1.000000, 0.369403, -1.000000, 0.391818, -1.000000
0.360000, 0.630000, 3.290000, 0.618562, 0.352965, -1.000000, 0.393945, -1.000000, 0.370234, -1.000000, 0.391819, -1.000000
0.360000, 0.640000, 3.280000, 0.623600, 0.353003, -1.000000, 0.393756, -1.000000, 0.370099, -1.000000, 0.391820, -1.000000
0.360000, 0.650000, 3.270000, 0.628562, 0.353041, -1.000000, 0.393568, -1.000000, 0.369965, -1.000000, 0.391822, -1.000000
0.360000, 0.660000, 3.260000, 0.633450, 0.353078, -1.000000, 0.393379, -1.000000, 0.369830, -1.000000, 0.391823, -1.000000
0.360000, 0.670000, 3.250000, 0.638262, 0.353116, -1.000000, 0.393191, -1.000000, 0.369696, -1.000000, 0.391824, -1.000000
0.360000, 0.680000, 3.240000, 0.643000, 0.353153, -1.000000, 0.393003, -1.000000, 0.369561, -1.000000, 0.391826, -1.000000
0.360000, 0.690000, 3.230000, 0.647662, 0.353191, -1.000000, 0.392815, -1.000000, 0.369427, -1.000000, 0.391827, -1.000000
0.360000, 0.700000, 3.220001, 0.652250, 0.353229, -1.000000, 0.392626, -1.000000, 0.369292, -1.000000, 0.391828, -1.000000
0.360000, 0.710000, 3.210001, 0.656762, 0.353266, -1.000000, 0.392438, -1.000000, 0.369158, -1.000000, 0.391830, -1.000000
0.360000, 0.720000, 3.200001, 0.661200, 0.353304, -1.000000, 0.392250, -1.000000, 0.369024, -1.000000, 0.391831, -1.000000
0.360000, 0.730000, 3.190001, 0.665562, 0.353342, -1.000000, 0.392062, -1.000000, 0.368889, -1.000000, 0.391832, -1.000000
0.360000, 0.740000, 3.180001, 0.669850, 0.353379, -1.000000, 0.391874, -1.000000, 0.368755, -1.000000, 0.391834, -1.000000
0.360000, 0.750000, 3.170001, 0.674062, 0.353417, -1.000000, 0.391686, -1.000000, 0.368621, -1.000000, 0.391835, -1.000000
0.360000, 0.760000, 3.160001, 0.678200, 0.353454, -1.000000, 0.391498, -1.000000, 0.368486, -1.000000, 0.391836, -1.000000
0.360000, 0.770000, 3.150001, 0.682262, 0.353492, -1.000000, 0.391310, -1.000000, 0.368352, -1.000000, 0.391838, -1.000000
0.360000, 0.780000, 3.140001, 0.686250, 0.353530, -1.000000, 0.391122, -1.000000, 0.368218, -1.000000, 0.391839, -1.000000
0.360000, 0.790000, 3.130001, 0.690162, 0.353567, -1.000000, 0.390934, -1.000000, 0.368124, -1.000000, 0.391840, -1.000000
0.360000, 0.800000, 3.120001, 0.694000, 0.353605, -1.000000, 0.390746, -1.000000, 0.368042, -1.000000, 0.391842, -1.000000
0.360000, 0.810000, 3.110001, 0.697762, 0.353643, -1.000000, 0.390558, -1.000000, 0.367959, -1.000000, 0.391843, -1.000000
0.360000, 0.820000, 3.100001, 0.701450, 0.353680, -1.000000, 0.390370, -1.000000, 0.367877, -1.000000, 0.391844, -1.000000
0.360000, 0.830000, 3.090001, 0.705062, 0.353718, -1.000000, 0.390182, -1.000000, 0.367794, -1.000000, 0.391846, -1.000000
0.360000, 0.839999, 3.080001, 0.708600, 0.353756, -1.000000, 0.389994, -1.000000, 0.367712, -1.000000, 0.391847, -1.000000
0.360000, 0.849999, 3.070001, 0.712062, 0.353793, -1.000000, 0.389807, -1.000000, 0.367630, -1.000000, 0.391848, -1.000000
0.360000, 0.859999, 3.060001, 0.715450, 0.353831, -1.000000, 0.389619, -1.000000, 0.367547, -1.000000, 0.391850, -1.000000
0.360000, 0.869999, 3.050001, 0.718762, 0.353868, -1.000000, 0.389431, -1.000000, 0.367465, -1.000000, 0.391851, -1.000000
0.360000, 0.879999, 3.040001, 0.722000, 0.353906, -1.000000, 0.389244, -1.000000, 0.367382, -1.000000, 0.391852, -1.000000
0.360000, 0.889999, 3.030001, 0.725162, 0.353944, -1.000000, 0.389056, -1.000000, 0.367300, -1.000000, 0.391854, -1.000000
0.360000, 0.899999, 3.020001, 0.728250, 0.353981, -1.000000, 0.388868, -1.000000, 0.367218, -1.000000, 0.391855, -1.000000
0.360000, 0.909999, 3.010001, 0.731262, 0.354019, -1.000000, 0.388681, -1.000000, 0.367135, -1.000000, 0.391856, -1.000000
0.360000, 0.919999, 3.000001, 0.734200, 0.354057, -1.000000, 0.388493, -1.000000, 0.367053, -1.000000, 0.391858, -1.000000
0.360000, 0.929999, 2.990001, 0.737062, 0.354094, -1.000000, 0.388306, -1.000000, 0.366971, -1.000000, 0.391859, -1.000000
0.360000, 0.939999, 2.980001, 0.739850, 0.354132, -1.000000, 0.388118, -1.000000, 0.366888, -1.000000, 0.391861, -1.000000
0.360000, 0.949999, 2.970001, 0.742562, 0.354170, -1.000000, 0.387931, -1.000000, 0.366806, -1.000000, 0.391865, -1.000000
0.360000, 0.959999, 2.960001, 0.745200, 0.354207, -1.000000, 0.387744, -1.000000, 0.366723, -1.000000, 0.392028, -1.000000
0.360000, 0.969999, 2.950001, 0.747762, 0.354245, -1.000000, 0.387556, -1.000000, 0.366641, -1.000000, 0.392195, -1.000000
0.360000, 0.979999, 2.940001, 0.750250, 0.354283, -1.000000, 0.387369, -1.000000, 0.366559, -1.000000, 0.392363, -1.000000
0.360000, 0.989999, 2.930001, 0.752662, 0.354320, -1.000000, 0.387182, -1.000000, 0.366477, -1.000000, 0.392530, -1.000000
0.360000, 0.999999, 2.920001, 0.755000, 0.354358, -1.000000, 0.386994, -1.000000, 0.366394, -1.000000, 0.392697, -1.000000
0.370000, 0.000000, 3.890000, 0.150000, 0.210018, 0.732954, 0.405987, 0.995746, 0.213425, 0.806298, 0.236686, 0.987257
0.370000, 0.010000, 3.880000, 0.159688, 0.211771, -1.000000, 0.405797, -1.000000, 0.215465, -1.000000, 0.238655, -1.000000
0.370000, 0.020000, 3.870000, 0.169300, 0.213984, -1.000000, 0.405606, -1.000000, 0.217520, -1.000000, 0.240635, -1.000000
0.370000, 0.030000, 3.860000, 0.178838, 0.216214, -1.000000, 0.405416, -1.000000, 0.219588, -1.000000, 0.242626, -1.000000
0.370000, 0.040000, 3.850000, 0.188300, 0.218460, -1.000000, 0.405226, -1.000000, 0.221670, -1.000000, 0.244628, -1.000000
0.370000, 0.050000, 3.840000, 0.197688, 0.220724, -1.000000, 0.405036, -1.000000, 0.223767, -1.000000, 0.246642, -1.000000
0.370000, 0.060000, 3.830000, 0.207000, 0.223004, -1.000000, 0.404846, -1.000000, 0.225877, -1.000000, 0.248980, -1.000000
0.370000, 0.070000, 3.820000, 0.216238, 0.225301, -1.000000, 0.404655, -1.000000, 0.228002, -1.000000, 0.251356, -1.000000
0.370000, 0.080000, 3.810000, 0.225400, 0.227614, -1.000000, 0.404465, -1.000000, 0.230140, -1.000000, 0.253748, -1.000000
0.370000, 0.090000, 3.800000, 0.234488, 0.229945, -1.000000, 0.404275, -1.000000, 0.232293, -1.000000, 0.256154, -1.000000
0.370000, 0.100000, 3.790000, 0.243500, 0.232291, -1.000000, 0.404085, -1.000000, 0.234459, -1.000000, 0.258575, -1.000000
0.370000, 0.110000, 3.780000, 0.252438, 0.234655, -1.000000, 0.403895, -1.000000, 0.236640, -1.000000, 0.261012, -1.000000
0.370000, 0.120000, 3.770000, 0.261300, 0.237035, -1.000000, 0.403705, -1.000000, 0.238835, -1.000000, 0.263462, -1.000000
0.370000, 0.130000, 3.760000, 0.270088, 0.239432, -1.000000, 0.403515, -1.000000, 0.241043, -1.000000, 0.265928, -1.000000
0.370000, 0.140000, 3.750000, 0.278800, 0.241846, -1.000000, 0.403325, -1.000000, 0.243265, -1.000000, 0.268408, -1.000000
0.370000, 0.150000, 3.740000, 0.287437, 0.244276, -1.000000, 0.403135, -1.000000, 0.245502, -1.000000, 0.270903, -1.000000
0.370000, 0.160000, 3.730000, 0.296000, 0.246722, -1.000000, 0.402945, -1.000000, 0.247752, -1.000000, 0.273413, -1.000000
0.370000, 0.170000, 3.720000, 0.304488, 0.249185, -1.000000, 0.402755, -1.000000, 0.250061, -1.000000, 0.275937, -1.000000
0.370000, 0.180000, 3.710000, 0.312900, 0.251664, -1.000000, 0.402565, -1.000000, 0.252441, -1.000000, 0.278475, -1.000000
0.370000, 0.190000, 3.700000, 0.321238, 0.254159, -1.000000, 0.402376, -1.000000, 0.254836, -1.000000, 0.281027, -1.000000
0.370000, 0.200000, 3.690000, 0.329500, 0.256671, -1.000000, 0.402186, -1.000000, 0.257246, -1.000000, 0.283594, -1.000000
0.370000, 0.210000, 3.680000, 0.337688, 0.259199, -1.000000, 0.401996, -1.000000, 0.259671, -1.000000, 0.286175, -1.000000
0.370000, 0.220000, 3.670000, 0.345800, 0.261743, -1.000000, 0.401806, -1.000000, 0.262111, -1.000000, 0.288770, -1.000000
0.370000, 0.230000, 3.660000, 0.353838, 0.264303, -1.000000, 0.401617, -1.000000, 0.264565, -1.000000, 0.291379, -1.000000
0.370000, 0.240000, 3.650000, 0.361800, 0.266879, -1.000000, 0.401427, -1.000000, 0.267034, -1.000000, 0.294001, -1.000000
0.370000, 0.250000, 3.640000, 0.369688, 0.269471, -1.000000, 0.401237, -1.000000, 0.269518, -1.000000, 0.296638, -1.000000
0.370000, 0.260000, 3.630000, 0.377500, 0.272079, -1.000000, 0.401048, -1.000000, 0.272016, -1.000000, 0.299288, -1.000000
0.370000, 0.270000, 3.620000, 0.385238, 0.274703, -1.000000, 0.400858, -1.000000, 0.274529, -1.000000, 0.301951, -1.000000
0.370000, 0.280000, 3.610000, 0.392900, 0.277342, -1.000000, 0.400669, -1.000000, 0.277056, -1.000000, 0.304628, -1.000000
0.370000, 0.290000, 3.600000, 0.400488, 0.279997, -1.000000, 0.400479, -1.000000, 0.279597, -1.000000, 0.307318, -1.000000
0.370000, 0.300000, 3.590000, 0.408000, 0.282667, -1.000000, 0.400290, -1.000000, 0.282153, -1.000000, 0.310021, -1.000000
0.370000, 0.310000, 3.580000, 0.415438, 0.285353, -1.000000, 0.400100, -1.000000, 0.284722, -1.000000, 0.312738, -1.000000
0.370000, 0.320000, 3.570000, 0.422800, 0.288054, -1.000000, 0.399911, -1.000000, 0.287306, -1.000000, 0.315467, -1.000000
0.370000, 0.330000, 3.560000, 0.430088, 0.290770, -1.000000, 0.399721, -1.000000, 0.289904, -1.000000, 0.318209, -1.000000
0.370000, 0.340000, 3.550000, 0.437300, 0.293501, -1.000000, 0.399532, -1.000000, 0.292515, -1.000000, 0.320964, -1.000000
0.370000, 0.350000, 3.540000, 0.444438, 0.296247, -1.000000, 0.399343, -1.000000, 0.295140, -1.000000, 0.323731, -1.000000
0.370000, 0.360000, 3.530000, 0.451500, 0.299008, -1.000000, 0.399153, -1.000000, 0.297779, -1.000000, 0.326511, -1.000000
0.370000, 0.370000, 3.520000, 0.458487, 0.301784, -1.000000, 0.398964, -1.000000, 0.300431, -1.000000, 0.329302, -1.000000
0.370000, 0.380000, 3.510000, 0.465400, 0.304574, -1.000000, 0.398775, -1.000000, 0.303097, -1.000000, 0.332106, -1.000000
0.370000, 0.390000, 3.500000, 0.472237, 0.307379, -1.000000, 0.398586, -1.000000, 0.305776, -1.000000, 0.334922, -1.000000
0.370000, 0.400000, 3.490000, 0.479000, 0.310198, -1.000000, 0.398396, -1.000000, 0.308469, -1.000000, 0.337750, -1.000000
0.370000, 0.410000, 3.480000, 0.485687, 0.313031, -1.000000, 0.398207, -1.000000, 0.311174, -1.000000, 0.340589, -1.000000
0.370000, 0.420000, 3.470000, 0.492300, 0.315878, -1.000000, 0.398018, -1.000000, 0.313892, -1.000000, 0.343440, -1.000000
0.370000, 0.430000, 3.460000, 0.498837, 0.318739, -1.000000, 0.397829, -1.000000, 0.316642, -1.000000, 0.346303, -1.000000
0.370000, 0.440000, 3.450000, 0.505300, 0.321614, -1.000000, 0.397640, -1.000000, 0.319430, -1.000000, 0.349176, -1.000000
0.370000, 0.450000, 3.440000, 0.511687, 0.324502, -1.000000, 0.397451, -1.000000, 0.322230, -1.000000, 0.352060, -1.000000
0.370000, 0.460000, 3.430000, 0.518000, 0.327404, -1.000000, 0.397262, -1.000000, 0.325044, -1.000000, 0.354955, -1.000000
0.370000, 0.470000, 3.420000, 0.524237, 0.330319, -1.000000, 0.397073, -1.000000, 0.327870, -1.000000, 0.357861, -1.000000
0.370000, 0.480000, 3.410000, 0.530400, 0.333247, -1.000000, 0.396884, -1.000000, 0.330708, -1.000000, 0.360778, -1.000000
0.370000, 0.490000, 3.400000, 0.536487, 0.336188, -1.000000, 0.396695, -1.000000, 0.333559, -1.000000, 0.363704, -1.000000
0.370000, 0.500000, 3.390000, 0.542500, 0.339101, -1.000000, 0.396506, -1.000000, 0.336422, -1.000000, 0.366641, -1.000000
0.370000, 0.510000, 3.380000, 0.548437, 0.341142, -1.000000, 0.396317, -1.000000, 0.339297, -1.000000, 0.369588, -1.000000
0.370000, 0.520000, 3.370000, 0.554300, 0.343188, -1.000000, 0.396129, -1.000000, 0.342184, -1.000000, 0.372544, -1.000000
0.370000, 0.530000, 3.360000, 0.560087, 0.345241, -1.000000, 0.395940, -1.000000, 0.345083, -1.000000, 0.375510, -1.000000
0.370000, 0.540000, 3.350000, 0.565800, 0.347299, -1.000000, 0.395751, -1.000000, 0.347993, -1.000000, 0.378486, -1.000000
0.370000, 0.550000, 3.340000, 0.571437, 0.349363, -1.000000, 0.395562, -1.000000, 0.350915, -1.000000, 0.381470, -1.000000
0.370000, 0.560000, 3.330000, 0.577000, 0.351432, -1.000000, 0.395374, -1.000000, 0.353848, -1.000000, 0.384464, -1.000000
0.370000, 0.570000, 3.320000, 0.582487, 0.352721, -1.000000, 0.395185, -1.000000, 0.356792, -1.000000, 0.387466, -1.000000
0.370000, 0.580000, 3.310000, 0.587900, 0.352759, -1.000000, 0.394996, -1.000000, 0.359747, -1.000000, 0.390477, -1.000000
0.370000, 0.590000, 3.300000, 0.593237, 0.352796, -1.000000, 0.394808, -1.000000, 0.362713, -1.000000, 0.391871, -1.000000
0.370000, 0.600000, 3.290000, 0.598500, 0.352834, -1.000000, 0.394619, -1.000000, 0.365689, -1.000000, 0.391872, -1.000000
0.370000, 0.610000, 3.280000, 0.603687, 0.352871, -1.000000, 0.394431, -1.000000, 0.368675, -1.000000, 0.391873, -1.000000
0.370000, 0.620000, 3.270000, 0.608800, 0.352909, -1.000000, 0.394242, -1.000000, 0.370029, -1.000000, 0.391875, -1.000000
0.370000, 0.630000, 3.260000, 0.613837, 0.352947, -1.000000, 0.394054, -1.000000, 0.370167, -1.000000, 0.391876, -1.000000
0.370000, 0.640000, 3.250000, 0.618800, 0.352984, -1.000000, 0.393865, -1.000000, 0.370032, -1.000000, 0.391877, -1.000000
0.370000, 0.650000, 3.240000, 0.623687, 0.353022, -1.000000, 0.393677, -1.000000, 0.369898, -1.000000, 0.391879, -1.000000
0.370000, 0.660000, 3.230000, 0.628500, 0.353059, -1.000000, 0.393488, -1.000000, 0.369763, -1.000000, 0.391880, -1.000000
0.370000, 0.670000, 3.220001, 0.633237, 0.353097, -1.000000, 0.393300, -1.000000, 0.369629, -1.000000, 0.391881, -1.000000
0.370000, 0.680000, 3.210001, 0.637900, 0.353135, -1.000000, 0.393112, -1.000000, 0.369494, -1.000000, 0.391883, -1.000000
0.370000, 0.690000, 3.200001, 0.642487, 0.353172, -1.000000, 0.392923, -1.000000, 0.369360, -1.000000, 0.391884, -1.000000
0.370000, 0.700000, 3.190001, 0.647000, 0.353210, -1.000000, 0.392735, -1.000000, 0.369226, -1.000000, 0.391885, -1.000000
0.370000, 0.710000, 3.180001, 0.651437, 0.353247, -1.000000, 0.392547, -1.000000, 0.369091, -1.000000, 0.391887, -1.000000
0.370000, 0.720000, 3.170001, 0.655800, 0.353285, -1.000000, 0.392359, -1.000000, 0.368957, -1.000000, 0.391888, -1.000000
0.370000, 0.730000, 3.160001, 0.660087, 0.353323, -1.000000, 0.392171, -1.000000, 0.368822, -1.000000, 0.391890, -1.000000
0.370000, 0.740000, 3.150001, 0.664300, 0.353360, -1.000000, 0.391982, -1.000000, 0.368688, -1.000000, 0.391891, -1.000000
0.370000, 0.750000, 3.140001, 0.668437, 0.353398, -1.000000, 0.391794, -1.000000, 0.368554, -1.000000, 0.391892, -1.000000
0.370000, 0.760000, 3.130001, 0.672500, 0.353436, -1.000000, 0.391606, -1.000000, 0.368420, -1.000000, 0.391894, -1.000000
0.370000, 0.770000, 3.120001, 0.676487, 0.353473, -1.000000, 0.391418, -1.000000, 0.368285, -1.000000, 0.391895, -1.000000
0.370000, 0.780000, 3.110001, 0.680400, 0.353511, -1.000000, 0.391230, -1.000000, 0.368160, -1.000000, 0.391896, -1.000000
0.370000, 0.790000, 3.100001, 0.684237, 0.353548, -1.000000, 0.391042, -1.000000, 0.368078, -1.000000, 0.391898, -1.000000
0.370000, 0.800000, 3.090001, 0.688000, 0.353586, -1.000000, 0.390854, -1.000000, 0.367995, -1.000000, 0.391899, -1.000000
0.370000, 0.810000, 3.080001, 0.691687, 0.353624, -1.000000, 0.390666, -1.000000, 0.367913, -1.000000, 0.391900, -1.000000
0.370000, 0.820000, 3.070001, 0.695300, 0.353661, -1.000000, 0.390479, -1.000000, 0.367831, -1.000000, 0.391902, -1.000000
0.370000, 0.830000, 3.060001, 0.698837, 0.353699, -1.000000, 0.390291, -1.000000, 0.367748, -1.000000, 0.391903, -1.000000
0.370000, 0.839999, 3.050001, 0.702300, 0.353737, -1.000000, 0.390103, -1.000000, 0.367666, -1.000000, 0.391904, -1.000000
0.370000, 0.849999, 3.040001, 0.705687, 0.353774, -1.000000, 0.389915, -1.000000, 0.367583, -1.000000, 0.391906, -1.000000
0.370000, 0.859999, 3.030001, 0.709000, 0.353812, -1.000000, 0.389727, -1.000000, 0.367501, -1.000000, 0.391907, -1.000000
0.370000, 0.869999, 3.020001, 0.712237, 0.353850, -1.000000, 0.389540, -1.000000, 0.367418, -1.000000, 0.391908, -1.000000
0.370000, 0.879999, 3.010001, 0.715400, 0.353887, -1.000000, 0.389352, -1.000000, 0.367336, -1.000000, 0.391910, -1.000000
0.370000, 0.889999, 3.000001, 0.718487, 0.353925, -1.000000, 0.389164, -1.000000, 0.367254, -1.000000, 0.391911, -1.000000
0.370000, 0.899999, 2.990001, 0.721500, 0.353963, -1.000000, 0.388977, -1.000000, 0.367171, -1.000000, 0.391912, -1.000000
0.370000, 0.909999, 2.980001, 0.724437, 0.354000, -1.000000, 0.388789, -1.000000, 0.367089, -1.000000, 0.391914, -1.000000
0.370000, 0.919999, 2.970001, 0.727300, 0.354038, -1.000000, 0.388602, -1.000000, 0.367007, -1.000000, 0.391915, -1.000000
0.370000, 0.929999, 2.960001, 0.730087, 0.354075, -1.000000, 0.388414, -1.000000, 0.366924, -1.000000, 0.391916, -1.000000
0.370000, 0.939999, 2.950001, 0.732800, 0.354113, -1.000000, 0.388227, -1.000000, 0.366842, -1.000000, 0.391918, -1.000000
0.370000, 0.949999, 2.940001, 0.735437, 0.354151, -1.000000, 0.388039, -1.000000, 0.366760, -1.000000, 0.391919, -1.000000
0.370000, 0.959999, 2.930001, 0.738000, 0.354189, -1.000000, 0.387852, -1.000000, 0.366677, -1.000000, 0.392101, -1.000000
0.370000, 0.969999, 2.920001, 0.740487, 0.354226, -1.000000, 0.387664, -1.000000, 0.366595, -1.000000, 0.392301, -1.000000
0.370000, 0.979999, 2.910001, 0.742900, 0.354264, -1.000000, 0.387477, -1.000000, 0.366513, -1.000000, 0.392468, -1.000000
0.370000, 0.989999, 2.900001, 0.745237, 0.354301, -1.000000, 0.387290, -1.000000, 0.366430, -1.000000, 0.392636, -1.000000
0.370000, 0.999999, 2.890001, 0.747500, 0.354339, -1.000000, 0.387103, -1.000000, 0.366348, -1.000000, 0.392803, -1.000000
0.380000, 0.000000, 3.860000, 0.150000, 0.209810, 0.732953, 0.406097, 0.995760, 0.213161, 0.806338, 0.236238, 0.987459
0.380000, 0.010000, 3.850000, 0.159613, 0.211611, -1.000000, 0.405907, -1.000000, 0.215199, -1.000000, 0.238204, -1.000000
0.380000, 0.020000, 3.840000, 0.169150, 0.213823, -1.000000, 0.405716, -1.000000, 0.217252, -1.000000, 0.240181, -1.000000
0.380000, 0.030000, 3.830000, 0.178613, 0.216052, -1.000000, 0.405526, -1.000000, 0.219318, -1.000000, 0.242170, -1.000000
0.380000, 0.040000, 3.820000, 0.188000, 0.218297, -1.000000, 0.405336, -1.000000, 0.221398, -1.000000, 0.244170, -1.000000
0.380000, 0.050000, 3.810000, 0.197313, 0.220559, -1.000000, 0.405146, -1.000000, 0.223493, -1.000000, 0.246299, -1.000000
0.380000, 0.060000, 3.800000, 0.206550, 0.222838, -1.000000, 0.404956, -1.000000, 0.225602, -1.000000, 0.248659, -1.000000
0.380000, 0.070000, 3.790000, 0.215713, 0.225134, -1.000000, 0.404765, -1.000000, 0.227724, -1.000000, 0.251033, -1.000000
0.380000, 0.080000, 3.780000, 0.224800, 0.227446, -1.000000, 0.404575, -1.000000, 0.229861, -1.000000, 0.253422, -1.000000
0.380000, 0.090000, 3.770000, 0.233813, 0.229775, -1.000000, 0.404385, -1.000000, 0.232012, -1.000000, 0.255827, -1.000000
0.380000, 0.100000, 3.760000, 0.242750, 0.232121, -1.000000, 0.404195, -1.000000, 0.234177, -1.000000, 0.258246, -1.000000
0.380000, 0.110000, 3.750000, 0.251612, 0.234483, -1.000000, 0.404005, -1.000000, 0.236356, -1.000000, 0.260680, -1.000000
0.380000, 0.120000, 3.740000, 0.260400, 0.236862, -1.000000, 0.403815, -1.000000, 0.238548, -1.000000, 0.263129, -1.000000
0.380000, 0.130000, 3.730000, 0.269112, 0.239258, -1.000000, 0.403625, -1.000000, 0.240755, -1.000000, 0.265592, -1.000000
0.380000, 0.140000, 3.720000, 0.277750, 0.241670, -1.000000, 0.403435, -1.000000, 0.242976, -1.000000, 0.268071, -1.000000
0.380000, 0.150000, 3.710000, 0.286313, 0.244099, -1.000000, 0.403245, -1.000000, 0.245239, -1.000000, 0.270564, -1.000000
0.380000, 0.160000, 3.700000, 0.294800, 0.246544, -1.000000, 0.403055, -1.000000, 0.247589, -1.000000, 0.273071, -1.000000
0.380000, 0.170000, 3.690000, 0.303213, 0.249006, -1.000000, 0.402865, -1.000000, 0.249953, -1.000000, 0.275593, -1.000000
0.380000, 0.180000, 3.680000, 0.311550, 0.251484, -1.000000, 0.402675, -1.000000, 0.252332, -1.000000, 0.278129, -1.000000
0.380000, 0.190000, 3.670000, 0.319813, 0.253978, -1.000000, 0.402485, -1.000000, 0.254727, -1.000000, 0.280680, -1.000000
0.380000, 0.200000, 3.660000, 0.328000, 0.256489, -1.000000, 0.402296, -1.000000, 0.257136, -1.000000, 0.283245, -1.000000
0.380000, 0.210000, 3.650000, 0.336113, 0.259016, -1.000000, 0.402106, -1.000000, 0.259560, -1.000000, 0.285824, -1.000000
0.380000, 0.220000, 3.640000, 0.344150, 0.261558, -1.000000, 0.401916, -1.000000, 0.261999, -1.000000, 0.288417, -1.000000
0.380000, 0.230000, 3.630000, 0.352113, 0.264117, -1.000000, 0.401726, -1.000000, 0.264453, -1.000000, 0.291024, -1.000000
0.380000, 0.240000, 3.620000, 0.360000, 0.266692, -1.000000, 0.401537, -1.000000, 0.266921, -1.000000, 0.293644, -1.000000
0.380000, 0.250000, 3.610000, 0.367813, 0.269283, -1.000000, 0.401347, -1.000000, 0.269404, -1.000000, 0.296279, -1.000000
0.380000, 0.260000, 3.600000, 0.375550, 0.271890, -1.000000, 0.401157, -1.000000, 0.271902, -1.000000, 0.298927, -1.000000
0.380000, 0.270000, 3.590000, 0.383213, 0.274512, -1.000000, 0.400968, -1.000000, 0.274414, -1.000000, 0.301588, -1.000000
0.380000, 0.280000, 3.580000, 0.390800, 0.277151, -1.000000, 0.400778, -1.000000, 0.276940, -1.000000, 0.304264, -1.000000
0.380000, 0.290000, 3.570000, 0.398313, 0.279804, -1.000000, 0.400589, -1.000000, 0.279481, -1.000000, 0.306952, -1.000000
0.380000, 0.300000, 3.560000, 0.405750, 0.282473, -1.000000, 0.400399, -1.000000, 0.282036, -1.000000, 0.309653, -1.000000
0.380000, 0.310000, 3.550000, 0.413113, 0.285158, -1.000000, 0.400210, -1.000000, 0.284605, -1.000000, 0.312368, -1.000000
0.380000, 0.320000, 3.540000, 0.420400, 0.287858, -1.000000, 0.400020, -1.000000, 0.287188, -1.000000, 0.315096, -1.000000
0.380000, 0.330000, 3.530000, 0.427613, 0.290573, -1.000000, 0.399831, -1.000000, 0.289785, -1.000000, 0.317836, -1.000000
0.380000, 0.340000, 3.520000, 0.434750, 0.293303, -1.000000, 0.399642, -1.000000, 0.292396, -1.000000, 0.320589, -1.000000
0.380000, 0.350000, 3.510000, 0.441813, 0.296048, -1.000000, 0.399452, -1.000000, 0.295020, -1.000000, 0.323354, -1.000000
0.380000, 0.360000, 3.500000, 0.448800, 0.298808, -1.000000, 0.399263, -1.000000, 0.297658, -1.000000, 0.326132, -1.000000
0.380000, 0.370000, 3.490000, 0.455712, 0.301582, -1.000000, 0.399074, -1.000000, 0.300310, -1.000000, 0.328923, -1.000000
0.380000, 0.380000, 3.480000, 0.462550, 0.304372, -1.000000, 0.398884, -1.000000, 0.302975, -1.000000, 0.331725, -1.000000
0.380000, 0.390000, 3.470000, 0.469312, 0.307175, -1.000000, 0.398695, -1.000000, 0.305654, -1.000000, 0.334539, -1.000000
0.380000, 0.400000, 3.460000, 0.476000, 0.309993, -1.000000, 0.398506, -1.000000, 0.308346, -1.000000, 0.337365, -1.000000
0.380000, 0.410000, 3.450000, 0.482612, 0.312825, -1.000000, 0.398317, -1.000000, 0.311050, -1.000000, 0.340203, -1.000000
0.380000, 0.420000, 3.440000, 0.489150, 0.315671, -1.000000, 0.398128, -1.000000, 0.313768, -1.000000, 0.343052, -1.000000
0.380000, 0.430000, 3.430000, 0.495612, 0.318531, -1.000000, 0.397938, -1.000000, 0.316499, -1.000000, 0.345913, -1.000000
0.380000, 0.440000, 3.420000, 0.502000, 0.321405, -1.000000, 0.397749, -1.000000, 0.319245, -1.000000, 0.348785, -1.000000
0.380000, 0.450000, 3.410000, 0.508312, 0.324293, -1.000000, 0.397560, -1.000000, 0.322045, -1.000000, 0.351668, -1.000000
0.380000, 0.460000, 3.400000, 0.514550, 0.327193, -1.000000, 0.397371, -1.000000, 0.324857, -1.000000, 0.354562, -1.000000
0.380000, 0.470000, 3.390000, 0.520712, 0.330107, -1.000000, 0.397182, -1.000000, 0.327682, -1.000000, 0.357466, -1.000000
0.380000, 0.480000, 3.380000, 0.526800, 0.333034, -1.000000, 0.396993, -1.000000, 0.330520, -1.000000, 0.360381, -1.000000
0.380000, 0.490000, 3.370000, 0.532812, 0.335975, -1.000000, 0.396804, -1.000000, 0.333370, -1.000000, 0.363306, -1.000000
0.380000, 0.500000, 3.360000, 0.538750, 0.338800, -1.000000, 0.396616, -1.000000, 0.336232, -1.000000, 0.366242, -1.000000
0.380000, 0.510000, 3.350000, 0.544612, 0.340840, -1.000000, 0.396427, -1.000000, 0.339107, -1.000000, 0.369187, -1.000000
0.380000, 0.520000, 3.340000, 0.550400, 0.342886, -1.000000, 0.396238, -1.000000, 0.341993, -1.000000, 0.372142, -1.000000
0.380000, 0.530000, 3.330000, 0.556112, 0.344937, -1.000000, 0.396049, -1.000000, 0.344891, -1.000000, 0.375107, -1.000000
0.380000, 0.540000, 3.320000, 0.561750, 0.346994, -1.000000, 0.395860, -1.000000, 0.347801, -1.000000, 0.378081, -1.000000
0.380000, 0.550000, 3.310000, 0.567312, 0.349058, -1.000000, 0.395671, -1.000000, 0.350722, -1.000000, 0.381064, -1.000000
0.380000, 0.560000, 3.300000, 0.572800, 0.351126, -1.000000, 0.395483, -1.000000, 0.353654, -1.000000, 0.384057, -1.000000
0.380000, 0.570000, 3.290000, 0.578212, 0.352702, -1.000000, 0.395294, -1.000000, 0.356597, -1.000000, 0.387058, -1.000000
0.380000, 0.580000, 3.280000, 0.583550, 0.352740, -1.000000, 0.395105, -1.000000, 0.359551, -1.000000, 0.390068, -1.000000
0.380000, 0.590000, 3.270000, 0.588812, 0.352777, -1.000000, 0.394917, -1.000000, 0.362516, -1.000000, 0.391928, -1.000000
0.380000, 0.600000, 3.260000, 0.594000, 0.352815, -1.000000, 0.394728, -1.000000, 0.365492, -1.000000, 0.391929, -1.000000
0.380000, 0.610000, 3.250000, 0.599112, 0.352853, -1.000000, 0.394540, -1.000000, 0.368477, -1.000000, 0.391931, -1.000000
0.380000, 0.620000, 3.240000, 0.604150, 0.352890, -1.000000, 0.394351, -1.000000, 0.370235, -1.000000, 0.391932, -1.000000
0.380000, 0.630000, 3.230000, 0.609112, 0.352928, -1.000000, 0.394163, -1.000000, 0.370100, -1.000000, 0.391933, -1.000000
0.380000, 0.640000, 3.220001, 0.614000, 0.352965, -1.000000, 0.393974, -1.000000, 0.369966, -1.000000, 0.391935, -1.000000
0.380000, 0.650000, 3.210001, 0.618812, 0.353003, -1.000000, 0.393786, -1.000000, 0.369831, -1.000000, 0.391936, -1.000000
0.380000, 0.660000, 3.200001, 0.623550, 0.353041, -1.000000, 0.393597, -1.000000, 0.369697, -1.000000, 0.391937, -1.000000
0.380000, 0.670000, 3.190001, 0.628212, 0.353078, -1.000000, 0.393409, -1.000000, 0.369562, -1.000000, 0.391939, -1.000000
0.380000, 0.680000, 3.180001, 0.632800, 0.353116, -1.000000, 0.393221, -1.000000, 0.369428, -1.000000, 0.391940, -1.000000
0.380000, 0.690000, 3.170001, 0.637312, 0.353153, -1.000000, 0.393032, -1.000000, 0.369293, -1.000000, 0.391941, -1.000000
0.380000, 0.700000, 3.160001, 0.641750, 0.353191, -1.000000, 0.392844, -1.000000, 0.369159, -1.000000, 0.391943, -1.000000
0.380000, 0.710000, 3.150001, 0.646112, 0.353229, -1.000000, 0.392656, -1.000000, 0.369024, -1.000000, 0.391944, -1.000000
0.380000, 0.720000, 3.140001, 0.650400, 0.353266, -1.000000, 0.392468, -1.000000, 0.368890, -1.000000, 0.391945, -1.000000
0.380000, 0.730000, 3.130001, 0.654612, 0.353304, -1.000000, 0.392279, -1.000000, 0.368756, -1.000000, 0.391947, -1.000000
0.380000, 0.740000, 3.120001, 0.658750, 0.353342, -1.000000, 0.392091, -1.000000, 0.368621, -1.000000, 0.391948, -1.000000
0.380000, 0.750000, 3.110001, 0.662812, 0.353379, -1.000000, 0.391903, -1.000000, 0.368487, -1.000000, 0.391949, -1.000000
0.380000, 0.760000, 3.100001, 0.666800, 0.353417, -1.000000, 0.391715, -1.000000, 0.368353, -1.000000, 0.391951, -1.000000
0.380000, 0.770000, 3.090001, 0.670712, 0.353454, -1.000000, 0.391527, -1.000000, 0.368219, -1.000000, 0.391952, -1.000000
0.380000, 0.780000, 3.080001, 0.674550, 0.353492, -1.000000, 0.391339, -1.000000, 0.368114, -1.000000, 0.391953, -1.000000
0.380000, 0.790000, 3.070001, 0.678312, 0.353530, -1.000000, 0.391151, -1.000000, 0.368032, -1.000000, 0.391955, -1.000000
0.380000, 0.800000, 3.060001, 0.682000, 0.353567, -1.000000, 0.390963, -1.000000, 0.367949, -1.000000, 0.391956, -1.000000
0.380000, 0.810000, 3.050001, 0.685612, 0.353605, -1.000000, 0.390775, -1.000000, 0.367867, -1.000000, 0.391957, -1.000000
0.380000, 0.820000, 3.040001, 0.689150, 0.353643, -1.000000, 0.390587, -1.000000, 0.367784, -1.000000, 0.391959, -1.000000
0.380000, 0.830000, 3.030001, 0.692612, 0.353680, -1.000000, 0.390399, -1.000000, 0.367702, -1.000000, 0.391960, -1.000000
0.380000, 0.839999, 3.020001, 0.696000, 0.353718, -1.000000, 0.390212, -1.000000, 0.367620, -1.000000, 0.391961, -1.000000
0.380000, 0.849999, 3.010001, 0.699312, 0.353755, -1.000000, 0.390024, -1.000000, 0.367537, -1.000000, 0.391963, -1.000000
0.380000, 0.859999, 3.000001, 0.702550, 0.353793, -1.000000, 0.389836, -1.000000, 0.367455, -1.000000, 0.391964, -1.000000
0.380000, 0.869999, 2.990001, 0.705712, 0.353831, -1.000000, 0.389648, -1.000000, 0.367372, -1.000000, 0.391965, -1.000000
0.380000, 0.879999, 2.980001, 0.708800, 0.353868, -1.000000, 0.389461, -1.000000, 0.367290, -1.000000, 0.391967, -1.000000
0.380000, 0.889999, 2.970001, 0.711812, 0.353906, -1.000000, 0.389273, -1.000000, 0.367207, -1.000000, 0.391968, -1.000000
0.380000, 0.899999, 2.960001, 0.714750, 0.353944, -1.000000, 0.389085, -1.000000, 0.367125, -1.000000, 0.391969, -1.000000
0.380000, 0.909999, 2.950001, 0.717612, 0.353981, -1.000000, 0.388898, -1.000000, 0.367043, -1.000000, 0.391971, -1.000000
0.380000, 0.919999, 2.940001, 0.720400, 0.354019, -1.000000, 0.388710, -1.000000, 0.366960, -1.000000, 0.391972, -1.000000
0.380000, 0.929999, 2.930001, 0.723112, 0.354057, -1.000000, 0.388523, -1.000000, 0.366878, -1.000000, 0.391973, -1.000000
0.380000, 0.939999, 2.920001, 0.725750, 0.354094, -1.000000, 0.388335, -1.000000, 0.366796, -1.000000, 0.391975, -1.000000
0.380000, 0.949999, 2.910001, 0.728312, 0.354132, -1.000000, 0.388148, -1.000000, 0.366713, -1.000000, 0.391976, -1.000000
0.380000, 0.959999, 2.900001, 0.730800, 0.354170, -1.000000, 0.387960, -1.000000, 0.366631, -1.000000, 0.392071, -1.000000
0.380000, 0.969999, 2.890001, 0.733212, 0.354207, -1.000000, 0.387773, -1.000000, 0.366549, -1.000000, 0.392283, -1.000000
0.380000, 0.979999, 2.880001, 0.735550, 0.354245, -1.000000, 0.387586, -1.000000, 0.366466, -1.000000, 0.392494, -1.000000
0.380000, 0.989999, 2.870001, 0.737812, 0.354283, -1.000000, 0.387398, -1.000000, 0.366384, -1.000000, 0.392706, -1.000000
0.380000, 0.999999, 2.860001, 0.740000, 0.354320, -1.000000, 0.387211, -1.000000, 0.366302, -1.000000, 0.392909, -1.000000
0.390000, 0.000000, 3.830000, 0.150000, 0.209603, 0.732952, 0.406207, 0.995774, 0.212897, 0.806338, 0.235790, 0.987659
0.390000, 0.010000, 3.820000, 0.159538, 0.211452, -1.000000, 0.406017, -1.000000, 0.214933, -1.000000, 0.237753, -1.000000
0.390000, 0.020000, 3.810000, 0.169000, 0.213662, -1.000000, 0.405827, -1.000000, 0.216984, -1.000000, 0.239728, -1.000000
0.390000, 0.030000, 3.800000, 0.178388, 0.215890, -1.000000, 0.405636, -1.000000, 0.219048, -1.000000, 0.241714, -1.000000
0.390000, 0.040000, 3.790000, 0.187700, 0.218134, -1.000000, 0.405446, -1.000000, 0.221127, -1.000000, 0.243712, -1.000000
0.390000, 0.050000, 3.780000, 0.196938, 0.220395, -1.000000, 0.405256, -1.000000, 0.223220, -1.000000, 0.245980, -1.000000
0.390000, 0.060000, 3.770000, 0.206100, 0.222673, -1.000000, 0.405065, -1.000000, 0.225327, -1.000000, 0.248337, -1.000000
0.390000, 0.070000, 3.760000, 0.215188, 0.224967, -1.000000, 0.404875, -1.000000, 0.227448, -1.000000, 0.250710, -1.000000
0.390000, 0.080000, 3.750000, 0.224200, 0.227278, -1.000000, 0.404685, -1.000000, 0.229582, -1.000000, 0.253097, -1.000000
0.390000, 0.090000, 3.740000, 0.233138, 0.229606, -1.000000, 0.404495, -1.000000, 0.231731, -1.000000, 0.255499, -1.000000
0.390000, 0.100000, 3.730000, 0.242000, 0.231951, -1.000000, 0.404305, -1.000000, 0.233894, -1.000000, 0.257916, -1.000000
0.390000, 0.110000, 3.720000, 0.250787, 0.234312, -1.000000, 0.404115, -1.000000, 0.236071, -1.000000, 0.260348, -1.000000
0.390000, 0.120000, 3.710000, 0.259500, 0.236690, -1.000000, 0.403925, -1.000000, 0.238262, -1.000000, 0.262795, -1.000000
0.390000, 0.130000, 3.700000, 0.268138, 0.239084, -1.000000, 0.403735, -1.000000, 0.240480, -1.000000, 0.265257, -1.000000
0.390000, 0.140000, 3.690000, 0.276700, 0.241495, -1.000000, 0.403545, -1.000000, 0.242799, -1.000000, 0.267733, -1.000000
0.390000, 0.150000, 3.680000, 0.285188, 0.243923, -1.000000, 0.403355, -1.000000, 0.245132, -1.000000, 0.270224, -1.000000
0.390000, 0.160000, 3.670000, 0.293600, 0.246367, -1.000000, 0.403165, -1.000000, 0.247481, -1.000000, 0.272730, -1.000000
0.390000, 0.170000, 3.660000, 0.301938, 0.248827, -1.000000, 0.402975, -1.000000, 0.249845, -1.000000, 0.275250, -1.000000
0.390000, 0.180000, 3.650000, 0.310200, 0.251304, -1.000000, 0.402785, -1.000000, 0.252224, -1.000000, 0.277784, -1.000000
0.390000, 0.190000, 3.640000, 0.318388, 0.253797, -1.000000, 0.402595, -1.000000, 0.254617, -1.000000, 0.280333, -1.000000
0.390000, 0.200000, 3.630000, 0.326500, 0.256306, -1.000000, 0.402405, -1.000000, 0.257026, -1.000000, 0.282896, -1.000000
0.390000, 0.210000, 3.620000, 0.334538, 0.258832, -1.000000, 0.402216, -1.000000, 0.259450, -1.000000, 0.285473, -1.000000
0.390000, 0.220000, 3.610000, 0.342500, 0.261374, -1.000000, 0.402026, -1.000000, 0.261888, -1.000000, 0.288064, -1.000000
0.390000, 0.230000, 3.600000, 0.350388, 0.263932, -1.000000, 0.401836, -1.000000, 0.264341, -1.000000, 0.290669, -1.000000
0.390000, 0.240000, 3.590000, 0.358200, 0.266505, -1.000000, 0.401646, -1.000000, 0.266809, -1.000000, 0.293288, -1.000000
0.390000, 0.250000, 3.580000, 0.365938, 0.269095, -1.000000, 0.401457, -1.000000, 0.269291, -1.000000, 0.295920, -1.000000
0.390000, 0.260000, 3.570000, 0.373600, 0.271701, -1.000000, 0.401267, -1.000000, 0.271788, -1.000000, 0.298566, -1.000000
0.390000, 0.270000, 3.560000, 0.381188, 0.274322, -1.000000, 0.401078, -1.000000, 0.274299, -1.000000, 0.301226, -1.000000
0.390000, 0.280000, 3.550000, 0.388700, 0.276959, -1.000000, 0.400888, -1.000000, 0.276825, -1.000000, 0.303899, -1.000000
0.390000, 0.290000, 3.540000, 0.396138, 0.279612, -1.000000, 0.400698, -1.000000, 0.279365, -1.000000, 0.306586, -1.000000
0.390000, 0.300000, 3.530000, 0.403500, 0.282280, -1.000000, 0.400509, -1.000000, 0.281919, -1.000000, 0.309286, -1.000000
0.390000, 0.310000, 3.520000, 0.410788, 0.284963, -1.000000, 0.400319, -1.000000, 0.284487, -1.000000, 0.311999, -1.000000
0.390000, 0.320000, 3.510000, 0.418000, 0.287662, -1.000000, 0.400130, -1.000000, 0.287070, -1.000000, 0.314724, -1.000000
0.390000, 0.330000, 3.500000, 0.425137, 0.290376, -1.000000, 0.399940, -1.000000, 0.289666, -1.000000, 0.317463, -1.000000
0.390000, 0.340000, 3.490000, 0.432200, 0.293105, -1.000000, 0.399751, -1.000000, 0.292276, -1.000000, 0.320214, -1.000000
0.390000, 0.350000, 3.480000, 0.439187, 0.295849, -1.000000, 0.399562, -1.000000, 0.294900, -1.000000, 0.322978, -1.000000
0.390000, 0.360000, 3.470000, 0.446100, 0.298608, -1.000000, 0.399372, -1.000000, 0.297538, -1.000000, 0.325754, -1.000000
0.390000, 0.370000, 3.460000, 0.452937, 0.301381, -1.000000, 0.399183, -1.000000, 0.300189, -1.000000, 0.328543, -1.000000
0.390000, 0.380000, 3.450000, 0.459700, 0.304169, -1.000000, 0.398994, -1.000000, 0.302854, -1.000000, 0.331344, -1.000000
0.390000, 0.390000, 3.440000, 0.466387, 0.306972, -1.000000, 0.398805, -1.000000, 0.305531, -1.000000, 0.334156, -1.000000
0.390000, 0.400000, 3.430000, 0.473000, 0.309789, -1.000000, 0.398615, -1.000000, 0.308223, -1.000000, 0.336981, -1.000000
0.390000, 0.410000, 3.420000, 0.479537, 0.312620, -1.000000, 0.398426, -1.000000, 0.310927, -1.000000, 0.339817, -1.000000
0.390000, 0.420000, 3.410000, 0.486000, 0.315465, -1.000000, 0.398237, -1.000000, 0.313644, -1.000000, 0.342665, -1.000000
0.390000, 0.430000, 3.400000, 0.492387, 0.318324, -1.000000, 0.398048, -1.000000, 0.316374, -1.000000, 0.345524, -1.000000
0.390000, 0.440000, 3.390000, 0.498700, 0.321197, -1.000000, 0.397859, -1.000000, 0.319117, -1.000000, 0.348394, -1.000000
0.390000, 0.450000, 3.380000, 0.504937, 0.324083, -1.000000, 0.397670, -1.000000, 0.321872, -1.000000, 0.351276, -1.000000
0.390000, 0.460000, 3.370000, 0.511100, 0.326983, -1.000000, 0.397481, -1.000000, 0.324671, -1.000000, 0.354168, -1.000000
0.390000, 0.470000, 3.360000, 0.517187, 0.329896, -1.000000, 0.397292, -1.000000, 0.327495, -1.000000, 0.357071, -1.000000
0.390000, 0.480000, 3.350000, 0.523200, 0.332822, -1.000000, 0.397103, -1.000000, 0.330332, -1.000000, 0.359985, -1.000000
0.390000, 0.490000, 3.340000, 0.529137, 0.335761, -1.000000, 0.396914, -1.000000, 0.333181, -1.000000, 0.362908, -1.000000
0.390000, 0.500000, 3.330000, 0.535000, 0.338499, -1.000000, 0.396725, -1.000000, 0.336043, -1.000000, 0.365842, -1.000000
0.390000, 0.510000, 3.320000, 0.540787, 0.340538, -1.000000, 0.396536, -1.000000, 0.338916, -1.000000, 0.368786, -1.000000
0.390000, 0.520000, 3.310000, 0.546500, 0.342583, -1.000000, 0.396347, -1.000000, 0.341802, -1.000000, 0.371740, -1.000000
0.390000, 0.530000, 3.300000, 0.552137, 0.344634, -1.000000, 0.396158, -1.000000, 0.344699, -1.000000, 0.374704, -1.000000
0.390000, 0.540000, 3.290000, 0.557700, 0.346690, -1.000000, 0.395969, -1.000000, 0.347608, -1.000000, 0.377677, -1.000000
0.390000, 0.550000, 3.280000, 0.563187, 0.348753, -1.000000, 0.395781, -1.000000, 0.350528, -1.000000, 0.380659, -1.000000
0.390000, 0.560000, 3.270000, 0.568600, 0.350820, -1.000000, 0.395592, -1.000000, 0.353460, -1.000000, 0.383650, -1.000000
0.390000, 0.570000, 3.260000, 0.573937, 0.352683, -1.000000, 0.395403, -1.000000, 0.356402, -1.000000, 0.386650, -1.000000
0.390000, 0.580000, 3.250000, 0.579200, 0.352721, -1.000000, 0.395214, -1.000000, 0.359356, -1.000000, 0.389658, -1.000000
0.390000, 0.590000, 3.240000, 0.584387, 0.352759, -1.000000, 0.395026, -1.000000, 0.362320, -1.000000, 0.391985, -1.000000
0.390000, 0.600000, 3.230000, 0.589500, 0.352796, -1.000000, 0.394837, -1.000000, 0.365295, -1.000000, 0.391986, -1.000000
0.390000, 0.610000, 3.220001, 0.594537, 0.352834, -1.000000, 0.394649, -1.000000, 0.368279, -1.000000, 0.391988, -1.000000
0.390000, 0.620000, 3.210001, 0.599500, 0.352871, -1.000000, 0.394460, -1.000000, 0.370167, -1.000000, 0.391989, -1.000000
0.390000, 0.630000, 3.200001, 0.604387, 0.352909, -1.000000, 0.394272, -1.000000, 0.370033, -1.000000, 0.391990, -1.000000
0.390000, 0.640000, 3.190001, 0.609200, 0.352947, -1.000000, 0.394083, -1.000000, 0.369899, -1.000000, 0.391992, -1.000000
0.390000, 0.650000, 3.180001, 0.613937, 0.352984, -1.000000, 0.393895, -1.000000, 0.369764, -1.000000, 0.391993, -1.000000
0.390000, 0.660000, 3.170001, 0.618600, 0.353022, -1.000000, 0.393706, -1.000000, 0.369630, -1.000000, 0.391994, -1.000000
0.390000, 0.670000, 3.160001, 0.623187, 0.353059, -1.000000, 0.393518, -1.000000, 0.369495, -1.000000, 0.391996, -1.000000
0.390000, 0.680000, 3.150001, 0.627700, 0.353097, -1.000000, 0.393330, -1.000000, 0.369361, -1.000000, 0.391997, -1.000000
0.390000, 0.690000, 3.140001, 0.632137, 0.353135, -1.000000, 0.393141, -1.000000, 0.369227, -1.000000, 0.391998, -1.000000
0.390000, 0.700000, 3.130001, 0.636500, 0.353172, -1.000000, 0.392953, -1.000000, 0.369092, -1.000000, 0.392000, -1.000000
0.390000, 0.710000, 3.120001, 0.640787, 0.353210, -1.000000, 0.392765, -1.000000, 0.368958, -1.000000, 0.392001, -1.000000
0.390000, 0.720000, 3.110001, 0.645000, 0.353247, -1.000000, 0.392576, -1.000000, 0.368823, -1.000000, 0.392002, -1.000000
0.390000, 0.730000, 3.100001, 0.649137, 0.353285, -1.000000, 0.392388, -1.000000, 0.368689, -1.000000, 0.392004, -1.000000
0.390000, 0.740000, 3.090001, 0.653200, 0.353323, -1.000000, 0.392200, -1.000000, 0.368555, -1.000000, 0.392005, -1.000000
0.390000, 0.750000, 3.080001, 0.657187, 0.353360, -1.000000, 0.392012, -1.000000, 0.368420, -1.000000, 0.392006, -1.000000
0.390000, 0.760000, 3.070001, 0.661100, 0.353398, -1.000000, 0.391824, -1.000000, 0.368286, -1.000000, 0.392008, -1.000000
0.390000, 0.770000, 3.060001, 0.664937, 0.353436, -1.000000, 0.391636, -1.000000, 0.368152, -1.000000, 0.392009, -1.000000
0.390000, 0.780000, 3.050001, 0.668700, 0.353473, -1.000000, 0.391448, -1.000000, 0.368068, -1.000000, 0.392011, -1.000000
0.390000, 0.790000, 3.040001, 0.672387, 0.353511, -1.000000, 0.391260, -1.000000, 0.367985, -1.000000, 0.392012, -1.000000
0.390000, 0.800000, 3.030001, 0.676000, 0.353548, -1.000000, 0.391072, -1.000000, 0.367903, -1.000000, 0.392013, -1.000000
0.390000, 0.810000, 3.020001, 0.679537, 0.353586, -1.000000, 0.390884, -1.000000, 0.367820, -1.000000, 0.392015, -1.000000
0.390000, 0.820000, 3.010001, 0.683000, 0.353624, -1.000000, 0.390696, -1.000000, 0.367738, -1.000000, 0.392016, -1.000000
0.390000, 0.830000, 3.000001, 0.686387, 0.353661, -1.000000, 0.390508, -1.000000, 0.367656, -1.000000, 0.392017, -1.000000
0.390000, 0.839999, 2.990001, 0.689700, 0.353699, -1.000000, 0.390320, -1.000000, 0.367573, -1.000000, 0.392019, -1.000000
0.390000, 0.849999, 2.980001, 0.692937, 0.353737, -1.000000, 0.390132, -1.000000, 0.367491, -1.000000, 0.392020, -1.000000
0.390000, 0.859999, 2.970001, 0.696100, 0.353774, -1.000000, 0.389945, -1.000000, 0.367408, -1.000000, 0.392021, -1.000000
0.390000, 0.869999, 2.960001, 0.699187, 0.353812, -1.000000, 0.389757, -1.000000, 0.367326, -1.000000, 0.392023, -1.000000
0.390000, 0.879999, 2.950001, 0.702200, 0.353850, -1.000000, 0.389569, -1.000000, 0.367244, -1.000000, 0.392024, -1.000000
0.390000, 0.889999, 2.940001, 0.705137, 0.353887, -1.000000, 0.389381, -1.000000, 0.367161, -1.000000, 0.392025, -1.000000
0.390000, 0.899999, 2.930001, 0.708000, 0.353925, -1.000000, 0.389194, -1.000000, 0.367079, -1.000000, 0.392027, -1.000000
0.390000, 0.909999, 2.920001, 0.710787, 0.353962, -1.000000, 0.389006, -1.000000, 0.366997, -1.000000, 0.392028, -1.000000
0.390000, 0.919999, 2.910001, 0.713500, 0.354000, -1.000000, 0.388819, -1.000000, 0.366914, -1.000000, 0.392029, -1.000000
0.390000, 0.929999, 2.900001, 0.716137, 0.354038, -1.000000, 0.388631, -1.000000, 0.366832, -1.000000, 0.392031, -1.000000
0.390000, 0.939999, 2.890001, 0.718700, 0.354075, -1.000000, 0.388444, -1.000000, 0.366749, -1.000000, 0.392032, -1.000000
0.390000, 0.949999, 2.880001, 0.721187, 0.354113, -1.000000, 0.388256, -1.000000, 0.366667, -1.000000, 0.392033, -1.000000
0.390000, 0.959999, 2.870001, 0.723600, 0.354151, -1.000000, 0.388069, -1.000000, 0.366585, -1.000000, 0.392041, -1.000000
0.390000, 0.969999, 2.860001, 0.725937, 0.354188, -1.000000, 0.387881, -1.000000, 0.366503, -1.000000, 0.392253, -1.000000
0.390000, 0.979999, 2.850001, 0.728200, 0.354226, -1.000000, 0.387694, -1.000000, 0.366420, -1.000000, 0.392465, -1.000000
0.390000, 0.989999, 2.840001, 0.730387, 0.354264, -1.000000, 0.387506, -1.000000, 0.366338, -1.000000, 0.392676, -1.000000
0.390000, 0.999999, 2.830001, 0.732500, 0.354301, -1.000000, 0.387319, -1.000000, 0.366256, -1.000000, 0.392888, -1.000000
0.400000, 0.000000, 3.800000, 0.150000, 0.209396, 0.732950, 0.406317, 0.995788, 0.212633, 0.806338, 0.235343, 0.987855
0.400000, 0.010000, 3.790000, 0.159463, 0.211292, -1.000000, 0.406127, -1.000000, 0.214668, -1.000000, 0.237304, -1.000000
0.400000, 0.020000, 3.780000, 0.168850, 0.213502, -1.000000, 0.405937, -1.000000, 0.216716, -1.000000, 0.239276, -1.000000
0.400000, 0.030000, 3.770000, 0.178163, 0.215728, -1.000000, 0.405746, -1.000000, 0.218779, -1.000000, 0.241259, -1.000000
0.400000, 0.040000, 3.760000, 0.187400, 0.217971, -1.000000, 0.405556, -1.000000, 0.220856, -1.000000, 0.243321, -1.000000
0.400000, 0.050000, 3.750000, 0.196563, 0.220231, -1.000000, 0.405366, -1.000000, 0.222947, -1.000000, 0.245661, -1.000000
0.400000, 0.060000, 3.740000, 0.205650, 0.222507, -1.000000, 0.405176, -1.000000, 0.225052, -1.000000, 0.248016, -1.000000
0.400000, 0.070000, 3.730000, 0.214663, 0.224800, -1.000000, 0.404985, -1.000000, 0.227171, -1.000000, 0.250387, -1.000000
0.400000, 0.080000, 3.720000, 0.223600, 0.227110, -1.000000, 0.404795, -1.000000, 0.229304, -1.000000, 0.252772, -1.000000
0.400000, 0.090000, 3.710000, 0.232462, 0.229437, -1.000000, 0.404605, -1.000000, 0.231451, -1.000000, 0.255172, -1.000000
0.400000, 0.100000, 3.700000, 0.241250, 0.231780, -1.000000, 0.404415, -1.000000, 0.233612, -1.000000, 0.257587, -1.000000
0.400000, 0.110000, 3.690000, 0.249963, 0.234140, -1.000000, 0.404225, -1.000000, 0.235787, -1.000000, 0.260017, -1.000000
0.400000, 0.120000, 3.680000, 0.258600, 0.236517, -1.000000, 0.404035, -1.000000, 0.238072, -1.000000, 0.262462, -1.000000
0.400000, 0.130000, 3.670000, 0.267163, 0.238910, -1.000000, 0.403845, -1.000000, 0.240375, -1.000000, 0.264922, -1.000000
0.400000, 0.140000, 3.660000, 0.275650, 0.241320, -1.000000, 0.403655, -1.000000, 0.242693, -1.000000, 0.267396, -1.000000
0.400000, 0.150000, 3.650000, 0.284063, 0.243746, -1.000000, 0.403465, -1.000000, 0.245026, -1.000000, 0.269885, -1.000000
0.400000, 0.160000, 3.640000, 0.292400, 0.246189, -1.000000, 0.403275, -1.000000, 0.247374, -1.000000, 0.272389, -1.000000
0.400000, 0.170000, 3.630000, 0.300663, 0.248648, -1.000000, 0.403085, -1.000000, 0.249737, -1.000000, 0.274907, -1.000000
0.400000, 0.180000, 3.620000, 0.308850, 0.251124, -1.000000, 0.402895, -1.000000, 0.252115, -1.000000, 0.277439, -1.000000
0.400000, 0.190000, 3.610000, 0.316963, 0.253616, -1.000000, 0.402705, -1.000000, 0.254508, -1.000000, 0.279986, -1.000000
0.400000, 0.200000, 3.600000, 0.325000, 0.256124, -1.000000, 0.402515, -1.000000, 0.256916, -1.000000, 0.282547, -1.000000
0.400000, 0.210000, 3.590000, 0.332963, 0.258649, -1.000000, 0.402325, -1.000000, 0.259339, -1.000000, 0.285122, -1.000000
0.400000, 0.220000, 3.580000, 0.340850, 0.261189, -1.000000, 0.402136, -1.000000, 0.261776, -1.000000, 0.287711, -1.000000
0.400000, 0.230000, 3.570000, 0.348663, 0.263746, -1.000000, 0.401946, -1.000000, 0.264229, -1.000000, 0.290314, -1.000000
0.400000, 0.240000, 3.560000, 0.356400, 0.266319, -1.000000, 0.401756, -1.000000, 0.266696, -1.000000, 0.292931, -1.000000
0.400000, 0.250000, 3.550000, 0.364063, 0.268907, -1.000000, 0.401566, -1.000000, 0.269177, -1.000000, 0.295562, -1.000000
0.400000, 0.260000, 3.540000, 0.371650, 0.271512, -1.000000, 0.401377, -1.000000, 0.271674, -1.000000, 0.298206, -1.000000
0.400000, 0.270000, 3.530000, 0.379163, 0.274132, -1.000000, 0.401187, -1.000000, 0.274184, -1.000000, 0.300864, -1.000000
0.400000, 0.280000, 3.520000, 0.386600, 0.276768, -1.000000, 0.400998, -1.000000, 0.276709, -1.000000, 0.303536, -1.000000
0.400000, 0.290000, 3.510000, 0.393963, 0.279419, -1.000000, 0.400808, -1.000000, 0.279249, -1.000000, 0.306220, -1.000000
0.400000, 0.300000, 3.500000, 0.401250, 0.282086, -1.000000, 0.400618, -1.000000, 0.281802, -1.000000, 0.308918, -1.000000
0.400000, 0.310000, 3.490000, 0.408463, 0.284768, -1.000000, 0.400429, -1.000000, 0.284370, -1.000000, 0.311629, -1.000000
0.400000, 0.320000, 3.480000, 0.415600, 0.287466, -1.000000, 0.400239, -1.000000, 0.286952, -1.000000, 0.314353, -1.000000
0.400000, 0.330000, 3.470000, 0.422662, 0.290179, -1.000000, 0.400050, -1.000000, 0.289547, -1.000000, 0.317090, -1.000000
0.400000, 0.340000, 3.460000, 0.429650, 0.292907, -1.000000, 0.399861, -1.000000, 0.292157, -1.000000, 0.319840, -1.000000
0.400000, 0.350000, 3.450000, 0.436563, 0.295650, -1.000000, 0.399671, -1.000000, 0.294780, -1.000000, 0.322602, -1.000000
0.400000, 0.360000, 3.440000, 0.443400, 0.298407, -1.000000, 0.399482, -1.000000, 0.297417, -1.000000, 0.325377, -1.000000
0.400000, 0.370000, 3.430000, 0.450163, 0.301180, -1.000000, 0.399293, -1.000000, 0.300068, -1.000000, 0.328164, -1.000000
0.400000, 0.380000, 3.420000, 0.456850, 0.303967, -1.000000, 0.399103, -1.000000, 0.302732, -1.000000, 0.330963, -1.000000
0.400000, 0.390000, 3.410000, 0.463463, 0.306768, -1.000000, 0.398914, -1.000000, 0.305409, -1.000000, 0.333774, -1.000000
0.400000, 0.400000, 3.400000, 0.470000, 0.309584, -1.000000, 0.398725, -1.000000, 0.308100, -1.000000, 0.336597, -1.000000
0.400000, 0.410000, 3.390000, 0.476462, 0.312414, -1.000000, 0.398535, -1.000000, 0.310803, -1.000000, 0.339431, -1.000000
0.400000, 0.420000, 3.380000, 0.482850, 0.315258, -1.000000, 0.398346, -1.000000, 0.313520, -1.000000, 0.342277, -1.000000
0.400000, 0.430000, 3.370000, 0.489162, 0.318116, -1.000000, 0.398157, -1.000000, 0.316249, -1.000000, 0.345135, -1.000000
0.400000, 0.440000, 3.360000, 0.495400, 0.320988, -1.000000, 0.397968, -1.000000, 0.318991, -1.000000, 0.348004, -1.000000
0.400000, 0.450000, 3.350000, 0.501562, 0.323874, -1.000000, 0.397779, -1.000000, 0.321746, -1.000000, 0.350884, -1.000000
0.400000, 0.460000, 3.340000, 0.507650, 0.326772, -1.000000, 0.397590, -1.000000, 0.324513, -1.000000, 0.353775, -1.000000
0.400000, 0.470000, 3.330000, 0.513662, 0.329685, -1.000000, 0.397401, -1.000000, 0.327308, -1.000000, 0.356676, -1.000000
0.400000, 0.480000, 3.320000, 0.519600, 0.332610, -1.000000, 0.397212, -1.000000, 0.330144, -1.000000, 0.359588, -1.000000
0.400000, 0.490000, 3.310000, 0.525462, 0.335548, -1.000000, 0.397023, -1.000000, 0.332992, -1.000000, 0.362511, -1.000000
0.400000, 0.500000, 3.300000, 0.531250, 0.338199, -1.000000, 0.396834, -1.000000, 0.335853, -1.000000, 0.365443, -1.000000
0.400000, 0.510000, 3.290000, 0.536962, 0.340237, -1.000000, 0.396645, -1.000000, 0.338726, -1.000000, 0.368386, -1.000000
0.400000, 0.520000, 3.280000, 0.542600, 0.342281, -1.000000, 0.396456, -1.000000, 0.341611, -1.000000, 0.371339, -1.000000
0.400000, 0.530000, 3.270000, 0.548162, 0.344331, -1.000000, 0.396267, -1.000000, 0.344507, -1.000000, 0.374301, -1.000000
0.400000, 0.540000, 3.260000, 0.553650, 0.346386, -1.000000, 0.396079, -1.000000, 0.347415, -1.000000, 0.377272, -1.000000
0.400000, 0.550000, 3.250000, 0.559062, 0.348448, -1.000000, 0.395890, -1.000000, 0.350335, -1.000000, 0.380253, -1.000000
0.400000, 0.560000, 3.240000, 0.564400, 0.350515, -1.000000, 0.395701, -1.000000, 0.353266, -1.000000, 0.383243, -1.000000
0.400000, 0.570000, 3.230000, 0.569662, 0.352587, -1.000000, 0.395512, -1.000000, 0.356207, -1.000000, 0.386242, -1.000000
0.400000, 0.580000, 3.220001, 0.574850, 0.352702, -1.000000, 0.395324, -1.000000, 0.359160, -1.000000, 0.389249, -1.000000
0.400000, 0.590000, 3.210001, 0.579962, 0.352740, -1.000000, 0.395135, -1.000000, 0.362124, -1.000000, 0.392042, -1.000000
0.400000, 0.600000, 3.200001, 0.585000, 0.352777, -1.000000, 0.394946, -1.000000, 0.365098, -1.000000, 0.392044, -1.000000
0.400000, 0.610000, 3.190001, 0.589962, 0.352815, -1.000000, 0.394758, -1.000000, 0.368082, -1.000000, 0.392045, -1.000000
0.400000, 0.620000, 3.180001, 0.594850, 0.352852, -1.000000, 0.394569, -1.000000, 0.370028, -1.000000, 0.392046, -1.000000
0.400000, 0.630000, 3.170001, 0.599662, 0.352890, -1.000000, 0.394381, -1.000000, 0.369967, -1.000000, 0.392048, -1.000000
0.400000, 0.640000, 3.160001, 0.604400, 0.352928, -1.000000, 0.394192, -1.000000, 0.369832, -1.000000, 0.392049, -1.000000
0.400000, 0.650000, 3.150001, 0.609062, 0.352965, -1.000000, 0.394004, -1.000000, 0.369698, -1.000000, 0.392050, -1.000000
0.400000, 0.660000, 3.140001, 0.613650, 0.353003, -1.000000, 0.393815, -1.000000, 0.369563, -1.000000, 0.392052, -1.000000
0.400000, 0.670000, 3.130001, 0.618162, 0.353041, -1.000000, 0.393627, -1.000000, 0.369429, -1.000000, 0.392053, -1.000000
0.400000, 0.680000, 3.120001, 0.622600, 0.353078, -1.000000, 0.393438, -1.000000, 0.369294, -1.000000, 0.392054, -1.000000
0.400000, 0.690000, 3.110001, 0.626962, 0.353116, -1.000000, 0.393250, -1.000000, 0.369160, -1.000000, 0.392056, -1.000000
0.400000, 0.700000, 3.100001, 0.631250, 0.353153, -1.000000, 0.393062, -1.000000, 0.369025, -1.000000, 0.392057, -1.000000
0.400000, 0.710000, 3.090001, 0.635462, 0.353191, -1.000000, 0.392874, -1.000000, 0.368891, -1.000000, 0.392058, -1.000000
0.400000, 0.720000, 3.080001, 0.639600, 0.353229, -1.000000, 0.392685, -1.000000, 0.368757, -1.000000, 0.392060, -1.000000
0.400000, 0.730000, 3.070001, 0.643662, 0.353266, -1.000000, 0.392497, -1.000000, 0.368622, -1.000000, 0.392061, -1.000000
0.400000, 0.740000, 3.060001, 0.647650, 0.353304, -1.000000, 0.392309, -1.000000, 0.368488, -1.000000, 0.392062, -1.000000
0.400000, 0.750000, 3.050001, 0.651562, 0.353341, -1.000000, 0.392121, -1.000000, 0.368354, -1.000000, 0.392064, -1.000000
0.400000, 0.760000, 3.040001, 0.655400, 0.353379, -1.000000, 0.391933, -1.000000, 0.368219, -1.000000, 0.392065, -1.000000
0.400000, 0.770000, 3.030001, 0.659162, 0.353417, -1.000000, 0.391745, -1.000000, 0.368104, -1.000000, 0.392066, -1.000000
0.400000, 0.780000, 3.020001, 0.662850, 0.353454, -1.000000, 0.391556, -1.000000, 0.368022, -1.000000, 0.392068, -1.000000
0.400000, 0.790000, 3.010001, 0.666462, 0.353492, -1.000000, 0.391368, -1.000000, 0.367939, -1.000000, 0.392069, -1.000000
0.400000, 0.800000, 3.000001, 0.670000, 0.353530, -1.000000, 0.391180, -1.000000, 0.367857, -1.000000, 0.392070, -1.000000
0.400000, 0.810000, 2.990001, 0.673462, 0.353567, -1.000000, 0.390992, -1.000000, 0.367774, -1.000000, 0.392072, -1.000000
0.400000, 0.820000, 2.980001, 0.676850, 0.353605, -1.000000, 0.390805, -1.000000, 0.367692, -1.000000, 0.392073, -1.000000
0.400000, 0.830000, 2.970001, 0.680162, 0.353642, -1.000000, 0.390617, -1.000000, 0.367609, -1.000000, 0.392074, -1.000000
0.400000, 0.839999, 2.960001, 0.683400, 0.353680, -1.000000, 0.390429, -1.000000, 0.367527, -1.000000, 0.392076, -1.000000
0.400000, 0.849999, 2.950001, 0.686562, 0.353718, -1.000000, 0.390241, -1.000000, 0.367445, -1.000000, 0.392077, -1.000000
0.400000, 0.859999, 2.940001, 0.689650, 0.353755, -1.000000, 0.390053, -1.000000, 0.367362, -1.000000, 0.392078, -1.000000
0.400000, 0.869999, 2.930001, 0.692662, 0.353793, -1.000000, 0.389865, -1.000000, 0.367280, -1.000000, 0.392080, -1.000000
0.400000, 0.879999, 2.920001, 0.695600, 0.353831, -1.000000, 0.389678, -1.000000, 0.367197, -1.000000, 0.392081, -1.000000
0.400000, 0.889999, 2.910001, 0.698462, 0.353868, -1.000000, 0.389490, -1.000000, 0.367115, -1.000000, 0.392082, -1.000000
0.400000, 0.899999, 2.900001, 0.701250, 0.353906, -1.000000, 0.389302, -1.000000, 0.367033, -1.000000, 0.392084, -1.000000
0.400000, 0.909999, 2.890001, 0.703962, 0.353944, -1.000000, 0.389115, -1.000000, 0.366950, -1.000000, 0.392085, -1.000000
0.400000, 0.919999, 2.880001, 0.706600, 0.353981, -1.000000, 0.388927, -1.000000, 0.366868, -1.000000, 0.392086, -1.000000
0.400000, 0.929999, 2.870001, 0.709162, 0.354019, -1.000000, 0.388740, -1.000000, 0.366786, -1.000000, 0.392088, -1.000000
0.400000, 0.939999, 2.860001, 0.711650, 0.354057, -1.000000, 0.388552, -1.000000, 0.366703, -1.000000, 0.392089, -1.000000
0.400000, 0.949999, 2.850001, 0.714062, 0.354094, -1.000000, 0.388364, -1.000000, 0.366621, -1.000000, 0.392090, -1.000000
0.400000, 0.959999, 2.840001, 0.716400, 0.354132, -1.000000, 0.388177, -1.000000, 0.366539, -1.000000, 0.392092, -1.000000
0.400000, 0.969999, 2.830001, 0.718662, 0.354170, -1.000000, 0.387990, -1.000000, 0.366456, -1.000000, 0.392223, -1.000000
0.400000, 0.979999, 2.820001, 0.720850, 0.354207, -1.000000, 0.387802, -1.000000, 0.366374, -1.000000, 0.392435, -1.000000
0.400000, 0.989999, 2.810001, 0.722962, 0.354245, -1.000000, 0.387615, -1.000000, 0.366292, -1.000000, 0.392646, -1.000000
0.400000, 0.999999, 2.800001, 0.725000, 0.354283, -1.000000, 0.387428, -1.000000, 0.366209, -1.000000, 0.392858, -1.000000
0.410000, 0.000000, 3.770000, 0.150000, 0.209216, 0.732949, 0.406427, 0.995802, 0.212370, 0.806338, 0.234896, 0.988048
0.410000, 0.010000, 3.760000, 0.159387, 0.211133, -1.000000, 0.406237, -1.000000, 0.214402, -1.000000, 0.236854, -1.000000
0.410000, 0.020000, 3.750000, 0.168700, 0.213341, -1.000000, 0.406047, -1.000000, 0.216449, -1.000000, 0.238824, -1.000000
0.410000, 0.030000, 3.740000, 0.177938, 0.215566, -1.000000, 0.405856, -1.000000, 0.218510, -1.000000, 0.240805, -1.000000
0.410000, 0.040000, 3.730000, 0.187100, 0.217808, -1.000000, 0.405666, -1.000000, 0.220585, -1.000000, 0.243005, -1.000000
0.410000, 0.050000, 3.720000, 0.196188, 0.220066, -1.000000, 0.405476, -1.000000, 0.222674, -1.000000, 0.245342, -1.000000
0.410000, 0.060000, 3.710000, 0.205200, 0.222342, -1.000000, 0.405286, -1.000000, 0.224777, -1.000000, 0.247696, -1.000000
0.410000, 0.070000, 3.700000, 0.214138, 0.224634, -1.000000, 0.405095, -1.000000, 0.226894, -1.000000, 0.250064, -1.000000
0.410000, 0.080000, 3.690000, 0.223000, 0.226942, -1.000000, 0.404905, -1.000000, 0.229026, -1.000000, 0.252447, -1.000000
0.410000, 0.090000, 3.680000, 0.231788, 0.229268, -1.000000, 0.404715, -1.000000, 0.231171, -1.000000, 0.254845, -1.000000
0.410000, 0.100000, 3.670000, 0.240500, 0.231610, -1.000000, 0.404525, -1.000000, 0.233409, -1.000000, 0.257258, -1.000000
0.410000, 0.110000, 3.660000, 0.249138, 0.233969, -1.000000, 0.404335, -1.000000, 0.235681, -1.000000, 0.259686, -1.000000
0.410000, 0.120000, 3.650000, 0.257700, 0.236344, -1.000000, 0.404145, -1.000000, 0.237968, -1.000000, 0.262129, -1.000000
0.410000, 0.130000, 3.640000, 0.266188, 0.238736, -1.000000, 0.403955, -1.000000, 0.240269, -1.000000, 0.264587, -1.000000
0.410000, 0.140000, 3.630000, 0.274600, 0.241145, -1.000000, 0.403764, -1.000000, 0.242587, -1.000000, 0.267059, -1.000000
0.410000, 0.150000, 3.620000, 0.282938, 0.243570, -1.000000, 0.403575, -1.000000, 0.244919, -1.000000, 0.269546, -1.000000
0.410000, 0.160000, 3.610000, 0.291200, 0.246012, -1.000000, 0.403385, -1.000000, 0.247266, -1.000000, 0.272048, -1.000000
0.410000, 0.170000, 3.600000, 0.299388, 0.248470, -1.000000, 0.403195, -1.000000, 0.249629, -1.000000, 0.274564, -1.000000
0.410000, 0.180000, 3.590000, 0.307500, 0.250944, -1.000000, 0.403005, -1.000000, 0.252006, -1.000000, 0.277094, -1.000000
0.410000, 0.190000, 3.580000, 0.315538, 0.253435, -1.000000, 0.402815, -1.000000, 0.254398, -1.000000, 0.279639, -1.000000
0.410000, 0.200000, 3.570000, 0.323500, 0.255942, -1.000000, 0.402625, -1.000000, 0.256806, -1.000000, 0.282198, -1.000000
0.410000, 0.210000, 3.560000, 0.331388, 0.258465, -1.000000, 0.402435, -1.000000, 0.259228, -1.000000, 0.284771, -1.000000
0.410000, 0.220000, 3.550000, 0.339200, 0.261005, -1.000000, 0.402245, -1.000000, 0.261665, -1.000000, 0.287359, -1.000000
0.410000, 0.230000, 3.540000, 0.346938, 0.263560, -1.000000, 0.402056, -1.000000, 0.264116, -1.000000, 0.289960, -1.000000
0.410000, 0.240000, 3.530000, 0.354600, 0.266132, -1.000000, 0.401866, -1.000000, 0.266583, -1.000000, 0.292575, -1.000000
0.410000, 0.250000, 3.520000, 0.362188, 0.268719, -1.000000, 0.401676, -1.000000, 0.269064, -1.000000, 0.295204, -1.000000
0.410000, 0.260000, 3.510000, 0.369700, 0.271322, -1.000000, 0.401486, -1.000000, 0.271559, -1.000000, 0.297846, -1.000000
0.410000, 0.270000, 3.500000, 0.377138, 0.273942, -1.000000, 0.401297, -1.000000, 0.274069, -1.000000, 0.300502, -1.000000
0.410000, 0.280000, 3.490000, 0.384500, 0.276576, -1.000000, 0.401107, -1.000000, 0.276594, -1.000000, 0.303172, -1.000000
0.410000, 0.290000, 3.480000, 0.391788, 0.279227, -1.000000, 0.400918, -1.000000, 0.279132, -1.000000, 0.305855, -1.000000
0.410000, 0.300000, 3.470000, 0.399000, 0.281892, -1.000000, 0.400728, -1.000000, 0.281685, -1.000000, 0.308551, -1.000000
0.410000, 0.310000, 3.460000, 0.406138, 0.284574, -1.000000, 0.400539, -1.000000, 0.284252, -1.000000, 0.311260, -1.000000
0.410000, 0.320000, 3.450000, 0.413200, 0.287270, -1.000000, 0.400349, -1.000000, 0.286833, -1.000000, 0.313983, -1.000000
0.410000, 0.330000, 3.440000, 0.420188, 0.289982, -1.000000, 0.400160, -1.000000, 0.289429, -1.000000, 0.316718, -1.000000
0.410000, 0.340000, 3.430000, 0.427100, 0.292709, -1.000000, 0.399970, -1.000000, 0.292038, -1.000000, 0.319466, -1.000000
0.410000, 0.350000, 3.420000, 0.433938, 0.295451, -1.000000, 0.399781, -1.000000, 0.294660, -1.000000, 0.322226, -1.000000
0.410000, 0.360000, 3.410000, 0.440700, 0.298207, -1.000000, 0.399591, -1.000000, 0.297297, -1.000000, 0.324999, -1.000000
0.410000, 0.370000, 3.400000, 0.447387, 0.300979, -1.000000, 0.399402, -1.000000, 0.299946, -1.000000, 0.327784, -1.000000
0.410000, 0.380000, 3.390000, 0.454000, 0.303765, -1.000000, 0.399213, -1.000000, 0.302610, -1.000000, 0.330582, -1.000000
0.410000, 0.390000, 3.380000, 0.460537, 0.306565, -1.000000, 0.399023, -1.000000, 0.305287, -1.000000, 0.333391, -1.000000
0.410000, 0.400000, 3.370000, 0.467000, 0.309380, -1.000000, 0.398834, -1.000000, 0.307977, -1.000000, 0.336213, -1.000000
0.410000, 0.410000, 3.360000, 0.473387, 0.312209, -1.000000, 0.398645, -1.000000, 0.310680, -1.000000, 0.339046, -1.000000
0.410000, 0.420000, 3.350000, 0.479700, 0.315052, -1.000000, 0.398456, -1.000000, 0.313396, -1.000000, 0.341890, -1.000000
0.410000, 0.430000, 3.340000, 0.485937, 0.317909, -1.000000, 0.398267, -1.000000, 0.316124, -1.000000, 0.344746, -1.000000
0.410000, 0.440000, 3.330000, 0.492100, 0.320780, -1.000000, 0.398077, -1.000000, 0.318866, -1.000000, 0.347614, -1.000000
0.410000, 0.450000, 3.320000, 0.498187, 0.323664, -1.000000, 0.397888, -1.000000, 0.321620, -1.000000, 0.350492, -1.000000
0.410000, 0.460000, 3.310000, 0.504200, 0.326562, -1.000000, 0.397699, -1.000000, 0.324387, -1.000000, 0.353381, -1.000000
0.410000, 0.470000, 3.300000, 0.510137, 0.329473, -1.000000, 0.397510, -1.000000, 0.327166, -1.000000, 0.356281, -1.000000
0.410000, 0.480000, 3.290000, 0.516000, 0.332398, -1.000000, 0.397321, -1.000000, 0.329957, -1.000000, 0.359192, -1.000000
0.410000, 0.490000, 3.280000, 0.521787, 0.335335, -1.000000, 0.397132, -1.000000, 0.332804, -1.000000, 0.362113, -1.000000
0.410000, 0.500000, 3.270000, 0.527500, 0.337898, -1.000000, 0.396943, -1.000000, 0.335664, -1.000000, 0.365045, -1.000000
0.410000, 0.510000, 3.260000, 0.533137, 0.339936, -1.000000, 0.396754, -1.000000, 0.338536, -1.000000, 0.367986, -1.000000
0.410000, 0.520000, 3.250000, 0.538700, 0.341979, -1.000000, 0.396565, -1.000000, 0.341420, -1.000000, 0.370937, -1.000000
0.410000, 0.530000, 3.240000, 0.544187, 0.344028, -1.000000, 0.396377, -1.000000, 0.344315, -1.000000, 0.373898, -1.000000
0.410000, 0.540000, 3.230000, 0.549600, 0.346082, -1.000000, 0.396188, -1.000000, 0.347223, -1.000000, 0.376868, -1.000000
0.410000, 0.550000, 3.220001, 0.554937, 0.348143, -1.000000, 0.395999, -1.000000, 0.350141, -1.000000, 0.379848, -1.000000
0.410000, 0.560000, 3.210001, 0.560200, 0.350209, -1.000000, 0.395810, -1.000000, 0.353071, -1.000000, 0.382837, -1.000000
0.410000, 0.570000, 3.200001, 0.565387, 0.352281, -1.000000, 0.395621, -1.000000, 0.356013, -1.000000, 0.385834, -1.000000
0.410000, 0.580000, 3.190001, 0.570500, 0.352683, -1.000000, 0.395433, -1.000000, 0.358965, -1.000000, 0.388840, -1.000000
0.410000, 0.590000, 3.180001, 0.575537, 0.352721, -1.000000, 0.395244, -1.000000, 0.361927, -1.000000, 0.391855, -1.000000
0.410000, 0.600000, 3.170001, 0.580500, 0.352758, -1.000000, 0.395055, -1.000000, 0.364901, -1.000000, 0.392101, -1.000000
0.410000, 0.610000, 3.160001, 0.585387, 0.352796, -1.000000, 0.394867, -1.000000, 0.367884, -1.000000, 0.392102, -1.000000
0.410000, 0.620000, 3.150001, 0.590200, 0.352834, -1.000000, 0.394678, -1.000000, 0.369889, -1.000000, 0.392103, -1.000000
0.410000, 0.630000, 3.140001, 0.594937, 0.352871, -1.000000, 0.394490, -1.000000, 0.369900, -1.000000, 0.392105, -1.000000
0.410000, 0.640000, 3.130001, 0.599600, 0.352909, -1.000000, 0.394301, -1.000000, 0.369765, -1.000000, 0.392106, -1.000000
0.410000, 0.650000, 3.120001, 0.604187, 0.352946, -1.000000, 0.394113, -1.000000, 0.369631, -1.000000, 0.392107, -1.000000
0.410000, 0.660000, 3.110001, 0.608700, 0.352984, -1.000000, 0.393924, -1.000000, 0.369496, -1.000000, 0.392109, -1.000000
0.410000, 0.670000, 3.100001, 0.613137, 0.353022, -1.000000, 0.393736, -1.000000, 0.369362, -1.000000, 0.392110, -1.000000
0.410000, 0.680000, 3.090001, 0.617500, 0.353059, -1.000000, 0.393547, -1.000000, 0.369227, -1.000000, 0.392111, -1.000000
0.410000, 0.690000, 3.080001, 0.621787, 0.353097, -1.000000, 0.393359, -1.000000, 0.369093, -1.000000, 0.392113, -1.000000
0.410000, 0.700000, 3.070001, 0.626000, 0.353134, -1.000000, 0.393171, -1.000000, 0.368959, -1.000000, 0.392114, -1.000000
0.410000, 0.710000, 3.060001, 0.630137, 0.353172, -1.000000, 0.392982, -1.000000, 0.368824, -1.000000, 0.392115, -1.000000
0.410000, 0.720000, 3.050001, 0.634200, 0.353210, -1.000000, 0.392794, -1.000000, 0.368690, -1.000000, 0.392117, -1.000000
0.410000, 0.730000, 3.040001, 0.638187, 0.353247, -1.000000, 0.392606, -1.000000, 0.368556, -1.000000, 0.392118, -1.000000
0.410000, 0.740000, 3.030001, 0.642100, 0.353285, -1.000000, 0.392418, -1.000000, 0.368421, -1.000000, 0.392119, -1.000000
0.410000, 0.750000, 3.020001, 0.645937, 0.353323, -1.000000, 0.392230, -1.000000, 0.368287, -1.000000, 0.392121, -1.000000
0.410000, 0.760000, 3.010001, 0.649700, 0.353360, -1.000000, 0.392041, -1.000000, 0.368153, -1.000000, 0.392122, -1.000000
0.410000, 0.770000, 3.000001, 0.653387, 0.353398, -1.000000, 0.391853, -1.000000, 0.368058, -1.000000, 0.392124, -1.000000
0.410000, 0.780000, 2.990001, 0.657000, 0.353436, -1.000000, 0.391665, -1.000000, 0.367975, -1.000000, 0.392125, -1.000000
0.410000, 0.790000, 2.980001, 0.660537, 0.353473, -1.000000, 0.391477, -1.000000, 0.367893, -1.000000, 0.392126, -1.000000
0.410000, 0.800000, 2.970001, 0.664000, 0.353511, -1.000000, 0.391289, -1.000000, 0.367810, -1.000000, 0.392128, -1.000000
0.410000, 0.810000, 2.960001, 0.667387, 0.353548, -1.000000, 0.391101, -1.000000, 0.367728, -1.000000, 0.392129, -1.000000
0.410000, 0.820000, 2.950001, 0.670700, 0.353586, -1.000000, 0.390913, -1.000000, 0.367646, -1.000000, 0.392130, -1.000000
0.410000, 0.830000, 2.940001, 0.673937, 0.353624, -1.000000, 0.390725, -1.000000, 0.367563, -1.000000, 0.392132, -1.000000
0.410000, 0.839999, 2.930001, 0.677100, 0.353661, -1.000000, 0.390537, -1.000000, 0.367481, -1.000000, 0.392133, -1.000000
0.410000, 0.849999, 2.920001, 0.680187, 0.353699, -1.000000, 0.390350, -1.000000, 0.367398, -1.000000, 0.392134, -1.000000
0.410000, 0.859999, 2.910001, 0.683200, 0.353737, -1.000000, 0.390162, -1.000000, 0.367316, -1.000000, 0.392136, -1.000000
0.410000, 0.869999, 2.900001, 0.686137, 0.353774, -1.000000, 0.389974, -1.000000, 0.367234, -1.000000, 0.392137, -1.000000
0.410000, 0.879999, 2.890001, 0.689000, 0.353812, -1.000000, 0.389786, -1.000000, 0.367151, -1.000000, 0.392138, -1.000000
0.410000, 0.889999, 2.880001, 0.691787, 0.353850, -1.000000, 0.389599, -1.000000, 0.367069, -1.000000, 0.392140, -1.000000
0.410000, 0.899999, 2.870001, 0.694500, 0.353887, -1.000000, 0.389411, -1.000000, 0.366986, -1.000000, 0.392141, -1.000000
0.410000, 0.909999, 2.860001, 0.697137, 0.353925, -1.000000, 0.389223, -1.000000, 0.366904, -1.000000, 0.392142, -1.000000
0.410000, 0.919999, 2.850001, 0.699700, 0.353962, -1.000000, 0.389036, -1.000000, 0.366822, -1.000000, 0.392144, -1.000000
0.410000, 0.929999, 2.840001, 0.702187, 0.354000, -1.000000, 0.388848, -1.000000, 0.366739, -1.000000, 0.392145, -1.000000
0.410000, 0.939999, 2.830001, 0.704600, 0.354038, -1.000000, 0.388660, -1.000000, 0.366657, -1.000000, 0.392146, -1.000000
0.410000, 0.949999, 2.820001, 0.706937, 0.354075, -1.000000, 0.388473, -1.000000, 0.366575, -1.000000, 0.392148, -1.000000
0.410000, 0.959999, 2.810001, 0.709200, 0.354113, -1.000000, 0.388285, -1.000000, 0.366492, -1.000000, 0.392149, -1.000000
0.410000, 0.969999, 2.800001, 0.711387, 0.354151, -1.000000, 0.388098, -1.000000, 0.366410, -1.000000, 0.392194, -1.000000
0.410000, 0.979999, 2.790001, 0.713500, 0.354188, -1.000000, 0.387911, -1.000000, 0.366328, -1.000000, 0.392405, -1.000000
0.410000, 0.989999, 2.780001, 0.715537, 0.354226, -1.000000, 0.387723, -1.000000, 0.366246, -1.000000, 0.392617, -1.000000
0.410000, 0.999999, 2.770001, 0.717500, 0.354264, -1.000000, 0.387536, -1.000000, 0.366163, -1.000000, 0.392829, -1.000000
0.420000, 0.000000, 3.740000, 0.150000, 0.209043, 0.732948, 0.406538, 0.995816, 0.212106, 0.806337, 0.234450, 0.988238
0.420000, 0.010000, 3.730000, 0.159313, 0.210974, -1.000000, 0.406347, -1.000000, 0.214137, -1.000000, 0.236406, -1.000000
0.420000, 0.020000, 3.720000, 0.168550, 0.213181, -1.000000, 0.406157, -1.000000, 0.216182, -1.000000, 0.238373, -1.000000
0.420000, 0.030000, 3.710000, 0.177713, 0.215405, -1.000000, 0.405966, -1.000000, 0.218241, -1.000000, 0.240367, -1.000000
0.420000, 0.040000, 3.700000, 0.186800, 0.217645, -1.000000, 0.405776, -1.000000, 0.220314, -1.000000, 0.242688, -1.000000
0.420000, 0.050000, 3.690000, 0.195813, 0.219902, -1.000000, 0.405586, -1.000000, 0.222402, -1.000000, 0.245024, -1.000000
0.420000, 0.060000, 3.680000, 0.204750, 0.222176, -1.000000, 0.405396, -1.000000, 0.224503, -1.000000, 0.247375, -1.000000
0.420000, 0.070000, 3.670000, 0.213613, 0.224467, -1.000000, 0.405205, -1.000000, 0.226618, -1.000000, 0.249741, -1.000000
0.420000, 0.080000, 3.660000, 0.222400, 0.226775, -1.000000, 0.405015, -1.000000, 0.228810, -1.000000, 0.252122, -1.000000
0.420000, 0.090000, 3.650000, 0.231113, 0.229099, -1.000000, 0.404825, -1.000000, 0.231051, -1.000000, 0.254519, -1.000000
0.420000, 0.100000, 3.640000, 0.239750, 0.231440, -1.000000, 0.404635, -1.000000, 0.233306, -1.000000, 0.256930, -1.000000
0.420000, 0.110000, 3.630000, 0.248313, 0.233798, -1.000000, 0.404445, -1.000000, 0.235577, -1.000000, 0.259356, -1.000000
0.420000, 0.120000, 3.620000, 0.256800, 0.236172, -1.000000, 0.404255, -1.000000, 0.237863, -1.000000, 0.261797, -1.000000
0.420000, 0.130000, 3.610000, 0.265213, 0.238563, -1.000000, 0.404064, -1.000000, 0.240164, -1.000000, 0.264252, -1.000000
0.420000, 0.140000, 3.600000, 0.273550, 0.240970, -1.000000, 0.403874, -1.000000, 0.242481, -1.000000, 0.266723, -1.000000
0.420000, 0.150000, 3.590000, 0.281813, 0.243394, -1.000000, 0.403684, -1.000000, 0.244812, -1.000000, 0.269208, -1.000000
0.420000, 0.160000, 3.580000, 0.290000, 0.245834, -1.000000, 0.403494, -1.000000, 0.247159, -1.000000, 0.271707, -1.000000
0.420000, 0.170000, 3.570000, 0.298113, 0.248291, -1.000000, 0.403304, -1.000000, 0.249520, -1.000000, 0.274221, -1.000000
0.420000, 0.180000, 3.560000, 0.306150, 0.250765, -1.000000, 0.403114, -1.000000, 0.251897, -1.000000, 0.276750, -1.000000
0.420000, 0.190000, 3.550000, 0.314113, 0.253254, -1.000000, 0.402925, -1.000000, 0.254289, -1.000000, 0.279293, -1.000000
0.420000, 0.200000, 3.540000, 0.322000, 0.255760, -1.000000, 0.402735, -1.000000, 0.256696, -1.000000, 0.281850, -1.000000
0.420000, 0.210000, 3.530000, 0.329813, 0.258282, -1.000000, 0.402545, -1.000000, 0.259117, -1.000000, 0.284421, -1.000000
0.420000, 0.220000, 3.520000, 0.337550, 0.260820, -1.000000, 0.402355, -1.000000, 0.261553, -1.000000, 0.287006, -1.000000
0.420000, 0.230000, 3.510000, 0.345213, 0.263375, -1.000000, 0.402165, -1.000000, 0.264004, -1.000000, 0.289606, -1.000000
0.420000, 0.240000, 3.500000, 0.352800, 0.265945, -1.000000, 0.401976, -1.000000, 0.266470, -1.000000, 0.292219, -1.000000
0.420000, 0.250000, 3.490000, 0.360313, 0.268531, -1.000000, 0.401786, -1.000000, 0.268950, -1.000000, 0.294846, -1.000000
0.420000, 0.260000, 3.480000, 0.367750, 0.271133, -1.000000, 0.401596, -1.000000, 0.271445, -1.000000, 0.297487, -1.000000
0.420000, 0.270000, 3.470000, 0.375113, 0.273751, -1.000000, 0.401407, -1.000000, 0.273955, -1.000000, 0.300141, -1.000000
0.420000, 0.280000, 3.460000, 0.382400, 0.276385, -1.000000, 0.401217, -1.000000, 0.276478, -1.000000, 0.302809, -1.000000
0.420000, 0.290000, 3.450000, 0.389613, 0.279034, -1.000000, 0.401027, -1.000000, 0.279016, -1.000000, 0.305490, -1.000000
0.420000, 0.300000, 3.440000, 0.396750, 0.281699, -1.000000, 0.400838, -1.000000, 0.281569, -1.000000, 0.308184, -1.000000
0.420000, 0.310000, 3.430000, 0.403813, 0.284379, -1.000000, 0.400648, -1.000000, 0.284135, -1.000000, 0.310892, -1.000000
0.420000, 0.320000, 3.420000, 0.410800, 0.287075, -1.000000, 0.400459, -1.000000, 0.286715, -1.000000, 0.313612, -1.000000
0.420000, 0.330000, 3.410000, 0.417713, 0.289785, -1.000000, 0.400269, -1.000000, 0.289310, -1.000000, 0.316346, -1.000000
0.420000, 0.340000, 3.400000, 0.424550, 0.292511, -1.000000, 0.400080, -1.000000, 0.291918, -1.000000, 0.319092, -1.000000
0.420000, 0.350000, 3.390000, 0.431313, 0.295252, -1.000000, 0.399890, -1.000000, 0.294540, -1.000000, 0.321851, -1.000000
0.420000, 0.360000, 3.380000, 0.438000, 0.298007, -1.000000, 0.399701, -1.000000, 0.297176, -1.000000, 0.324622, -1.000000
0.420000, 0.370000, 3.370000, 0.444613, 0.300777, -1.000000, 0.399512, -1.000000, 0.299825, -1.000000, 0.327405, -1.000000
0.420000, 0.380000, 3.360000, 0.451150, 0.303562, -1.000000, 0.399322, -1.000000, 0.302488, -1.000000, 0.330201, -1.000000
0.420000, 0.390000, 3.350000, 0.457613, 0.306362, -1.000000, 0.399133, -1.000000, 0.305164, -1.000000, 0.333009, -1.000000
0.420000, 0.400000, 3.340000, 0.464000, 0.309176, -1.000000, 0.398944, -1.000000, 0.307854, -1.000000, 0.335829, -1.000000
0.420000, 0.410000, 3.330000, 0.470312, 0.312004, -1.000000, 0.398754, -1.000000, 0.310556, -1.000000, 0.338660, -1.000000
0.420000, 0.420000, 3.320000, 0.476550, 0.314846, -1.000000, 0.398565, -1.000000, 0.313271, -1.000000, 0.341503, -1.000000
0.420000, 0.430000, 3.310000, 0.482712, 0.317702, -1.000000, 0.398376, -1.000000, 0.316000, -1.000000, 0.344358, -1.000000
0.420000, 0.440000, 3.300000, 0.488800, 0.320572, -1.000000, 0.398187, -1.000000, 0.318741, -1.000000, 0.347224, -1.000000
0.420000, 0.450000, 3.290000, 0.494812, 0.323455, -1.000000, 0.397998, -1.000000, 0.321494, -1.000000, 0.350101, -1.000000
0.420000, 0.460000, 3.280000, 0.500750, 0.326352, -1.000000, 0.397809, -1.000000, 0.324260, -1.000000, 0.352988, -1.000000
0.420000, 0.470000, 3.270000, 0.506612, 0.329262, -1.000000, 0.397620, -1.000000, 0.327039, -1.000000, 0.355887, -1.000000
0.420000, 0.480000, 3.260000, 0.512400, 0.332185, -1.000000, 0.397430, -1.000000, 0.329829, -1.000000, 0.358796, -1.000000
0.420000, 0.490000, 3.250000, 0.518112, 0.335122, -1.000000, 0.397241, -1.000000, 0.332632, -1.000000, 0.361716, -1.000000
0.420000, 0.500000, 3.240000, 0.523750, 0.337598, -1.000000, 0.397053, -1.000000, 0.335474, -1.000000, 0.364646, -1.000000
0.420000, 0.510000, 3.230000, 0.529312, 0.339634, -1.000000, 0.396864, -1.000000, 0.338345, -1.000000, 0.367586, -1.000000
0.420000, 0.520000, 3.220001, 0.534800, 0.341677, -1.000000, 0.396675, -1.000000, 0.341229, -1.000000, 0.370536, -1.000000
0.420000, 0.530000, 3.210001, 0.540212, 0.343725, -1.000000, 0.396486, -1.000000, 0.344123, -1.000000, 0.373495, -1.000000
0.420000, 0.540000, 3.200001, 0.545550, 0.345779, -1.000000, 0.396297, -1.000000, 0.347030, -1.000000, 0.376464, -1.000000
0.420000, 0.550000, 3.190001, 0.550812, 0.347838, -1.000000, 0.396108, -1.000000, 0.349948, -1.000000, 0.379443, -1.000000
0.420000, 0.560000, 3.180001, 0.556000, 0.349904, -1.000000, 0.395919, -1.000000, 0.352877, -1.000000, 0.382430, -1.000000
0.420000, 0.570000, 3.170001, 0.561112, 0.351975, -1.000000, 0.395731, -1.000000, 0.355818, -1.000000, 0.385427, -1.000000
0.420000, 0.580000, 3.160001, 0.566150, 0.352664, -1.000000, 0.395542, -1.000000, 0.358769, -1.000000, 0.388432, -1.000000
0.420000, 0.590000, 3.150001, 0.571112, 0.352702, -1.000000, 0.395353, -1.000000, 0.361731, -1.000000, 0.391445, -1.000000
0.420000, 0.600000, 3.140001, 0.576000, 0.352740, -1.000000, 0.395164, -1.000000, 0.364704, -1.000000, 0.392158, -1.000000
0.420000, 0.610000, 3.130001, 0.580812, 0.352777, -1.000000, 0.394976, -1.000000, 0.367687, -1.000000, 0.392159, -1.000000
0.420000, 0.620000, 3.120001, 0.585550, 0.352815, -1.000000, 0.394787, -1.000000, 0.369751, -1.000000, 0.392161, -1.000000
0.420000, 0.630000, 3.110001, 0.590212, 0.352852, -1.000000, 0.394599, -1.000000, 0.369781, -1.000000, 0.392162, -1.000000
0.420000, 0.640000, 3.100001, 0.594800, 0.352890, -1.000000, 0.394410, -1.000000, 0.369698, -1.000000, 0.392163, -1.000000
0.420000, 0.650000, 3.090001, 0.599312, 0.352928, -1.000000, 0.394222, -1.000000, 0.369564, -1.000000, 0.392165, -1.000000
0.420000, 0.660000, 3.080001, 0.603750, 0.352965, -1.000000, 0.394033, -1.000000, 0.369429, -1.000000, 0.392166, -1.000000
0.420000, 0.670000, 3.070001, 0.608112, 0.353003, -1.000000, 0.393845, -1.000000, 0.369295, -1.000000, 0.392167, -1.000000
0.420000, 0.680000, 3.060001, 0.612400, 0.353040, -1.000000, 0.393656, -1.000000, 0.369161, -1.000000, 0.392169, -1.000000
0.420000, 0.690000, 3.050001, 0.616612, 0.353078, -1.000000, 0.393468, -1.000000, 0.369026, -1.000000, 0.392170, -1.000000
0.420000, 0.700000, 3.040001, 0.620750, 0.353116, -1.000000, 0.393280, -1.000000, 0.368892, -1.000000, 0.392171, -1.000000
0.420000, 0.710000, 3.030001, 0.624812, 0.353153, -1.000000, 0.393091, -1.000000, 0.368758, -1.000000, 0.392173, -1.000000
0.420000, 0.720000, 3.020001, 0.628800, 0.353191, -1.000000, 0.392903, -1.000000, 0.368623, -1.000000, 0.392174, -1.000000
0.420000, 0.730000, 3.010001, 0.632712, 0.353229, -1.000000, 0.392715, -1.000000, 0.368489, -1.000000, 0.392175, -1.000000
0.420000, 0.740000, 3.000001, 0.636550, 0.353266, -1.000000, 0.392527, -1.000000, 0.368355, -1.000000, 0.392177, -1.000000
0.420000, 0.750000, 2.990001, 0.640312, 0.353304, -1.000000, 0.392338, -1.000000, 0.368220, -1.000000, 0.392178, -1.000000
0.420000, 0.760000, 2.980001, 0.644000, 0.353341, -1.000000, 0.392150, -1.000000, 0.368094, -1.000000, 0.392179, -1.000000
0.420000, 0.770000, 2.970001, 0.647612, 0.353379, -1.000000, 0.391962, -1.000000, 0.368011, -1.000000, 0.392181, -1.000000
0.420000, 0.780000, 2.960001, 0.651150, 0.353417, -1.000000, 0.391774, -1.000000, 0.367929, -1.000000, 0.392182, -1.000000
0.420000, 0.790000, 2.950001, 0.654612, 0.353454, -1.000000, 0.391586, -1.000000, 0.367847, -1.000000, 0.392183, -1.000000
0.420000, 0.800000, 2.940001, 0.658000, 0.353492, -1.000000, 0.391398, -1.000000, 0.367764, -1.000000, 0.392185, -1.000000
0.420000, 0.810000, 2.930001, 0.661312, 0.353530, -1.000000, 0.391210, -1.000000, 0.367682, -1.000000, 0.392186, -1.000000
0.420000, 0.820000, 2.920001, 0.664550, 0.353567, -1.000000, 0.391022, -1.000000, 0.367599, -1.000000, 0.392187, -1.000000
0.420000, 0.830000, 2.910001, 0.667712, 0.353605, -1.000000, 0.390834, -1.000000, 0.367517, -1.000000, 0.392189, -1.000000
0.420000, 0.839999, 2.900001, 0.670800, 0.353642, -1.000000, 0.390646, -1.000000, 0.367435, -1.000000, 0.392190, -1.000000
0.420000, 0.849999, 2.890001, 0.673812, 0.353680, -1.000000, 0.390458, -1.000000, 0.367352, -1.000000, 0.392191, -1.000000
0.420000, 0.859999, 2.880001, 0.676750, 0.353718, -1.000000, 0.390270, -1.000000, 0.367270, -1.000000, 0.392193, -1.000000
0.420000, 0.869999, 2.870001, 0.679612, 0.353755, -1.000000, 0.390083, -1.000000, 0.367187, -1.000000, 0.392194, -1.000000
0.420000, 0.879999, 2.860001, 0.682400, 0.353793, -1.000000, 0.389895, -1.000000, 0.367105, -1.000000, 0.392195, -1.000000
0.420000, 0.889999, 2.850001, 0.685112, 0.353831, -1.000000, 0.389707, -1.000000, 0.367023, -1.000000, 0.392197, -1.000000
0.420000, 0.899999, 2.840001, 0.687750, 0.353868, -1.000000, 0.389519, -1.000000, 0.366940, -1.000000, 0.392198, -1.000000
0.420000, 0.909999, 2.830001, 0.690313, 0.353906, -1.000000, 0.389332, -1.000000, 0.366858, -1.000000, 0.392199, -1.000000
0.420000, 0.919999, 2.820001, 0.692800, 0.353944, -1.000000, 0.389144, -1.000000, 0.366776, -1.000000, 0.392201, -1.000000
0.420000, 0.929999, 2.810001, 0.695212, 0.353981, -1.000000, 0.388957, -1.000000, 0.366693, -1.000000, 0.392202, -1.000000
0.420000, 0.939999, 2.800001, 0.697550, 0.354019, -1.000000, 0.388769, -1.000000, 0.366611, -1.000000, 0.392203, -1.000000
0.420000, 0.949999, 2.790001, 0.699812, 0.354057, -1.000000, 0.388581, -1.000000, 0.366529, -1.000000, 0.392205, -1.000000
0.420000, 0.959999, 2.780001, 0.702000, 0.354094, -1.000000, 0.388394, -1.000000, 0.366446, -1.000000, 0.392206, -1.000000
0.420000, 0.969999, 2.770001, 0.704112, 0.354132, -1.000000, 0.388206, -1.000000, 0.366364, -1.000000, 0.392208, -1.000000
0.420000, 0.979999, 2.760001, 0.706150, 0.354170, -1.000000, 0.388019, -1.000000, 0.366282, -1.000000, 0.392376, -1.000000
0.420000, 0.989999, 2.750001, 0.708112, 0.354207, -1.000000, 0.387832, -1.000000, 0.366199, -1.000000, 0.392587, -1.000000
0.420000, 0.999999, 2.740001, 0.710000, 0.354245, -1.000000, 0.387644, -1.000000, 0.366117, -1.000000, 0.392799, -1.000000
0.430000, 0.000000, 3.710000, 0.150000, 0.208870, 0.732946, 0.406648, 0.995830, 0.211843, 0.806337, 0.234004, 0.988425
0.430000, 0.010000, 3.700000, 0.159238, 0.210815, -1.000000, 0.406457, -1.000000, 0.213872, -1.000000, 0.235958, -1.000000
0.430000, 0.020000, 3.690000, 0.168400, 0.213021, -1.000000, 0.406267, -1.000000, 0.215915, -1.000000, 0.237922, -1.000000
0.430000, 0.030000, 3.680000, 0.177488, 0.215243, -1.000000, 0.406076, -1.000000, 0.217973, -1.000000, 0.240053, -1.000000
0.430000, 0.040000, 3.670000, 0.186500, 0.217482, -1.000000, 0.405886, -1.000000, 0.220044, -1.000000, 0.242372, -1.000000
0.430000, 0.050000, 3.660000, 0.195438, 0.219738, -1.000000, 0.405696, -1.000000, 0.222129, -1.000000, 0.244706, -1.000000
0.430000, 0.060000, 3.650000, 0.204300, 0.222011, -1.000000, 0.405506, -1.000000, 0.224276, -1.000000, 0.247055, -1.000000
0.430000, 0.070000, 3.640000, 0.213088, 0.224301, -1.000000, 0.405315, -1.000000, 0.226484, -1.000000, 0.249419, -1.000000
0.430000, 0.080000, 3.630000, 0.221800, 0.226607, -1.000000, 0.405125, -1.000000, 0.228709, -1.000000, 0.251798, -1.000000
0.430000, 0.090000, 3.620000, 0.230438, 0.228930, -1.000000, 0.404935, -1.000000, 0.230948, -1.000000, 0.254192, -1.000000
0.430000, 0.100000, 3.610000, 0.239000, 0.231270, -1.000000, 0.404745, -1.000000, 0.233203, -1.000000, 0.256601, -1.000000
0.430000, 0.110000, 3.600000, 0.247488, 0.233626, -1.000000, 0.404555, -1.000000, 0.235473, -1.000000, 0.259025, -1.000000
0.430000, 0.120000, 3.590000, 0.255900, 0.235999, -1.000000, 0.404364, -1.000000, 0.237758, -1.000000, 0.261464, -1.000000
0.430000, 0.130000, 3.580000, 0.264238, 0.238389, -1.000000, 0.404174, -1.000000, 0.240059, -1.000000, 0.263918, -1.000000
0.430000, 0.140000, 3.570000, 0.272500, 0.240795, -1.000000, 0.403984, -1.000000, 0.242375, -1.000000, 0.266386, -1.000000
0.430000, 0.150000, 3.560000, 0.280688, 0.243218, -1.000000, 0.403794, -1.000000, 0.244705, -1.000000, 0.268869, -1.000000
0.430000, 0.160000, 3.550000, 0.288800, 0.245657, -1.000000, 0.403604, -1.000000, 0.247051, -1.000000, 0.271367, -1.000000
0.430000, 0.170000, 3.540000, 0.296838, 0.248113, -1.000000, 0.403414, -1.000000, 0.249412, -1.000000, 0.273879, -1.000000
0.430000, 0.180000, 3.530000, 0.304800, 0.250585, -1.000000, 0.403224, -1.000000, 0.251788, -1.000000, 0.276406, -1.000000
0.430000, 0.190000, 3.520000, 0.312688, 0.253073, -1.000000, 0.403034, -1.000000, 0.254179, -1.000000, 0.278946, -1.000000
0.430000, 0.200000, 3.510000, 0.320500, 0.255578, -1.000000, 0.402845, -1.000000, 0.256585, -1.000000, 0.281502, -1.000000
0.430000, 0.210000, 3.500000, 0.328238, 0.258099, -1.000000, 0.402655, -1.000000, 0.259006, -1.000000, 0.284071, -1.000000
0.430000, 0.220000, 3.490000, 0.335900, 0.260636, -1.000000, 0.402465, -1.000000, 0.261442, -1.000000, 0.286654, -1.000000
0.430000, 0.230000, 3.480000, 0.343488, 0.263189, -1.000000, 0.402275, -1.000000, 0.263892, -1.000000, 0.289252, -1.000000
0.430000, 0.240000, 3.470000, 0.351000, 0.265758, -1.000000, 0.402085, -1.000000, 0.266357, -1.000000, 0.291863, -1.000000
0.430000, 0.250000, 3.460000, 0.358438, 0.268344, -1.000000, 0.401896, -1.000000, 0.268837, -1.000000, 0.294488, -1.000000
0.430000, 0.260000, 3.450000, 0.365800, 0.270945, -1.000000, 0.401706, -1.000000, 0.271331, -1.000000, 0.297127, -1.000000
0.430000, 0.270000, 3.440000, 0.373088, 0.273561, -1.000000, 0.401516, -1.000000, 0.273840, -1.000000, 0.299780, -1.000000
0.430000, 0.280000, 3.430000, 0.380300, 0.276194, -1.000000, 0.401327, -1.000000, 0.276363, -1.000000, 0.302446, -1.000000
0.430000, 0.290000, 3.420000, 0.387438, 0.278842, -1.000000, 0.401137, -1.000000, 0.278900, -1.000000, 0.305125, -1.000000
0.430000, 0.300000, 3.410000, 0.394500, 0.281505, -1.000000, 0.400947, -1.000000, 0.281452, -1.000000, 0.307818, -1.000000
0.430000, 0.310000, 3.400000, 0.401488, 0.284184, -1.000000, 0.400758, -1.000000, 0.284018, -1.000000, 0.310523, -1.000000
0.430000, 0.320000, 3.390000, 0.408400, 0.286879, -1.000000, 0.400568, -1.000000, 0.286597, -1.000000, 0.313242, -1.000000
0.430000, 0.330000, 3.380000, 0.415238, 0.289588, -1.000000, 0.400379, -1.000000, 0.289191, -1.000000, 0.315974, -1.000000
0.430000, 0.340000, 3.370000, 0.422000, 0.292313, -1.000000, 0.400189, -1.000000, 0.291799, -1.000000, 0.318718, -1.000000
0.430000, 0.350000, 3.360000, 0.428688, 0.295053, -1.000000, 0.400000, -1.000000, 0.294420, -1.000000, 0.321475, -1.000000
0.430000, 0.360000, 3.350000, 0.435300, 0.297807, -1.000000, 0.399810, -1.000000, 0.297056, -1.000000, 0.324245, -1.000000
0.430000, 0.370000, 3.340000, 0.441837, 0.300576, -1.000000, 0.399621, -1.000000, 0.299704, -1.000000, 0.327027, -1.000000
0.430000, 0.380000, 3.330000, 0.448300, 0.303360, -1.000000, 0.399432, -1.000000, 0.302366, -1.000000, 0.329821, -1.000000
0.430000, 0.390000, 3.320000, 0.454688, 0.306159, -1.000000, 0.399242, -1.000000, 0.305042, -1.000000, 0.332627, -1.000000
0.430000, 0.400000, 3.310000, 0.461000, 0.308971, -1.000000, 0.399053, -1.000000, 0.307731, -1.000000, 0.335445, -1.000000
0.430000, 0.410000, 3.300000, 0.467238, 0.311798, -1.000000, 0.398864, -1.000000, 0.310432, -1.000000, 0.338275, -1.000000
0.430000, 0.420000, 3.290000, 0.473400, 0.314639, -1.000000, 0.398675, -1.000000, 0.313147, -1.000000, 0.341117, -1.000000
0.430000, 0.430000, 3.280000, 0.479487, 0.317494, -1.000000, 0.398485, -1.000000, 0.315875, -1.000000, 0.343969, -1.000000
0.430000, 0.440000, 3.270000, 0.485500, 0.320363, -1.000000, 0.398296, -1.000000, 0.318615, -1.000000, 0.346834, -1.000000
0.430000, 0.450000, 3.260000, 0.491437, 0.323246, -1.000000, 0.398107, -1.000000, 0.321368, -1.000000, 0.349709, -1.000000
0.430000, 0.460000, 3.250000, 0.497300, 0.326142, -1.000000, 0.397918, -1.000000, 0.324134, -1.000000, 0.352596, -1.000000
0.430000, 0.470000, 3.240000, 0.503087, 0.329051, -1.000000, 0.397729, -1.000000, 0.326912, -1.000000, 0.355493, -1.000000
0.430000, 0.480000, 3.230000, 0.508800, 0.331973, -1.000000, 0.397540, -1.000000, 0.329702, -1.000000, 0.358401, -1.000000
0.430000, 0.490000, 3.220001, 0.514437, 0.334909, -1.000000, 0.397351, -1.000000, 0.332504, -1.000000, 0.361319, -1.000000
0.430000, 0.500000, 3.210001, 0.520000, 0.337298, -1.000000, 0.397162, -1.000000, 0.335318, -1.000000, 0.364247, -1.000000
0.430000, 0.510000, 3.200001, 0.525487, 0.339333, -1.000000, 0.396973, -1.000000, 0.338155, -1.000000, 0.367186, -1.000000
0.430000, 0.520000, 3.190001, 0.530900, 0.341375, -1.000000, 0.396784, -1.000000, 0.341038, -1.000000, 0.370135, -1.000000
0.430000, 0.530000, 3.180001, 0.536237, 0.343422, -1.000000, 0.396595, -1.000000, 0.343932, -1.000000, 0.373093, -1.000000
0.430000, 0.540000, 3.170001, 0.541500, 0.345475, -1.000000, 0.396406, -1.000000, 0.346837, -1.000000, 0.376061, -1.000000
0.430000, 0.550000, 3.160001, 0.546687, 0.347534, -1.000000, 0.396217, -1.000000, 0.349755, -1.000000, 0.379038, -1.000000
0.430000, 0.560000, 3.150001, 0.551800, 0.349598, -1.000000, 0.396029, -1.000000, 0.352683, -1.000000, 0.382024, -1.000000
0.430000, 0.570000, 3.140001, 0.556837, 0.351669, -1.000000, 0.395840, -1.000000, 0.355623, -1.000000, 0.385019, -1.000000
0.430000, 0.580000, 3.130001, 0.561800, 0.352646, -1.000000, 0.395651, -1.000000, 0.358574, -1.000000, 0.388023, -1.000000
0.430000, 0.590000, 3.120001, 0.566687, 0.352683, -1.000000, 0.395462, -1.000000, 0.361535, -1.000000, 0.391035, -1.000000
0.430000, 0.600000, 3.110001, 0.571500, 0.352721, -1.000000, 0.395274, -1.000000, 0.364507, -1.000000, 0.392215, -1.000000
0.430000, 0.610000, 3.100001, 0.576237, 0.352758, -1.000000, 0.395085, -1.000000, 0.367489, -1.000000, 0.392216, -1.000000
0.430000, 0.620000, 3.090001, 0.580900, 0.352796, -1.000000, 0.394896, -1.000000, 0.369612, -1.000000, 0.392218, -1.000000
0.430000, 0.630000, 3.080001, 0.585487, 0.352834, -1.000000, 0.394708, -1.000000, 0.369642, -1.000000, 0.392219, -1.000000
0.430000, 0.640000, 3.070001, 0.590000, 0.352871, -1.000000, 0.394519, -1.000000, 0.369632, -1.000000, 0.392220, -1.000000
0.430000, 0.650000, 3.060001, 0.594437, 0.352909, -1.000000, 0.394331, -1.000000, 0.369497, -1.000000, 0.392222, -1.000000
0.430000, 0.660000, 3.050001, 0.598800, 0.352946, -1.000000, 0.394142, -1.000000, 0.369363, -1.000000, 0.392223, -1.000000
0.430000, 0.670000, 3.040001, 0.603087, 0.352984, -1.000000, 0.393954, -1.000000, 0.369228, -1.000000, 0.392224, -1.000000
0.430000, 0.680000, 3.030001, 0.607300, 0.353022, -1.000000, 0.393765, -1.000000, 0.369094, -1.000000, 0.392226, -1.000000
0.430000, 0.690000, 3.020001, 0.611437, 0.353059, -1.000000, 0.393577, -1.000000, 0.368960, -1.000000, 0.392227, -1.000000
0.430000, 0.700000, 3.010001, 0.615500, 0.353097, -1.000000, 0.393389, -1.000000, 0.368825, -1.000000, 0.392228, -1.000000
0.430000, 0.710000, 3.000001, 0.619487, 0.353134, -1.000000, 0.393200, -1.000000, 0.368691, -1.000000, 0.392230, -1.000000
0.430000, 0.720000, 2.990001, 0.623400, 0.353172, -1.000000, 0.393012, -1.000000, 0.368557, -1.000000, 0.392231, -1.000000
0.430000, 0.730000, 2.980001, 0.627237, 0.353210, -1.000000, 0.392824, -1.000000, 0.368422, -1.000000, 0.392233, -1.000000
0.430000, 0.740000, 2.970001, 0.631000, 0.353247, -1.000000, 0.392635, -1.000000, 0.368288, -1.000000, 0.392234, -1.000000
0.430000, 0.750000, 2.960001, 0.634687, 0.353285, -1.000000, 0.392447, -1.000000, 0.368154, -1.000000, 0.392235, -1.000000
0.430000, 0.760000, 2.950001, 0.638300, 0.353323, -1.000000, 0.392259, -1.000000, 0.368048, -1.000000, 0.392237, -1.000000
0.430000, 0.770000, 2.940001, 0.641837, 0.353360, -1.000000, 0.392071, -1.000000, 0.367965, -1.000000, 0.392238, -1.000000
0.430000, 0.780000, 2.930001, 0.645300, 0.353398, -1.000000, 0.391883, -1.000000, 0.367883, -1.000000, 0.392239, -1.000000
0.430000, 0.790000, 2.920001, 0.648687, 0.353435, -1.000000, 0.391695, -1.000000, 0.367800, -1.000000, 0.392241, -1.000000
0.430000, 0.800000, 2.910001, 0.652000, 0.353473, -1.000000, 0.391507, -1.000000, 0.367718, -1.000000, 0.392242, -1.000000
0.430000, 0.810000, 2.900001, 0.655237, 0.353511, -1.000000, 0.391319, -1.000000, 0.367635, -1.000000, 0.392243, -1.000000
0.430000, 0.820000, 2.890001, 0.658400, 0.353548, -1.000000, 0.391131, -1.000000, 0.367553, -1.000000, 0.392245, -1.000000
0.430000, 0.830000, 2.880001, 0.661487, 0.353586, -1.000000, 0.390943, -1.000000, 0.367471, -1.000000, 0.392246, -1.000000
0.430000, 0.839999, 2.870001, 0.664500, 0.353624, -1.000000, 0.390755, -1.000000, 0.367388, -1.000000, 0.392247, -1.000000
0.430000, 0.849999, 2.860001, 0.667437, 0.353661, -1.000000, 0.390567, -1.000000, 0.367306, -1.000000, 0.392249, -1.000000
0.430000, 0.859999, 2.850001, 0.670300, 0.353699, -1.000000, 0.390379, -1.000000, 0.367223, -1.000000, 0.392250, -1.000000
0.430000, 0.869999, 2.840001, 0.673087, 0.353736, -1.000000, 0.390191, -1.000000, 0.367141, -1.000000, 0.392251, -1.000000
0.430000, 0.879999, 2.830001, 0.675800, 0.353774, -1.000000, 0.390003, -1.000000, 0.367059, -1.000000, 0.392253, -1.000000
0.430000, 0.889999, 2.820001, 0.678437, 0.353812, -1.000000, 0.389816, -1.000000, 0.366976, -1.000000, 0.392254, -1.000000
0.430000, 0.899999, 2.810001, 0.681000, 0.353849, -1.000000, 0.389628, -1.000000, 0.366894, -1.000000, 0.392255, -1.000000
0.430000, 0.909999, 2.800001, 0.683487, 0.353887, -1.000000, 0.389440, -1.000000, 0.366812, -1.000000, 0.392257, -1.000000
0.430000, 0.919999, 2.790001, 0.685900, 0.353925, -1.000000, 0.389253, -1.000000, 0.366729, -1.000000, 0.392258, -1.000000
0.430000, 0.929999, 2.780001, 0.688237, 0.353962, -1.000000, 0.389065, -1.000000, 0.366647, -1.000000, 0.392259, -1.000000
0.430000, 0.939999, 2.770001, 0.690500, 0.354000, -1.000000, 0.388877, -1.000000, 0.366565, -1.000000, 0.392261, -1.000000
0.430000, 0.949999, 2.760001, 0.692688, 0.354038, -1.000000, 0.388690, -1.000000, 0.366482, -1.000000, 0.392262, -1.000000
0.430000, 0.959999, 2.750001, 0.694800, 0.354075, -1.000000, 0.388502, -1.000000, 0.366400, -1.000000, 0.392263, -1.000000
0.430000, 0.969999, 2.740001, 0.696837, 0.354113, -1.000000, 0.388315, -1.000000, 0.366318, -1.000000, 0.392265, -1.000000
0.430000, 0.979999, 2.730001, 0.698800, 0.354151, -1.000000, 0.388127, -1.000000, 0.366236, -1.000000, 0.392346, -1.000000
0.430000, 0.989999, 2.720001, 0.700688, 0.354188, -1.000000, 0.387940, -1.000000, 0.366153, -1.000000, 0.392558, -1.000000
0.430000, 0.999999, 2.710001, 0.702500, 0.354226, -1.000000, 0.387753, -1.000000, 0.366071, -1.000000, 0.392769, -1.000000
0.440000, 0.000000, 3.680000, 0.150000, 0.208698, 0.732945, 0.406758, 0.995844, 0.211580, 0.806337, 0.233560, 0.988610
0.440000, 0.010000, 3.670000, 0.159163, 0.210656, -1.000000, 0.406567, -1.000000, 0.213607, -1.000000, 0.235510, -1.000000
0.440000, 0.020000, 3.660000, 0.168250, 0.212860, -1.000000, 0.406377, -1.000000, 0.215649, -1.000000, 0.237472, -1.000000
0.440000, 0.030000, 3.650000, 0.177263, 0.215082, -1.000000, 0.406187, -1.000000, 0.217704, -1.000000, 0.239740, -1.000000
0.440000, 0.040000, 3.640000, 0.186200, 0.217320, -1.000000, 0.405996, -1.000000, 0.219805, -1.000000, 0.242056, -1.000000
0.440000, 0.050000, 3.630000, 0.195063, 0.219575, -1.000000, 0.405806, -1.000000, 0.221982, -1.000000, 0.244388, -1.000000
0.440000, 0.060000, 3.620000, 0.203850, 0.221846, -1.000000, 0.405616, -1.000000, 0.224175, -1.000000, 0.246735, -1.000000
0.440000, 0.070000, 3.610000, 0.212563, 0.224135, -1.000000, 0.405425, -1.000000, 0.226383, -1.000000, 0.249097, -1.000000
0.440000, 0.080000, 3.600000, 0.221200, 0.226440, -1.000000, 0.405235, -1.000000, 0.228607, -1.000000, 0.251474, -1.000000
0.440000, 0.090000, 3.590000, 0.229763, 0.228761, -1.000000, 0.405045, -1.000000, 0.230846, -1.000000, 0.253866, -1.000000
0.440000, 0.100000, 3.580000, 0.238250, 0.231100, -1.000000, 0.404855, -1.000000, 0.233100, -1.000000, 0.256273, -1.000000
0.440000, 0.110000, 3.570000, 0.246662, 0.233455, -1.000000, 0.404665, -1.000000, 0.235369, -1.000000, 0.258695, -1.000000
0.440000, 0.120000, 3.560000, 0.255000, 0.235827, -1.000000, 0.404474, -1.000000, 0.237654, -1.000000, 0.261132, -1.000000
0.440000, 0.130000, 3.550000, 0.263263, 0.238215, -1.000000, 0.404284, -1.000000, 0.239954, -1.000000, 0.263584, -1.000000
0.440000, 0.140000, 3.540000, 0.271450, 0.240620, -1.000000, 0.404094, -1.000000, 0.242269, -1.000000, 0.266050, -1.000000
0.440000, 0.150000, 3.530000, 0.279563, 0.243042, -1.000000, 0.403904, -1.000000, 0.244599, -1.000000, 0.268531, -1.000000
0.440000, 0.160000, 3.520000, 0.287600, 0.245480, -1.000000, 0.403714, -1.000000, 0.246944, -1.000000, 0.271027, -1.000000
0.440000, 0.170000, 3.510000, 0.295563, 0.247935, -1.000000, 0.403524, -1.000000, 0.249304, -1.000000, 0.273537, -1.000000
0.440000, 0.180000, 3.500000, 0.303450, 0.250405, -1.000000, 0.403334, -1.000000, 0.251680, -1.000000, 0.276062, -1.000000
0.440000, 0.190000, 3.490000, 0.311263, 0.252893, -1.000000, 0.403144, -1.000000, 0.254070, -1.000000, 0.278601, -1.000000
0.440000, 0.200000, 3.480000, 0.319000, 0.255396, -1.000000, 0.402954, -1.000000, 0.256475, -1.000000, 0.281154, -1.000000
0.440000, 0.210000, 3.470000, 0.326663, 0.257916, -1.000000, 0.402764, -1.000000, 0.258895, -1.000000, 0.283721, -1.000000
0.440000, 0.220000, 3.460000, 0.334250, 0.260452, -1.000000, 0.402575, -1.000000, 0.261330, -1.000000, 0.286303, -1.000000
0.440000, 0.230000, 3.450000, 0.341763, 0.263004, -1.000000, 0.402385, -1.000000, 0.263780, -1.000000, 0.288898, -1.000000
0.440000, 0.240000, 3.440000, 0.349200, 0.265572, -1.000000, 0.402195, -1.000000, 0.266244, -1.000000, 0.291508, -1.000000
0.440000, 0.250000, 3.430000, 0.356563, 0.268156, -1.000000, 0.402005, -1.000000, 0.268723, -1.000000, 0.294131, -1.000000
0.440000, 0.260000, 3.420000, 0.363850, 0.270756, -1.000000, 0.401816, -1.000000, 0.271217, -1.000000, 0.296768, -1.000000
0.440000, 0.270000, 3.410000, 0.371063, 0.273371, -1.000000, 0.401626, -1.000000, 0.273725, -1.000000, 0.299419, -1.000000
0.440000, 0.280000, 3.400000, 0.378200, 0.276003, -1.000000, 0.401436, -1.000000, 0.276247, -1.000000, 0.302083, -1.000000
0.440000, 0.290000, 3.390000, 0.385263, 0.278650, -1.000000, 0.401247, -1.000000, 0.278784, -1.000000, 0.304760, -1.000000
0.440000, 0.300000, 3.380000, 0.392250, 0.281312, -1.000000, 0.401057, -1.000000, 0.281335, -1.000000, 0.307451, -1.000000
0.440000, 0.310000, 3.370000, 0.399163, 0.283990, -1.000000, 0.400867, -1.000000, 0.283900, -1.000000, 0.310155, -1.000000
0.440000, 0.320000, 3.360000, 0.406000, 0.286683, -1.000000, 0.400678, -1.000000, 0.286479, -1.000000, 0.312872, -1.000000
0.440000, 0.330000, 3.350000, 0.412763, 0.289392, -1.000000, 0.400488, -1.000000, 0.289073, -1.000000, 0.315602, -1.000000
0.440000, 0.340000, 3.340000, 0.419450, 0.292115, -1.000000, 0.400299, -1.000000, 0.291680, -1.000000, 0.318345, -1.000000
0.440000, 0.350000, 3.330000, 0.426063, 0.294854, -1.000000, 0.400109, -1.000000, 0.294300, -1.000000, 0.321100, -1.000000
0.440000, 0.360000, 3.320000, 0.432600, 0.297607, -1.000000, 0.399920, -1.000000, 0.296935, -1.000000, 0.323868, -1.000000
0.440000, 0.370000, 3.310000, 0.439063, 0.300375, -1.000000, 0.399731, -1.000000, 0.299583, -1.000000, 0.326648, -1.000000
0.440000, 0.380000, 3.300000, 0.445450, 0.303158, -1.000000, 0.399541, -1.000000, 0.302245, -1.000000, 0.329441, -1.000000
0.440000, 0.390000, 3.290000, 0.451762, 0.305956, -1.000000, 0.399352, -1.000000, 0.304920, -1.000000, 0.332245, -1.000000
0.440000, 0.400000, 3.280000, 0.458000, 0.308767, -1.000000, 0.399163, -1.000000, 0.307608, -1.000000, 0.335062, -1.000000
0.440000, 0.410000, 3.270000, 0.464162, 0.311593, -1.000000, 0.398973, -1.000000, 0.310309, -1.000000, 0.337890, -1.000000
0.440000, 0.420000, 3.260000, 0.470250, 0.314433, -1.000000, 0.398784, -1.000000, 0.313023, -1.000000, 0.340730, -1.000000
0.440000, 0.430000, 3.250000, 0.476262, 0.317287, -1.000000, 0.398595, -1.000000, 0.315750, -1.000000, 0.343581, -1.000000
0.440000, 0.440000, 3.240000, 0.482200, 0.320155, -1.000000, 0.398406, -1.000000, 0.318490, -1.000000, 0.346444, -1.000000
0.440000, 0.450000, 3.230000, 0.488062, 0.323037, -1.000000, 0.398216, -1.000000, 0.321243, -1.000000, 0.349318, -1.000000
0.440000, 0.460000, 3.220001, 0.493850, 0.325932, -1.000000, 0.398027, -1.000000, 0.324008, -1.000000, 0.352203, -1.000000
0.440000, 0.470000, 3.210001, 0.499562, 0.328840, -1.000000, 0.397838, -1.000000, 0.326785, -1.000000, 0.355099, -1.000000
0.440000, 0.480000, 3.200001, 0.505200, 0.331761, -1.000000, 0.397649, -1.000000, 0.329574, -1.000000, 0.358005, -1.000000
0.440000, 0.490000, 3.190001, 0.510762, 0.334696, -1.000000, 0.397460, -1.000000, 0.332376, -1.000000, 0.360922, -1.000000
0.440000, 0.500000, 3.180001, 0.516250, 0.336998, -1.000000, 0.397271, -1.000000, 0.335189, -1.000000, 0.363849, -1.000000
0.440000, 0.510000, 3.170001, 0.521662, 0.339032, -1.000000, 0.397082, -1.000000, 0.338014, -1.000000, 0.366786, -1.000000
0.440000, 0.520000, 3.160001, 0.527000, 0.341073, -1.000000, 0.396893, -1.000000, 0.340851, -1.000000, 0.369734, -1.000000
0.440000, 0.530000, 3.150001, 0.532262, 0.343119, -1.000000, 0.396704, -1.000000, 0.343740, -1.000000, 0.372690, -1.000000
0.440000, 0.540000, 3.140001, 0.537450, 0.345171, -1.000000, 0.396515, -1.000000, 0.346645, -1.000000, 0.375657, -1.000000
0.440000, 0.550000, 3.130001, 0.542562, 0.347229, -1.000000, 0.396327, -1.000000, 0.349562, -1.000000, 0.378633, -1.000000
0.440000, 0.560000, 3.120001, 0.547600, 0.349293, -1.000000, 0.396138, -1.000000, 0.352489, -1.000000, 0.381618, -1.000000
0.440000, 0.570000, 3.110001, 0.552562, 0.351363, -1.000000, 0.395949, -1.000000, 0.355428, -1.000000, 0.384612, -1.000000
0.440000, 0.580000, 3.100001, 0.557450, 0.352627, -1.000000, 0.395760, -1.000000, 0.358378, -1.000000, 0.387615, -1.000000
0.440000, 0.590000, 3.090001, 0.562262, 0.352664, -1.000000, 0.395571, -1.000000, 0.361339, -1.000000, 0.390626, -1.000000
0.440000, 0.600000, 3.080001, 0.567000, 0.352702, -1.000000, 0.395383, -1.000000, 0.364310, -1.000000, 0.392272, -1.000000
0.440000, 0.610000, 3.070001, 0.571662, 0.352740, -1.000000, 0.395194, -1.000000, 0.367292, -1.000000, 0.392274, -1.000000
0.440000, 0.620000, 3.060001, 0.576250, 0.352777, -1.000000, 0.395005, -1.000000, 0.369473, -1.000000, 0.392275, -1.000000
0.440000, 0.630000, 3.050001, 0.580762, 0.352815, -1.000000, 0.394817, -1.000000, 0.369503, -1.000000, 0.392276, -1.000000
0.440000, 0.640000, 3.040001, 0.585200, 0.352852, -1.000000, 0.394628, -1.000000, 0.369533, -1.000000, 0.392278, -1.000000
0.440000, 0.650000, 3.030001, 0.589562, 0.352890, -1.000000, 0.394440, -1.000000, 0.369430, -1.000000, 0.392279, -1.000000
0.440000, 0.660000, 3.020001, 0.593850, 0.352928, -1.000000, 0.394251, -1.000000, 0.369296, -1.000000, 0.392280, -1.000000
0.440000, 0.670000, 3.010001, 0.598062, 0.352965, -1.000000, 0.394063, -1.000000, 0.369162, -1.000000, 0.392282, -1.000000
0.440000, 0.680000, 3.000001, 0.602200, 0.353003, -1.000000, 0.393874, -1.000000, 0.369027, -1.000000, 0.392283, -1.000000
0.440000, 0.690000, 2.990001, 0.606262, 0.353040, -1.000000, 0.393686, -1.000000, 0.368893, -1.000000, 0.392284, -1.000000
0.440000, 0.700000, 2.980001, 0.610250, 0.353078, -1.000000, 0.393497, -1.000000, 0.368758, -1.000000, 0.392286, -1.000000
0.440000, 0.710000, 2.970001, 0.614162, 0.353116, -1.000000, 0.393309, -1.000000, 0.368624, -1.000000, 0.392287, -1.000000
0.440000, 0.720000, 2.960001, 0.618000, 0.353153, -1.000000, 0.393121, -1.000000, 0.368490, -1.000000, 0.392288, -1.000000
0.440000, 0.730000, 2.950001, 0.621762, 0.353191, -1.000000, 0.392933, -1.000000, 0.368356, -1.000000, 0.392290, -1.000000
0.440000, 0.740000, 2.940001, 0.625450, 0.353228, -1.000000, 0.392744, -1.000000, 0.368221, -1.000000, 0.392291, -1.000000
0.440000, 0.750000, 2.930001, 0.629062, 0.353266, -1.000000, 0.392556, -1.000000, 0.368087, -1.000000, 0.392292, -1.000000
0.440000, 0.760000, 2.920001, 0.632600, 0.353304, -1.000000, 0.392368, -1.000000, 0.368001, -1.000000, 0.392294, -1.000000
0.440000, 0.770000, 2.910001, 0.636062, 0.353341, -1.000000, 0.392180, -1.000000, 0.367919, -1.000000, 0.392295, -1.000000
0.440000, 0.780000, 2.900001, 0.639450, 0.353379, -1.000000, 0.391992, -1.000000, 0.367836, -1.000000, 0.392296, -1.000000
0.440000, 0.790000, 2.890001, 0.642762, 0.353417, -1.000000, 0.391803, -1.000000, 0.367754, -1.000000, 0.392298, -1.000000
0.440000, 0.800000, 2.880001, 0.646000, 0.353454, -1.000000, 0.391615, -1.000000, 0.367672, -1.000000, 0.392298, -1.000000
0.440000, 0.810000, 2.870001, 0.649162, 0.353492, -1.000000, 0.391427, -1.000000, 0.367589, -1.000000, 0.392298, -1.000000
0.440000, 0.820000, 2.860001, 0.652250, 0.353529, -1.000000, 0.391239, -1.000000, 0.367507, -1.000000, 0.392298, -1.000000
0.440000, 0.830000, 2.850001, 0.655262, 0.353567, -1.000000, 0.391051, -1.000000, 0.367424, -1.000000, 0.392298, -1.000000
0.440000, 0.839999, 2.840001, 0.658200, 0.353605, -1.000000, 0.390863, -1.000000, 0.367342, -1.000000, 0.392298, -1.000000
0.440000, 0.849999, 2.830001, 0.661062, 0.353642, -1.000000, 0.390676, -1.000000, 0.367260, -1.000000, 0.392298, -1.000000
0.440000, 0.859999, 2.820001, 0.663850, 0.353680, -1.000000, 0.390488, -1.000000, 0.367177, -1.000000, 0.392298, -1.000000
0.440000, 0.869999, 2.810001, 0.666562, 0.353718, -1.000000, 0.390300, -1.000000, 0.367095, -1.000000, 0.392298, -1.000000
0.440000, 0.879999, 2.800001, 0.669200, 0.353755, -1.000000, 0.390112, -1.000000, 0.367013, -1.000000, 0.392298, -1.000000
0.440000, 0.889999, 2.790001, 0.671762, 0.353793, -1.000000, 0.389924, -1.000000, 0.366930, -1.000000, 0.392298, -1.000000
0.440000, 0.899999, 2.780001, 0.674250, 0.353831, -1.000000, 0.389737, -1.000000, 0.366848, -1.000000, 0.392298, -1.000000
0.440000, 0.909999, 2.770001, 0.676662, 0.353868, -1.000000, 0.389549, -1.000000, 0.366765, -1.000000, 0.392298, -1.000000
0.440000, 0.919999, 2.760001, 0.679000, 0.353906, -1.000000, 0.389361, -1.000000, 0.366683, -1.000000, 0.392298, -1.000000
0.440000, 0.929999, 2.750001, 0.681262, 0.353944, -1.000000, 0.389173, -1.000000, 0.366601, -1.000000, 0.392298, -1.000000
0.440000, 0.939999, 2.740001, 0.683450, 0.353981, -1.000000, 0.388986, -1.000000, 0.366519, -1.000000, 0.392298, -1.000000
0.440000, 0.949999, 2.730001, 0.685562, 0.354019, -1.000000, 0.388798, -1.000000, 0.366436, -1.000000, 0.392298, -1.000000
0.440000, 0.959999, 2.720001, 0.687600, 0.354056, -1.000000, 0.388611, -1.000000, 0.366354, -1.000000, 0.392298, -1.000000
0.440000, 0.969999, 2.710001, 0.689562, 0.354094, -1.000000, 0.388423, -1.000000, 0.366272, -1.000000, 0.392298, -1.000000
0.440000, 0.979999, 2.700001, 0.691450, 0.354132, -1.000000, 0.388236, -1.000000, 0.366189, -1.000000, 0.392298, -1.000000
0.440000, 0.989999, 2.690001, 0.693262, 0.354169, -1.000000, 0.388048, -1.000000, 0.366107, -1.000000, 0.392502, -1.000000
0.440000, 0.999999, 2.680001, 0.695000, 0.354207, -1.000000, 0.387861, -1.000000, 0.366025, -1.000000, 0.392712, -1.000000
0.450000, 0.000000, 3.650000, 0.150000, 0.208526, 0.732943, 0.406868, 0.995858, 0.211318, 0.806337, 0.233115, 0.988791
0.450000, 0.010000, 3.640000, 0.159088, 0.210497, -1.000000, 0.406678, -1.000000, 0.213343, -1.000000, 0.235063, -1.000000
0.450000, 0.020000, 3.630000, 0.168100, 0.212700, -1.000000, 0.406487, -1.000000, 0.215399, -1.000000, 0.237127, -1.000000
0.450000, 0.030000, 3.620000, 0.177038, 0.214920, -1.000000, 0.406297, -1.000000, 0.217545, -1.000000, 0.239426, -1.000000
0.450000, 0.040000, 3.610000, 0.185900, 0.217157, -1.000000, 0.406106, -1.000000, 0.219706, -1.000000, 0.241741, -1.000000
0.450000, 0.050000, 3.600000, 0.194688, 0.219411, -1.000000, 0.405916, -1.000000, 0.221883, -1.000000, 0.244071, -1.000000
0.450000, 0.060000, 3.590000, 0.203400, 0.221681, -1.000000, 0.405726, -1.000000, 0.224075, -1.000000, 0.246415, -1.000000
0.450000, 0.070000, 3.580000, 0.212038, 0.223968, -1.000000, 0.405535, -1.000000, 0.226282, -1.000000, 0.248775, -1.000000
0.450000, 0.080000, 3.570000, 0.220600, 0.226272, -1.000000, 0.405345, -1.000000, 0.228505, -1.000000, 0.251150, -1.000000
0.450000, 0.090000, 3.560000, 0.229088, 0.228593, -1.000000, 0.405155, -1.000000, 0.230743, -1.000000, 0.253541, -1.000000
0.450000, 0.100000, 3.550000, 0.237500, 0.230930, -1.000000, 0.404965, -1.000000, 0.232997, -1.000000, 0.255946, -1.000000
0.450000, 0.110000, 3.540000, 0.245838, 0.233284, -1.000000, 0.404774, -1.000000, 0.235265, -1.000000, 0.258366, -1.000000
0.450000, 0.120000, 3.530000, 0.254100, 0.235655, -1.000000, 0.404584, -1.000000, 0.237549, -1.000000, 0.260800, -1.000000
0.450000, 0.130000, 3.520000, 0.262288, 0.238042, -1.000000, 0.404394, -1.000000, 0.239848, -1.000000, 0.263250, -1.000000
0.450000, 0.140000, 3.510000, 0.270400, 0.240446, -1.000000, 0.404204, -1.000000, 0.242163, -1.000000, 0.265714, -1.000000
0.450000, 0.150000, 3.500000, 0.278438, 0.242866, -1.000000, 0.404014, -1.000000, 0.244492, -1.000000, 0.268193, -1.000000
0.450000, 0.160000, 3.490000, 0.286400, 0.245303, -1.000000, 0.403824, -1.000000, 0.246837, -1.000000, 0.270687, -1.000000
0.450000, 0.170000, 3.480000, 0.294288, 0.247756, -1.000000, 0.403634, -1.000000, 0.249196, -1.000000, 0.273195, -1.000000
0.450000, 0.180000, 3.470000, 0.302100, 0.250226, -1.000000, 0.403444, -1.000000, 0.251571, -1.000000, 0.275718, -1.000000
0.450000, 0.190000, 3.460000, 0.309838, 0.252712, -1.000000, 0.403254, -1.000000, 0.253961, -1.000000, 0.278255, -1.000000
0.450000, 0.200000, 3.450000, 0.317500, 0.255214, -1.000000, 0.403064, -1.000000, 0.256365, -1.000000, 0.280806, -1.000000
0.450000, 0.210000, 3.440000, 0.325088, 0.257733, -1.000000, 0.402874, -1.000000, 0.258785, -1.000000, 0.283372, -1.000000
0.450000, 0.220000, 3.430000, 0.332600, 0.260268, -1.000000, 0.402684, -1.000000, 0.261219, -1.000000, 0.285951, -1.000000
0.450000, 0.230000, 3.420000, 0.340038, 0.262819, -1.000000, 0.402495, -1.000000, 0.263668, -1.000000, 0.288545, -1.000000
0.450000, 0.240000, 3.410000, 0.347400, 0.265385, -1.000000, 0.402305, -1.000000, 0.266132, -1.000000, 0.291153, -1.000000
0.450000, 0.250000, 3.400000, 0.354688, 0.267968, -1.000000, 0.402115, -1.000000, 0.268610, -1.000000, 0.293774, -1.000000
0.450000, 0.260000, 3.390000, 0.361900, 0.270567, -1.000000, 0.401925, -1.000000, 0.271103, -1.000000, 0.296409, -1.000000
0.450000, 0.270000, 3.380000, 0.369038, 0.273181, -1.000000, 0.401736, -1.000000, 0.273610, -1.000000, 0.299058, -1.000000
0.450000, 0.280000, 3.370000, 0.376100, 0.275812, -1.000000, 0.401546, -1.000000, 0.276132, -1.000000, 0.301720, -1.000000
0.450000, 0.290000, 3.360000, 0.383088, 0.278457, -1.000000, 0.401356, -1.000000, 0.278668, -1.000000, 0.304396, -1.000000
0.450000, 0.300000, 3.350000, 0.390000, 0.281119, -1.000000, 0.401167, -1.000000, 0.281218, -1.000000, 0.307085, -1.000000
0.450000, 0.310000, 3.340000, 0.396838, 0.283796, -1.000000, 0.400977, -1.000000, 0.283783, -1.000000, 0.309787, -1.000000
0.450000, 0.320000, 3.330000, 0.403600, 0.286488, -1.000000, 0.400787, -1.000000, 0.286362, -1.000000, 0.312502, -1.000000
0.450000, 0.330000, 3.320000, 0.410288, 0.289195, -1.000000, 0.400598, -1.000000, 0.288954, -1.000000, 0.315231, -1.000000
0.450000, 0.340000, 3.310000, 0.416900, 0.291918, -1.000000, 0.400408, -1.000000, 0.291560, -1.000000, 0.317971, -1.000000
0.450000, 0.350000, 3.300000, 0.423438, 0.294655, -1.000000, 0.400219, -1.000000, 0.294181, -1.000000, 0.320725, -1.000000
0.450000, 0.360000, 3.290000, 0.429900, 0.297407, -1.000000, 0.400029, -1.000000, 0.296815, -1.000000, 0.323491, -1.000000
0.450000, 0.370000, 3.280000, 0.436288, 0.300175, -1.000000, 0.399840, -1.000000, 0.299462, -1.000000, 0.326270, -1.000000
0.450000, 0.380000, 3.270000, 0.442600, 0.302956, -1.000000, 0.399651, -1.000000, 0.302123, -1.000000, 0.329059, -1.000000
0.450000, 0.390000, 3.260000, 0.448838, 0.305753, -1.000000, 0.399461, -1.000000, 0.304797, -1.000000, 0.331861, -1.000000
0.450000, 0.400000, 3.250000, 0.455000, 0.308563, -1.000000, 0.399272, -1.000000, 0.307485, -1.000000, 0.334675, -1.000000
0.450000, 0.410000, 3.240000, 0.461087, 0.311388, -1.000000, 0.399083, -1.000000, 0.310185, -1.000000, 0.337500, -1.000000
0.450000, 0.420000, 3.230000, 0.467100, 0.314227, -1.000000, 0.398893, -1.000000, 0.312899, -1.000000, 0.340337, -1.000000
0.450000, 0.430000, 3.220001, 0.473037, 0.317080, -1.000000, 0.398704, -1.000000, 0.315626, -1.000000, 0.343186, -1.000000
0.450000, 0.440000, 3.210001, 0.478900, 0.319947, -1.000000, 0.398515, -1.000000, 0.318365, -1.000000, 0.346046, -1.000000
0.450000, 0.450000, 3.200001, 0.484687, 0.322828, -1.000000, 0.398326, -1.000000, 0.321117, -1.000000, 0.348917, -1.000000
0.450000, 0.460000, 3.190001, 0.490400, 0.325722, -1.000000, 0.398137, -1.000000, 0.323881, -1.000000, 0.351799, -1.000000
0.450000, 0.470000, 3.180001, 0.496037, 0.328629, -1.000000, 0.397948, -1.000000, 0.326658, -1.000000, 0.354692, -1.000000
0.450000, 0.480000, 3.170001, 0.501600, 0.331549, -1.000000, 0.397758, -1.000000, 0.329447, -1.000000, 0.357595, -1.000000
0.450000, 0.490000, 3.160001, 0.507087, 0.334483, -1.000000, 0.397569, -1.000000, 0.332248, -1.000000, 0.360509, -1.000000
0.450000, 0.500000, 3.150001, 0.512500, 0.336698, -1.000000, 0.397380, -1.000000, 0.335061, -1.000000, 0.363434, -1.000000
0.450000, 0.510000, 3.140001, 0.517837, 0.338732, -1.000000, 0.397191, -1.000000, 0.337885, -1.000000, 0.366368, -1.000000
0.450000, 0.520000, 3.130001, 0.523100, 0.340771, -1.000000, 0.397002, -1.000000, 0.340722, -1.000000, 0.369313, -1.000000
0.450000, 0.530000, 3.120001, 0.528287, 0.342817, -1.000000, 0.396814, -1.000000, 0.343569, -1.000000, 0.372267, -1.000000
0.450000, 0.540000, 3.110001, 0.533400, 0.344868, -1.000000, 0.396625, -1.000000, 0.346453, -1.000000, 0.375231, -1.000000
0.450000, 0.550000, 3.100001, 0.538437, 0.346925, -1.000000, 0.396436, -1.000000, 0.349368, -1.000000, 0.378204, -1.000000
0.450000, 0.560000, 3.090001, 0.543400, 0.348988, -1.000000, 0.396247, -1.000000, 0.352295, -1.000000, 0.381187, -1.000000
0.450000, 0.570000, 3.080001, 0.548287, 0.351057, -1.000000, 0.396058, -1.000000, 0.355234, -1.000000, 0.384178, -1.000000
0.450000, 0.580000, 3.070001, 0.553100, 0.352608, -1.000000, 0.395869, -1.000000, 0.358183, -1.000000, 0.387178, -1.000000
0.450000, 0.590000, 3.060001, 0.557837, 0.352646, -1.000000, 0.395681, -1.000000, 0.361143, -1.000000, 0.390187, -1.000000
0.450000, 0.600000, 3.050001, 0.562500, 0.352683, -1.000000, 0.395492, -1.000000, 0.364113, -1.000000, 0.392298, -1.000000
0.450000, 0.610000, 3.040001, 0.567087, 0.352721, -1.000000, 0.395303, -1.000000, 0.367094, -1.000000, 0.392298, -1.000000
0.450000, 0.620000, 3.030001, 0.571600, 0.352758, -1.000000, 0.395115, -1.000000, 0.369334, -1.000000, 0.392298, -1.000000
0.450000, 0.630000, 3.020001, 0.576037, 0.352796, -1.000000, 0.394926, -1.000000, 0.369364, -1.000000, 0.392298, -1.000000
0.450000, 0.640000, 3.010001, 0.580400, 0.352834, -1.000000, 0.394737, -1.000000, 0.369394, -1.000000, 0.392298, -1.000000
0.450000, 0.650000, 3.000001, 0.584687, 0.352871, -1.000000, 0.394549, -1.000000, 0.369364, -1.000000, 0.392298, -1.000000
0.450000, 0.660000, 2.990001, 0.588900, 0.352909, -1.000000, 0.394360, -1.000000, 0.369229, -1.000000, 0.392298, -1.000000
0.450000, 0.670000, 2.980001, 0.593037, 0.352946, -1.000000, 0.394172, -1.000000, 0.369095, -1.000000, 0.392298, -1.000000
0.450000, 0.680000, 2.970001, 0.597100, 0.352984, -1.000000, 0.393983, -1.000000, 0.368960, -1.000000, 0.392298, -1.000000
0.450000, 0.690000, 2.960001, 0.601087, 0.353022, -1.000000, 0.393795, -1.000000, 0.368826, -1.000000, 0.392298, -1.000000
0.450000, 0.700000, 2.950001, 0.605000, 0.353059, -1.000000, 0.393606, -1.000000, 0.368692, -1.000000, 0.392298, -1.000000
0.450000, 0.710000, 2.940001, 0.608837, 0.353097, -1.000000, 0.393418, -1.000000, 0.368557, -1.000000, 0.392298, -1.000000
0.450000, 0.720000, 2.930001, 0.612600, 0.353134, -1.000000, 0.393230, -1.000000, 0.368423, -1.000000, 0.392298, -1.000000
0.450000, 0.730000, 2.920001, 0.616287, 0.353172, -1.000000, 0.393041, -1.000000, 0.368289, -1.000000, 0.392298, -1.000000
0.450000, 0.740000, 2.910001, 0.619900, 0.353210, -1.000000, 0.392853, -1.000000, 0.368155, -1.000000, 0.392298, -1.000000
0.450000, 0.750000, 2.900001, 0.623437, 0.353247, -1.000000, 0.392665, -1.000000, 0.368038, -1.000000, 0.392298, -1.000000
0.450000, 0.760000, 2.890001, 0.626900, 0.353285, -1.000000, 0.392477, -1.000000, 0.367955, -1.000000, 0.392298, -1.000000
0.450000, 0.770000, 2.880001, 0.630287, 0.353322, -1.000000, 0.392288, -1.000000, 0.367873, -1.000000, 0.392298, -1.000000
0.450000, 0.780000, 2.870001, 0.633600, 0.353360, -1.000000, 0.392100, -1.000000, 0.367790, -1.000000, 0.392298, -1.000000
0.450000, 0.790000, 2.860001, 0.636837, 0.353398, -1.000000, 0.391912, -1.000000, 0.367708, -1.000000, 0.392298, -1.000000
0.450000, 0.800000, 2.850001, 0.640000, 0.353435, -1.000000, 0.391724, -1.000000, 0.367625, -1.000000, 0.392298, -1.000000
0.450000, 0.810000, 2.840001, 0.643087, 0.353473, -1.000000, 0.391536, -1.000000, 0.367543, -1.000000, 0.392298, -1.000000
0.450000, 0.820000, 2.830001, 0.646100, 0.353511, -1.000000, 0.391348, -1.000000, 0.367461, -1.000000, 0.392298, -1.000000
0.450000, 0.830000, 2.820001, 0.649037, 0.353548, -1.000000, 0.391160, -1.000000, 0.367378, -1.000000, 0.392298, -1.000000
0.450000, 0.839999, 2.810001, 0.651900, 0.353586, -1.000000, 0.390972, -1.000000, 0.367296, -1.000000, 0.392298, -1.000000
0.450000, 0.849999, 2.800001, 0.654687, 0.353623, -1.000000, 0.390784, -1.000000, 0.367213, -1.000000, 0.392298, -1.000000
0.450000, 0.859999, 2.790001, 0.657400, 0.353661, -1.000000, 0.390596, -1.000000, 0.367131, -1.000000, 0.392298, -1.000000
0.450000, 0.869999, 2.780001, 0.660038, 0.353699, -1.000000, 0.390408, -1.000000, 0.367049, -1.000000, 0.392298, -1.000000
0.450000, 0.879999, 2.770001, 0.662600, 0.353736, -1.000000, 0.390221, -1.000000, 0.366966, -1.000000, 0.392298, -1.000000
0.450000, 0.889999, 2.760001, 0.665087, 0.353774, -1.000000, 0.390033, -1.000000, 0.366884, -1.000000, 0.392298, -1.000000
0.450000, 0.899999, 2.750001, 0.667500, 0.353812, -1.000000, 0.389845, -1.000000, 0.366802, -1.000000, 0.392298, -1.000000
0.450000, 0.909999, 2.740001, 0.669837, 0.353849, -1.000000, 0.389657, -1.000000, 0.366719, -1.000000, 0.392298, -1.000000
0.450000, 0.919999, 2.730001, 0.672100, 0.353887, -1.000000, 0.389470, -1.000000, 0.366637, -1.000000, 0.392298, -1.000000
0.450000, 0.929999, 2.720001, 0.674287, 0.353925, -1.000000, 0.389282, -1.000000, 0.366555, -1.000000, 0.392298, -1.000000
0.450000, 0.939999, 2.710001, 0.676400, 0.353962, -1.000000, 0.389094, -1.000000, 0.366472, -1.000000, 0.392298, -1.000000
0.450000, 0.949999, 2.700001, 0.678437, 0.354000, -1.000000, 0.388907, -1.000000, 0.366390, -1.000000, 0.392298, -1.000000
0.450000, 0.959999, 2.690001, 0.680400, 0.354038, -1.000000, 0.388719, -1.000000, 0.366308, -1.000000, 0.392298, -1.000000
0.450000, 0.969999, 2.680001, 0.682287, 0.354075, -1.000000, 0.388532, -1.000000, 0.366225, -1.000000, 0.392298, -1.000000
0.450000, 0.979999, 2.670001, 0.684100, 0.354113, -1.000000, 0.388344, -1.000000, 0.366143, -1.000000, 0.392298, -1.000000
0.450000, 0.989999, 2.660001, 0.685838, 0.354151, -1.000000, 0.388157, -1.000000, 0.366061, -1.000000, 0.392415, -1.000000
0.450000, 0.999999, 2.650001, 0.687500, 0.354188, -1.000000, 0.387969, -1.000000, 0.365979, -1.000000, 0.392625, -1.000000
0.460000, 0.000000, 3.620000, 0.150000, 0.208354, 0.732942, 0.406978, 0.995871, 0.211057, 0.806337, 0.232669, 0.988969
0.460000, 0.010000, 3.610000, 0.159013, 0.210338, -1.000000, 0.406788, -1.000000, 0.213172, -1.000000, 0.234611, -1.000000
0.460000, 0.020000, 3.600000, 0.167950, 0.212540, -1.000000, 0.406597, -1.000000, 0.215301, -1.000000, 0.236808, -1.000000
0.460000, 0.030000, 3.590000, 0.176813, 0.214759, -1.000000, 0.406407, -1.000000, 0.217447, -1.000000, 0.239104, -1.000000
0.460000, 0.040000, 3.580000, 0.185600, 0.216995, -1.000000, 0.406216, -1.000000, 0.219607, -1.000000, 0.241416, -1.000000
0.460000, 0.050000, 3.570000, 0.194313, 0.219247, -1.000000, 0.406026, -1.000000, 0.221783, -1.000000, 0.243742, -1.000000
0.460000, 0.060000, 3.560000, 0.202950, 0.221516, -1.000000, 0.405836, -1.000000, 0.223975, -1.000000, 0.246084, -1.000000
0.460000, 0.070000, 3.550000, 0.211513, 0.223802, -1.000000, 0.405645, -1.000000, 0.226181, -1.000000, 0.248441, -1.000000
0.460000, 0.080000, 3.540000, 0.220000, 0.226105, -1.000000, 0.405455, -1.000000, 0.228403, -1.000000, 0.250813, -1.000000
0.460000, 0.090000, 3.530000, 0.228413, 0.228424, -1.000000, 0.405265, -1.000000, 0.230641, -1.000000, 0.253199, -1.000000
0.460000, 0.100000, 3.520000, 0.236750, 0.230760, -1.000000, 0.405075, -1.000000, 0.232894, -1.000000, 0.255601, -1.000000
0.460000, 0.110000, 3.510000, 0.245013, 0.233113, -1.000000, 0.404884, -1.000000, 0.235161, -1.000000, 0.258018, -1.000000
0.460000, 0.120000, 3.500000, 0.253200, 0.235482, -1.000000, 0.404694, -1.000000, 0.237445, -1.000000, 0.260450, -1.000000
0.460000, 0.130000, 3.490000, 0.261313, 0.237869, -1.000000, 0.404504, -1.000000, 0.239743, -1.000000, 0.262896, -1.000000
0.460000, 0.140000, 3.480000, 0.269350, 0.240271, -1.000000, 0.404314, -1.000000, 0.242057, -1.000000, 0.265357, -1.000000
0.460000, 0.150000, 3.470000, 0.277313, 0.242690, -1.000000, 0.404124, -1.000000, 0.244386, -1.000000, 0.267833, -1.000000
0.460000, 0.160000, 3.460001, 0.285200, 0.245126, -1.000000, 0.403934, -1.000000, 0.246729, -1.000000, 0.270323, -1.000000
0.460000, 0.170000, 3.450000, 0.293013, 0.247578, -1.000000, 0.403744, -1.000000, 0.249088, -1.000000, 0.272828, -1.000000
0.460000, 0.180000, 3.440000, 0.300750, 0.250047, -1.000000, 0.403554, -1.000000, 0.251462, -1.000000, 0.275348, -1.000000
0.460000, 0.190000, 3.430000, 0.308413, 0.252531, -1.000000, 0.403364, -1.000000, 0.253851, -1.000000, 0.277882, -1.000000
0.460000, 0.200000, 3.420000, 0.316000, 0.255033, -1.000000, 0.403174, -1.000000, 0.256255, -1.000000, 0.280430, -1.000000
0.460000, 0.210000, 3.410000, 0.323513, 0.257550, -1.000000, 0.402984, -1.000000, 0.258674, -1.000000, 0.282992, -1.000000
0.460000, 0.220000, 3.400000, 0.330950, 0.260084, -1.000000, 0.402794, -1.000000, 0.261108, -1.000000, 0.285568, -1.000000
0.460000, 0.230000, 3.390000, 0.338313, 0.262633, -1.000000, 0.402604, -1.000000, 0.263556, -1.000000, 0.288159, -1.000000
0.460000, 0.240000, 3.380000, 0.345600, 0.265199, -1.000000, 0.402415, -1.000000, 0.266019, -1.000000, 0.290763, -1.000000
0.460000, 0.250000, 3.370000, 0.352813, 0.267781, -1.000000, 0.402225, -1.000000, 0.268497, -1.000000, 0.293381, -1.000000
0.460000, 0.260000, 3.360000, 0.359950, 0.270378, -1.000000, 0.402035, -1.000000, 0.270989, -1.000000, 0.296013, -1.000000
0.460000, 0.270000, 3.350000, 0.367013, 0.272992, -1.000000, 0.401845, -1.000000, 0.273496, -1.000000, 0.298659, -1.000000
0.460000, 0.280000, 3.340000, 0.374000, 0.275621, -1.000000, 0.401656, -1.000000, 0.276017, -1.000000, 0.301318, -1.000000
0.460000, 0.290000, 3.330000, 0.380913, 0.278265, -1.000000, 0.401466, -1.000000, 0.278552, -1.000000, 0.303990, -1.000000
0.460000, 0.300000, 3.320000, 0.387750, 0.280926, -1.000000, 0.401276, -1.000000, 0.281102, -1.000000, 0.306676, -1.000000
0.460000, 0.310000, 3.310000, 0.394513, 0.283601, -1.000000, 0.401087, -1.000000, 0.283666, -1.000000, 0.309375, -1.000000
0.460000, 0.320000, 3.300000, 0.401200, 0.286292, -1.000000, 0.400897, -1.000000, 0.286244, -1.000000, 0.312087, -1.000000
0.460000, 0.330000, 3.290000, 0.407813, 0.288999, -1.000000, 0.400708, -1.000000, 0.288835, -1.000000, 0.314812, -1.000000
0.460000, 0.340000, 3.280000, 0.414350, 0.291720, -1.000000, 0.400518, -1.000000, 0.291441, -1.000000, 0.317550, -1.000000
0.460000, 0.350000, 3.270000, 0.420813, 0.294456, -1.000000, 0.400328, -1.000000, 0.294061, -1.000000, 0.320300, -1.000000
0.460000, 0.360000, 3.260000, 0.427200, 0.297208, -1.000000, 0.400139, -1.000000, 0.296694, -1.000000, 0.323063, -1.000000
0.460000, 0.370000, 3.250000, 0.433513, 0.299974, -1.000000, 0.399950, -1.000000, 0.299341, -1.000000, 0.325839, -1.000000
0.460000, 0.380000, 3.240000, 0.439750, 0.302754, -1.000000, 0.399760, -1.000000, 0.302001, -1.000000, 0.328627, -1.000000
0.460000, 0.390000, 3.230000, 0.445913, 0.305550, -1.000000, 0.399571, -1.000000, 0.304675, -1.000000, 0.331426, -1.000000
0.460000, 0.400000, 3.220001, 0.452000, 0.308359, -1.000000, 0.399381, -1.000000, 0.307362, -1.000000, 0.334238, -1.000000
0.460000, 0.410000, 3.210001, 0.458012, 0.311183, -1.000000, 0.399192, -1.000000, 0.310062, -1.000000, 0.337062, -1.000000
0.460000, 0.420000, 3.200001, 0.463950, 0.314021, -1.000000, 0.399003, -1.000000, 0.312775, -1.000000, 0.339897, -1.000000
0.460000, 0.430000, 3.190001, 0.469813, 0.316873, -1.000000, 0.398814, -1.000000, 0.315501, -1.000000, 0.342744, -1.000000
0.460000, 0.440000, 3.180001, 0.475600, 0.319739, -1.000000, 0.398624, -1.000000, 0.318240, -1.000000, 0.345602, -1.000000
0.460000, 0.450000, 3.170001, 0.481312, 0.322619, -1.000000, 0.398435, -1.000000, 0.320991, -1.000000, 0.348472, -1.000000
0.460000, 0.460000, 3.160001, 0.486950, 0.325512, -1.000000, 0.398246, -1.000000, 0.323755, -1.000000, 0.351352, -1.000000
0.460000, 0.470000, 3.150001, 0.492512, 0.328418, -1.000000, 0.398057, -1.000000, 0.326531, -1.000000, 0.354243, -1.000000
0.460000, 0.480000, 3.140001, 0.498000, 0.331338, -1.000000, 0.397868, -1.000000, 0.329319, -1.000000, 0.357145, -1.000000
0.460000, 0.490000, 3.130001, 0.503412, 0.334270, -1.000000, 0.397679, -1.000000, 0.332120, -1.000000, 0.360058, -1.000000
0.460000, 0.500000, 3.120001, 0.508750, 0.336398, -1.000000, 0.397490, -1.000000, 0.334932, -1.000000, 0.362980, -1.000000
0.460000, 0.510000, 3.110001, 0.514012, 0.338431, -1.000000, 0.397301, -1.000000, 0.337756, -1.000000, 0.365913, -1.000000
0.460000, 0.520000, 3.100001, 0.519200, 0.340470, -1.000000, 0.397112, -1.000000, 0.340592, -1.000000, 0.368856, -1.000000
0.460000, 0.530000, 3.090001, 0.524312, 0.342514, -1.000000, 0.396923, -1.000000, 0.343439, -1.000000, 0.371809, -1.000000
0.460000, 0.540000, 3.080001, 0.529350, 0.344565, -1.000000, 0.396734, -1.000000, 0.346298, -1.000000, 0.374772, -1.000000
0.460000, 0.550000, 3.070001, 0.534312, 0.346621, -1.000000, 0.396545, -1.000000, 0.349175, -1.000000, 0.377743, -1.000000
0.460000, 0.560000, 3.060001, 0.539200, 0.348683, -1.000000, 0.396356, -1.000000, 0.352101, -1.000000, 0.380724, -1.000000
0.460000, 0.570000, 3.050001, 0.544012, 0.350751, -1.000000, 0.396167, -1.000000, 0.355039, -1.000000, 0.383714, -1.000000
0.460000, 0.580000, 3.040001, 0.548750, 0.352589, -1.000000, 0.395978, -1.000000, 0.357987, -1.000000, 0.386713, -1.000000
0.460000, 0.590000, 3.030001, 0.553412, 0.352627, -1.000000, 0.395790, -1.000000, 0.360947, -1.000000, 0.389721, -1.000000
0.460000, 0.600000, 3.020001, 0.558000, 0.352664, -1.000000, 0.395601, -1.000000, 0.363916, -1.000000, 0.392298, -1.000000
0.460000, 0.610000, 3.010001, 0.562512, 0.352702, -1.000000, 0.395412, -1.000000, 0.366897, -1.000000, 0.392298, -1.000000
0.460000, 0.620000, 3.000001, 0.566950, 0.352739, -1.000000, 0.395224, -1.000000, 0.369196, -1.000000, 0.392298, -1.000000
0.460000, 0.630000, 2.990001, 0.571312, 0.352777, -1.000000, 0.395035, -1.000000, 0.369226, -1.000000, 0.392298, -1.000000
0.460000, 0.640000, 2.980001, 0.575600, 0.352815, -1.000000, 0.394846, -1.000000, 0.369256, -1.000000, 0.392298, -1.000000
0.460000, 0.650000, 2.970001, 0.579812, 0.352852, -1.000000, 0.394658, -1.000000, 0.369286, -1.000000, 0.392298, -1.000000
0.460000, 0.660000, 2.960001, 0.583950, 0.352890, -1.000000, 0.394469, -1.000000, 0.369162, -1.000000, 0.392298, -1.000000
0.460000, 0.670000, 2.950001, 0.588012, 0.352928, -1.000000, 0.394281, -1.000000, 0.369028, -1.000000, 0.392298, -1.000000
0.460000, 0.680000, 2.940001, 0.592000, 0.352965, -1.000000, 0.394092, -1.000000, 0.368894, -1.000000, 0.392298, -1.000000
0.460000, 0.690000, 2.930001, 0.595912, 0.353003, -1.000000, 0.393904, -1.000000, 0.368759, -1.000000, 0.392298, -1.000000
0.460000, 0.700000, 2.920001, 0.599750, 0.353040, -1.000000, 0.393715, -1.000000, 0.368625, -1.000000, 0.392298, -1.000000
0.460000, 0.710000, 2.910001, 0.603512, 0.353078, -1.000000, 0.393527, -1.000000, 0.368491, -1.000000, 0.392298, -1.000000
0.460000, 0.720000, 2.900001, 0.607200, 0.353116, -1.000000, 0.393339, -1.000000, 0.368356, -1.000000, 0.392298, -1.000000
0.460000, 0.730000, 2.890001, 0.610812, 0.353153, -1.000000, 0.393150, -1.000000, 0.368222, -1.000000, 0.392298, -1.000000
0.460000, 0.740000, 2.880001, 0.614350, 0.353191, -1.000000, 0.392962, -1.000000, 0.368088, -1.000000, 0.392298, -1.000000
0.460000, 0.750000, 2.870001, 0.617812, 0.353228, -1.000000, 0.392774, -1.000000, 0.367991, -1.000000, 0.392298, -1.000000
0.460000, 0.760000, 2.860001, 0.621200, 0.353266, -1.000000, 0.392585, -1.000000, 0.367909, -1.000000, 0.392298, -1.000000
0.460000, 0.770000, 2.850001, 0.624512, 0.353304, -1.000000, 0.392397, -1.000000, 0.367826, -1.000000, 0.392298, -1.000000
0.460000, 0.780000, 2.840001, 0.627750, 0.353341, -1.000000, 0.392209, -1.000000, 0.367744, -1.000000, 0.392298, -1.000000
0.460000, 0.790000, 2.830001, 0.630912, 0.353379, -1.000000, 0.392021, -1.000000, 0.367662, -1.000000, 0.392298, -1.000000
0.460000, 0.800000, 2.820001, 0.634000, 0.353417, -1.000000, 0.391833, -1.000000, 0.367579, -1.000000, 0.392298, -1.000000
0.460000, 0.810000, 2.810001, 0.637012, 0.353454, -1.000000, 0.391645, -1.000000, 0.367497, -1.000000, 0.392298, -1.000000
0.460000, 0.820000, 2.800001, 0.639950, 0.353492, -1.000000, 0.391457, -1.000000, 0.367414, -1.000000, 0.392298, -1.000000
0.460000, 0.830000, 2.790001, 0.642812, 0.353529, -1.000000, 0.391269, -1.000000, 0.367332, -1.000000, 0.392298, -1.000000
0.460000, 0.839999, 2.780001, 0.645600, 0.353567, -1.000000, 0.391081, -1.000000, 0.367250, -1.000000, 0.392298, -1.000000
0.460000, 0.849999, 2.770001, 0.648312, 0.353605, -1.000000, 0.390893, -1.000000, 0.367167, -1.000000, 0.392298, -1.000000
0.460000, 0.859999, 2.760001, 0.650950, 0.353642, -1.000000, 0.390705, -1.000000, 0.367085, -1.000000, 0.392298, -1.000000
0.460000, 0.869999, 2.750001, 0.653512, 0.353680, -1.000000, 0.390517, -1.000000, 0.367002, -1.000000, 0.392298, -1.000000
0.460000, 0.879999, 2.740001, 0.656000, 0.353718, -1.000000, 0.390329, -1.000000, 0.366920, -1.000000, 0.392298, -1.000000
0.460000, 0.889999, 2.730001, 0.658412, 0.353755, -1.000000, 0.390141, -1.000000, 0.366838, -1.000000, 0.392298, -1.000000
0.460000, 0.899999, 2.720001, 0.660750, 0.353793, -1.000000, 0.389954, -1.000000, 0.366755, -1.000000, 0.392298, -1.000000
0.460000, 0.909999, 2.710001, 0.663013, 0.353831, -1.000000, 0.389766, -1.000000, 0.366673, -1.000000, 0.392298, -1.000000
0.460000, 0.919999, 2.700001, 0.665200, 0.353868, -1.000000, 0.389578, -1.000000, 0.366591, -1.000000, 0.392298, -1.000000
0.460000, 0.929999, 2.690001, 0.667313, 0.353906, -1.000000, 0.389391, -1.000000, 0.366508, -1.000000, 0.392298, -1.000000
0.460000, 0.939999, 2.680001, 0.669350, 0.353943, -1.000000, 0.389203, -1.000000, 0.366426, -1.000000, 0.392298, -1.000000
0.460000, 0.949999, 2.670001, 0.671312, 0.353981, -1.000000, 0.389015, -1.000000, 0.366344, -1.000000, 0.392298, -1.000000
0.460000, 0.959999, 2.660001, 0.673200, 0.354019, -1.000000, 0.388828, -1.000000, 0.366262, -1.000000, 0.392298, -1.000000
0.460000, 0.969999, 2.650001, 0.675012, 0.354056, -1.000000, 0.388640, -1.000000, 0.366179, -1.000000, 0.392298, -1.000000
0.460000, 0.979999, 2.640001, 0.676750, 0.354094, -1.000000, 0.388453, -1.000000, 0.366097, -1.000000, 0.392298, -1.000000
0.460000, 0.989999, 2.630001, 0.678413, 0.354132, -1.000000, 0.388265, -1.000000, 0.366015, -1.000000, 0.392328, -1.000000
0.460000, 0.999999, 2.620001, 0.680000, 0.354169, -1.000000, 0.388078, -1.000000, 0.365932, -1.000000, 0.392539, -1.000000
0.470000, 0.000000, 3.590000, 0.150000, 0.208182, 0.732941, 0.407088, 0.995885, 0.210961, 0.806336, 0.232182, 0.989145
0.470000, 0.010000, 3.580000, 0.158938, 0.210179, -1.000000, 0.406898, -1.000000, 0.213075, -1.000000, 0.234175, -1.000000
0.470000, 0.020000, 3.570000, 0.167800, 0.212380, -1.000000, 0.406707, -1.000000, 0.215204, -1.000000, 0.236454, -1.000000
0.470000, 0.030000, 3.560000, 0.176588, 0.214598, -1.000000, 0.406517, -1.000000, 0.217348, -1.000000, 0.238748, -1.000000
0.470000, 0.040000, 3.550000, 0.185300, 0.216832, -1.000000, 0.406327, -1.000000, 0.219508, -1.000000, 0.241057, -1.000000
0.470000, 0.050000, 3.540000, 0.193938, 0.219083, -1.000000, 0.406136, -1.000000, 0.221684, -1.000000, 0.243381, -1.000000
0.470000, 0.060000, 3.530000, 0.202500, 0.221351, -1.000000, 0.405946, -1.000000, 0.223874, -1.000000, 0.245720, -1.000000
0.470000, 0.070000, 3.520000, 0.210988, 0.223636, -1.000000, 0.405755, -1.000000, 0.226080, -1.000000, 0.248075, -1.000000
0.470000, 0.080000, 3.510000, 0.219400, 0.225938, -1.000000, 0.405565, -1.000000, 0.228302, -1.000000, 0.250444, -1.000000
0.470000, 0.090000, 3.500000, 0.227738, 0.228256, -1.000000, 0.405375, -1.000000, 0.230538, -1.000000, 0.252829, -1.000000
0.470000, 0.100000, 3.490000, 0.236000, 0.230591, -1.000000, 0.405185, -1.000000, 0.232790, -1.000000, 0.255228, -1.000000
0.470000, 0.110000, 3.480000, 0.244188, 0.232942, -1.000000, 0.404994, -1.000000, 0.235058, -1.000000, 0.257643, -1.000000
0.470000, 0.120000, 3.470000, 0.252300, 0.235310, -1.000000, 0.404804, -1.000000, 0.237340, -1.000000, 0.260072, -1.000000
0.470000, 0.130000, 3.460001, 0.260338, 0.237695, -1.000000, 0.404614, -1.000000, 0.239638, -1.000000, 0.262516, -1.000000
0.470000, 0.140000, 3.450000, 0.268300, 0.240097, -1.000000, 0.404424, -1.000000, 0.241951, -1.000000, 0.264975, -1.000000
0.470000, 0.150000, 3.440001, 0.276188, 0.242515, -1.000000, 0.404234, -1.000000, 0.244279, -1.000000, 0.267449, -1.000000
0.470000, 0.160000, 3.430000, 0.284000, 0.244949, -1.000000, 0.404044, -1.000000, 0.246622, -1.000000, 0.269937, -1.000000
0.470000, 0.170000, 3.420000, 0.291738, 0.247400, -1.000000, 0.403854, -1.000000, 0.248981, -1.000000, 0.272440, -1.000000
0.470000, 0.180000, 3.410000, 0.299400, 0.249867, -1.000000, 0.403664, -1.000000, 0.251354, -1.000000, 0.274957, -1.000000
0.470000, 0.190000, 3.400000, 0.306988, 0.252351, -1.000000, 0.403474, -1.000000, 0.253742, -1.000000, 0.277488, -1.000000
0.470000, 0.200000, 3.390000, 0.314500, 0.254851, -1.000000, 0.403284, -1.000000, 0.256145, -1.000000, 0.280034, -1.000000
0.470000, 0.210000, 3.380000, 0.321938, 0.257367, -1.000000, 0.403094, -1.000000, 0.258563, -1.000000, 0.282594, -1.000000
0.470000, 0.220000, 3.370000, 0.329300, 0.259900, -1.000000, 0.402904, -1.000000, 0.260996, -1.000000, 0.285169, -1.000000
0.470000, 0.230000, 3.360000, 0.336588, 0.262448, -1.000000, 0.402714, -1.000000, 0.263444, -1.000000, 0.287757, -1.000000
0.470000, 0.240000, 3.350000, 0.343800, 0.265013, -1.000000, 0.402524, -1.000000, 0.265906, -1.000000, 0.290359, -1.000000
0.470000, 0.250000, 3.340000, 0.350938, 0.267593, -1.000000, 0.402335, -1.000000, 0.268383, -1.000000, 0.292975, -1.000000
0.470000, 0.260000, 3.330000, 0.358000, 0.270190, -1.000000, 0.402145, -1.000000, 0.270875, -1.000000, 0.295605, -1.000000
0.470000, 0.270000, 3.320000, 0.364988, 0.272802, -1.000000, 0.401955, -1.000000, 0.273381, -1.000000, 0.298248, -1.000000
0.470000, 0.280000, 3.310000, 0.371900, 0.275430, -1.000000, 0.401765, -1.000000, 0.275901, -1.000000, 0.300905, -1.000000
0.470000, 0.290000, 3.300000, 0.378738, 0.278073, -1.000000, 0.401576, -1.000000, 0.278436, -1.000000, 0.303576, -1.000000
0.470000, 0.300000, 3.290000, 0.385500, 0.280733, -1.000000, 0.401386, -1.000000, 0.280985, -1.000000, 0.306260, -1.000000
0.470000, 0.310000, 3.280000, 0.392188, 0.283407, -1.000000, 0.401196, -1.000000, 0.283548, -1.000000, 0.308957, -1.000000
0.470000, 0.320000, 3.270000, 0.398800, 0.286097, -1.000000, 0.401007, -1.000000, 0.286126, -1.000000, 0.311667, -1.000000
0.470000, 0.330000, 3.260000, 0.405338, 0.288802, -1.000000, 0.400817, -1.000000, 0.288717, -1.000000, 0.314390, -1.000000
0.470000, 0.340000, 3.250000, 0.411800, 0.291522, -1.000000, 0.400628, -1.000000, 0.291322, -1.000000, 0.317125, -1.000000
0.470000, 0.350000, 3.240000, 0.418188, 0.294258, -1.000000, 0.400438, -1.000000, 0.293941, -1.000000, 0.319874, -1.000000
0.470000, 0.360000, 3.230000, 0.424500, 0.297008, -1.000000, 0.400249, -1.000000, 0.296574, -1.000000, 0.322635, -1.000000
0.470000, 0.370000, 3.220001, 0.430738, 0.299773, -1.000000, 0.400059, -1.000000, 0.299220, -1.000000, 0.325408, -1.000000
0.470000, 0.380000, 3.210001, 0.436900, 0.302553, -1.000000, 0.399870, -1.000000, 0.301880, -1.000000, 0.328194, -1.000000
0.470000, 0.390000, 3.200001, 0.442988, 0.305347, -1.000000, 0.399680, -1.000000, 0.304553, -1.000000, 0.330992, -1.000000
0.470000, 0.400000, 3.190001, 0.449000, 0.308155, -1.000000, 0.399491, -1.000000, 0.307239, -1.000000, 0.333802, -1.000000
0.470000, 0.410000, 3.180001, 0.454937, 0.310978, -1.000000, 0.399302, -1.000000, 0.309938, -1.000000, 0.336624, -1.000000
0.470000, 0.420000, 3.170001, 0.460800, 0.313815, -1.000000, 0.399112, -1.000000, 0.312651, -1.000000, 0.339457, -1.000000
0.470000, 0.430000, 3.160001, 0.466588, 0.316666, -1.000000, 0.398923, -1.000000, 0.315376, -1.000000, 0.342303, -1.000000
0.470000, 0.440000, 3.150001, 0.472300, 0.319531, -1.000000, 0.398734, -1.000000, 0.318114, -1.000000, 0.345159, -1.000000
0.470000, 0.450000, 3.140001, 0.477937, 0.322410, -1.000000, 0.398545, -1.000000, 0.320865, -1.000000, 0.348027, -1.000000
0.470000, 0.460000, 3.130001, 0.483500, 0.325302, -1.000000, 0.398355, -1.000000, 0.323628, -1.000000, 0.350905, -1.000000
0.470000, 0.470000, 3.120001, 0.488987, 0.328207, -1.000000, 0.398166, -1.000000, 0.326404, -1.000000, 0.353795, -1.000000
0.470000, 0.480000, 3.110001, 0.494400, 0.331126, -1.000000, 0.397977, -1.000000, 0.329192, -1.000000, 0.356695, -1.000000
0.470000, 0.490000, 3.100001, 0.499737, 0.334057, -1.000000, 0.397788, -1.000000, 0.331992, -1.000000, 0.359606, -1.000000
0.470000, 0.500000, 3.090001, 0.505000, 0.336099, -1.000000, 0.397599, -1.000000, 0.334804, -1.000000, 0.362527, -1.000000
0.470000, 0.510000, 3.080001, 0.510187, 0.338130, -1.000000, 0.397410, -1.000000, 0.337627, -1.000000, 0.365459, -1.000000
0.470000, 0.520000, 3.070001, 0.515300, 0.340168, -1.000000, 0.397221, -1.000000, 0.340462, -1.000000, 0.368400, -1.000000
0.470000, 0.530000, 3.060001, 0.520337, 0.342212, -1.000000, 0.397032, -1.000000, 0.343309, -1.000000, 0.371351, -1.000000
0.470000, 0.540000, 3.050001, 0.525300, 0.344262, -1.000000, 0.396843, -1.000000, 0.346167, -1.000000, 0.374312, -1.000000
0.470000, 0.550000, 3.040001, 0.530187, 0.346317, -1.000000, 0.396654, -1.000000, 0.349036, -1.000000, 0.377283, -1.000000
0.470000, 0.560000, 3.030001, 0.535000, 0.348378, -1.000000, 0.396465, -1.000000, 0.351916, -1.000000, 0.380262, -1.000000
0.470000, 0.570000, 3.020001, 0.539737, 0.350445, -1.000000, 0.396276, -1.000000, 0.354844, -1.000000, 0.383251, -1.000000
0.470000, 0.580000, 3.010001, 0.544400, 0.352518, -1.000000, 0.396088, -1.000000, 0.357792, -1.000000, 0.386248, -1.000000
0.470000, 0.590000, 3.000001, 0.548987, 0.352608, -1.000000, 0.395899, -1.000000, 0.360751, -1.000000, 0.389254, -1.000000
0.470000, 0.600000, 2.990001, 0.553500, 0.352645, -1.000000, 0.395710, -1.000000, 0.363720, -1.000000, 0.392269, -1.000000
0.470000, 0.610000, 2.980001, 0.557937, 0.352683, -1.000000, 0.395521, -1.000000, 0.366699, -1.000000, 0.392298, -1.000000
0.470000, 0.620000, 2.970001, 0.562300, 0.352721, -1.000000, 0.395333, -1.000000, 0.369057, -1.000000, 0.392298, -1.000000
0.470000, 0.630000, 2.960001, 0.566587, 0.352758, -1.000000, 0.395144, -1.000000, 0.369087, -1.000000, 0.392298, -1.000000
0.470000, 0.640000, 2.950001, 0.570800, 0.352796, -1.000000, 0.394955, -1.000000, 0.369117, -1.000000, 0.392298, -1.000000
0.470000, 0.650000, 2.940001, 0.574937, 0.352833, -1.000000, 0.394767, -1.000000, 0.369147, -1.000000, 0.392298, -1.000000
0.470000, 0.660000, 2.930001, 0.579000, 0.352871, -1.000000, 0.394578, -1.000000, 0.369096, -1.000000, 0.392298, -1.000000
0.470000, 0.670000, 2.920001, 0.582987, 0.352909, -1.000000, 0.394390, -1.000000, 0.368961, -1.000000, 0.392298, -1.000000
0.470000, 0.680000, 2.910001, 0.586900, 0.352946, -1.000000, 0.394201, -1.000000, 0.368827, -1.000000, 0.392298, -1.000000
0.470000, 0.690000, 2.900001, 0.590737, 0.352984, -1.000000, 0.394013, -1.000000, 0.368693, -1.000000, 0.392298, -1.000000
0.470000, 0.700000, 2.890001, 0.594500, 0.353021, -1.000000, 0.393824, -1.000000, 0.368558, -1.000000, 0.392298, -1.000000
0.470000, 0.710000, 2.880001, 0.598187, 0.353059, -1.000000, 0.393636, -1.000000, 0.368424, -1.000000, 0.392298, -1.000000
0.470000, 0.720000, 2.870001, 0.601800, 0.353097, -1.000000, 0.393448, -1.000000, 0.368290, -1.000000, 0.392298, -1.000000
0.470000, 0.730000, 2.860001, 0.605338, 0.353134, -1.000000, 0.393259, -1.000000, 0.368155, -1.000000, 0.392298, -1.000000
0.470000, 0.740000, 2.850001, 0.608800, 0.353172, -1.000000, 0.393071, -1.000000, 0.368027, -1.000000, 0.392298, -1.000000
0.470000, 0.750000, 2.840001, 0.612187, 0.353210, -1.000000, 0.392883, -1.000000, 0.367945, -1.000000, 0.392298, -1.000000
0.470000, 0.760000, 2.830001, 0.615500, 0.353247, -1.000000, 0.392694, -1.000000, 0.367863, -1.000000, 0.392298, -1.000000
0.470000, 0.770000, 2.820001, 0.618737, 0.353285, -1.000000, 0.392506, -1.000000, 0.367780, -1.000000, 0.392298, -1.000000
0.470000, 0.780000, 2.810001, 0.621900, 0.353322, -1.000000, 0.392318, -1.000000, 0.367698, -1.000000, 0.392298, -1.000000
0.470000, 0.790000, 2.800001, 0.624987, 0.353360, -1.000000, 0.392130, -1.000000, 0.367615, -1.000000, 0.392298, -1.000000
0.470000, 0.800000, 2.790001, 0.628000, 0.353398, -1.000000, 0.391942, -1.000000, 0.367533, -1.000000, 0.392298, -1.000000
0.470000, 0.810000, 2.780001, 0.630937, 0.353435, -1.000000, 0.391754, -1.000000, 0.367450, -1.000000, 0.392298, -1.000000
0.470000, 0.820000, 2.770001, 0.633800, 0.353473, -1.000000, 0.391566, -1.000000, 0.367368, -1.000000, 0.392298, -1.000000
0.470000, 0.830000, 2.760001, 0.636588, 0.353511, -1.000000, 0.391378, -1.000000, 0.367286, -1.000000, 0.392298, -1.000000
0.470000, 0.839999, 2.750001, 0.639300, 0.353548, -1.000000, 0.391189, -1.000000, 0.367203, -1.000000, 0.392298, -1.000000
0.470000, 0.849999, 2.740001, 0.641937, 0.353586, -1.000000, 0.391002, -1.000000, 0.367121, -1.000000, 0.392298, -1.000000
0.470000, 0.859999, 2.730001, 0.644500, 0.353623, -1.000000, 0.390814, -1.000000, 0.367039, -1.000000, 0.392298, -1.000000
0.470000, 0.869999, 2.720001, 0.646987, 0.353661, -1.000000, 0.390626, -1.000000, 0.366956, -1.000000, 0.392298, -1.000000
0.470000, 0.879999, 2.710001, 0.649400, 0.353699, -1.000000, 0.390438, -1.000000, 0.366874, -1.000000, 0.392298, -1.000000
0.470000, 0.889999, 2.700001, 0.651737, 0.353736, -1.000000, 0.390250, -1.000000, 0.366792, -1.000000, 0.392298, -1.000000
0.470000, 0.899999, 2.690001, 0.654000, 0.353774, -1.000000, 0.390062, -1.000000, 0.366709, -1.000000, 0.392298, -1.000000
0.470000, 0.909999, 2.680001, 0.656188, 0.353812, -1.000000, 0.389874, -1.000000, 0.366627, -1.000000, 0.392298, -1.000000
0.470000, 0.919999, 2.670001, 0.658300, 0.353849, -1.000000, 0.389687, -1.000000, 0.366545, -1.000000, 0.392298, -1.000000
0.470000, 0.929999, 2.660001, 0.660337, 0.353887, -1.000000, 0.389499, -1.000000, 0.366462, -1.000000, 0.392298, -1.000000
0.470000, 0.939999, 2.650001, 0.662300, 0.353925, -1.000000, 0.389311, -1.000000, 0.366380, -1.000000, 0.392298, -1.000000
0.470000, 0.949999, 2.640001, 0.664188, 0.353962, -1.000000, 0.389124, -1.000000, 0.366298, -1.000000, 0.392298, -1.000000
0.470000, 0.959999, 2.630001, 0.666000, 0.354000, -1.000000, 0.388936, -1.000000, 0.366215, -1.000000, 0.392298, -1.000000
0.470000, 0.969999, 2.620001, 0.667737, 0.354038, -1.000000, 0.388749, -1.000000, 0.366133, -1.000000, 0.392298, -1.000000
0.470000, 0.979999, 2.610001, 0.669400, 0.354075, -1.000000, 0.388561, -1.000000, 0.366051, -1.000000, 0.392298, -1.000000
0.470000, 0.989999, 2.600001, 0.670987, 0.354113, -1.000000, 0.388374, -1.000000, 0.365969, -1.000000, 0.392298, -1.000000
0.470000, 0.999999, 2.590001, 0.672500, 0.354151, -1.000000, 0.388186, -1.000000, 0.365886, -1.000000, 0.392452, -1.000000
0.480000, 0.000000, 3.560000, 0.150000, 0.208010, 0.732939, 0.407199, 0.995899, 0.210865, 0.806336, 0.231696, 0.989318
0.480000, 0.010000, 3.550000, 0.158863, 0.210020, -1.000000, 0.407008, -1.000000, 0.212978, -1.000000, 0.233824, -1.000000
0.480000, 0.020000, 3.540000, 0.167650, 0.212220, -1.000000, 0.406818, -1.000000, 0.215106, -1.000000, 0.236100, -1.000000
0.480000, 0.030000, 3.530000, 0.176363, 0.214437, -1.000000, 0.406627, -1.000000, 0.217250, -1.000000, 0.238392, -1.000000
0.480000, 0.040000, 3.520000, 0.185000, 0.216670, -1.000000, 0.406437, -1.000000, 0.219409, -1.000000, 0.240698, -1.000000
0.480000, 0.050000, 3.510000, 0.193563, 0.218920, -1.000000, 0.406246, -1.000000, 0.221584, -1.000000, 0.243020, -1.000000
0.480000, 0.060000, 3.500000, 0.202050, 0.221187, -1.000000, 0.406056, -1.000000, 0.223774, -1.000000, 0.245357, -1.000000
0.480000, 0.070000, 3.490000, 0.210463, 0.223470, -1.000000, 0.405866, -1.000000, 0.225979, -1.000000, 0.247709, -1.000000
0.480000, 0.080000, 3.480000, 0.218800, 0.225770, -1.000000, 0.405675, -1.000000, 0.228200, -1.000000, 0.250077, -1.000000
0.480000, 0.090000, 3.470000, 0.227063, 0.228087, -1.000000, 0.405485, -1.000000, 0.230436, -1.000000, 0.252459, -1.000000
0.480000, 0.100000, 3.460001, 0.235250, 0.230421, -1.000000, 0.405295, -1.000000, 0.232687, -1.000000, 0.254856, -1.000000
0.480000, 0.110000, 3.450000, 0.243363, 0.232771, -1.000000, 0.405104, -1.000000, 0.234954, -1.000000, 0.257268, -1.000000
0.480000, 0.120000, 3.440001, 0.251400, 0.235138, -1.000000, 0.404914, -1.000000, 0.237236, -1.000000, 0.259695, -1.000000
0.480000, 0.130000, 3.430000, 0.259363, 0.237522, -1.000000, 0.404724, -1.000000, 0.239533, -1.000000, 0.262137, -1.000000
0.480000, 0.140000, 3.420001, 0.267250, 0.239922, -1.000000, 0.404534, -1.000000, 0.241845, -1.000000, 0.264594, -1.000000
0.480000, 0.150000, 3.410000, 0.275063, 0.242339, -1.000000, 0.404344, -1.000000, 0.244172, -1.000000, 0.267065, -1.000000
0.480000, 0.160000, 3.400001, 0.282800, 0.244772, -1.000000, 0.404154, -1.000000, 0.246515, -1.000000, 0.269551, -1.000000
0.480000, 0.170000, 3.390000, 0.290463, 0.247222, -1.000000, 0.403964, -1.000000, 0.248873, -1.000000, 0.272051, -1.000000
0.480000, 0.180000, 3.380000, 0.298050, 0.249688, -1.000000, 0.403774, -1.000000, 0.251245, -1.000000, 0.274566, -1.000000
0.480000, 0.190000, 3.370000, 0.305563, 0.252171, -1.000000, 0.403584, -1.000000, 0.253633, -1.000000, 0.277096, -1.000000
0.480000, 0.200000, 3.360000, 0.313000, 0.254669, -1.000000, 0.403394, -1.000000, 0.256035, -1.000000, 0.279639, -1.000000
0.480000, 0.210000, 3.350000, 0.320363, 0.257185, -1.000000, 0.403204, -1.000000, 0.258453, -1.000000, 0.282197, -1.000000
0.480000, 0.220000, 3.340000, 0.327650, 0.259716, -1.000000, 0.403014, -1.000000, 0.260885, -1.000000, 0.284769, -1.000000
0.480000, 0.230000, 3.330000, 0.334863, 0.262263, -1.000000, 0.402824, -1.000000, 0.263332, -1.000000, 0.287355, -1.000000
0.480000, 0.240000, 3.320000, 0.342000, 0.264827, -1.000000, 0.402634, -1.000000, 0.265794, -1.000000, 0.289955, -1.000000
0.480000, 0.250000, 3.310000, 0.349063, 0.267406, -1.000000, 0.402444, -1.000000, 0.268270, -1.000000, 0.292569, -1.000000
0.480000, 0.260000, 3.300000, 0.356050, 0.270001, -1.000000, 0.402255, -1.000000, 0.270761, -1.000000, 0.295197, -1.000000
0.480000, 0.270000, 3.290000, 0.362963, 0.272612, -1.000000, 0.402065, -1.000000, 0.273266, -1.000000, 0.297838, -1.000000
0.480000, 0.280000, 3.280000, 0.369800, 0.275239, -1.000000, 0.401875, -1.000000, 0.275786, -1.000000, 0.300493, -1.000000
0.480000, 0.290000, 3.270000, 0.376563, 0.277881, -1.000000, 0.401685, -1.000000, 0.278320, -1.000000, 0.303162, -1.000000
0.480000, 0.300000, 3.260000, 0.383250, 0.280539, -1.000000, 0.401496, -1.000000, 0.280869, -1.000000, 0.305843, -1.000000
0.480000, 0.310000, 3.250000, 0.389863, 0.283213, -1.000000, 0.401306, -1.000000, 0.283431, -1.000000, 0.308538, -1.000000
0.480000, 0.320000, 3.240000, 0.396400, 0.285902, -1.000000, 0.401116, -1.000000, 0.286008, -1.000000, 0.311246, -1.000000
0.480000, 0.330000, 3.230000, 0.402863, 0.288606, -1.000000, 0.400927, -1.000000, 0.288598, -1.000000, 0.313967, -1.000000
0.480000, 0.340000, 3.220001, 0.409250, 0.291325, -1.000000, 0.400737, -1.000000, 0.291203, -1.000000, 0.316701, -1.000000
0.480000, 0.350000, 3.210001, 0.415563, 0.294059, -1.000000, 0.400548, -1.000000, 0.293821, -1.000000, 0.319448, -1.000000
0.480000, 0.360000, 3.200001, 0.421800, 0.296808, -1.000000, 0.400358, -1.000000, 0.296453, -1.000000, 0.322207, -1.000000
0.480000, 0.370000, 3.190001, 0.427963, 0.299572, -1.000000, 0.400169, -1.000000, 0.299099, -1.000000, 0.324978, -1.000000
0.480000, 0.380000, 3.180001, 0.434050, 0.302351, -1.000000, 0.399979, -1.000000, 0.301758, -1.000000, 0.327762, -1.000000
0.480000, 0.390000, 3.170001, 0.440063, 0.305144, -1.000000, 0.399790, -1.000000, 0.304430, -1.000000, 0.330558, -1.000000
0.480000, 0.400000, 3.160001, 0.446000, 0.307952, -1.000000, 0.399600, -1.000000, 0.307116, -1.000000, 0.333366, -1.000000
0.480000, 0.410000, 3.150001, 0.451863, 0.310773, -1.000000, 0.399411, -1.000000, 0.309815, -1.000000, 0.336186, -1.000000
0.480000, 0.420000, 3.140001, 0.457650, 0.313609, -1.000000, 0.399222, -1.000000, 0.312527, -1.000000, 0.339018, -1.000000
0.480000, 0.430000, 3.130001, 0.463363, 0.316459, -1.000000, 0.399033, -1.000000, 0.315252, -1.000000, 0.341861, -1.000000
0.480000, 0.440000, 3.120001, 0.469000, 0.319323, -1.000000, 0.398843, -1.000000, 0.317989, -1.000000, 0.344716, -1.000000
0.480000, 0.450000, 3.110001, 0.474562, 0.322201, -1.000000, 0.398654, -1.000000, 0.320739, -1.000000, 0.347582, -1.000000
0.480000, 0.460000, 3.100001, 0.480050, 0.325092, -1.000000, 0.398465, -1.000000, 0.323502, -1.000000, 0.350459, -1.000000
0.480000, 0.470000, 3.090001, 0.485462, 0.327996, -1.000000, 0.398276, -1.000000, 0.326277, -1.000000, 0.353347, -1.000000
0.480000, 0.480000, 3.080001, 0.490800, 0.330914, -1.000000, 0.398087, -1.000000, 0.329064, -1.000000, 0.356246, -1.000000
0.480000, 0.490000, 3.070001, 0.496062, 0.333774, -1.000000, 0.397897, -1.000000, 0.331864, -1.000000, 0.359155, -1.000000
0.480000, 0.500000, 3.060001, 0.501250, 0.335799, -1.000000, 0.397708, -1.000000, 0.334675, -1.000000, 0.362074, -1.000000
0.480000, 0.510000, 3.050001, 0.506362, 0.337830, -1.000000, 0.397519, -1.000000, 0.337498, -1.000000, 0.365004, -1.000000
0.480000, 0.520000, 3.040001, 0.511400, 0.339867, -1.000000, 0.397330, -1.000000, 0.340333, -1.000000, 0.367944, -1.000000
0.480000, 0.530000, 3.030001, 0.516362, 0.341910, -1.000000, 0.397141, -1.000000, 0.343179, -1.000000, 0.370894, -1.000000
0.480000, 0.540000, 3.020001, 0.521250, 0.343959, -1.000000, 0.396952, -1.000000, 0.346037, -1.000000, 0.373853, -1.000000
0.480000, 0.550000, 3.010001, 0.526062, 0.346013, -1.000000, 0.396763, -1.000000, 0.348905, -1.000000, 0.376822, -1.000000
0.480000, 0.560000, 3.000001, 0.530800, 0.348074, -1.000000, 0.396575, -1.000000, 0.351785, -1.000000, 0.379800, -1.000000
0.480000, 0.570000, 2.990001, 0.535462, 0.350140, -1.000000, 0.396386, -1.000000, 0.354675, -1.000000, 0.382788, -1.000000
0.480000, 0.580000, 2.980001, 0.540050, 0.352211, -1.000000, 0.396197, -1.000000, 0.357597, -1.000000, 0.385784, -1.000000
0.480000, 0.590000, 2.970001, 0.544562, 0.352589, -1.000000, 0.396008, -1.000000, 0.360555, -1.000000, 0.388788, -1.000000
0.480000, 0.600000, 2.960001, 0.549000, 0.352627, -1.000000, 0.395819, -1.000000, 0.363523, -1.000000, 0.391802, -1.000000
0.480000, 0.610000, 2.950001, 0.553362, 0.352664, -1.000000, 0.395631, -1.000000, 0.366502, -1.000000, 0.392298, -1.000000
0.480000, 0.620000, 2.940001, 0.557650, 0.352702, -1.000000, 0.395442, -1.000000, 0.368918, -1.000000, 0.392298, -1.000000
0.480000, 0.630000, 2.930001, 0.561862, 0.352739, -1.000000, 0.395253, -1.000000, 0.368948, -1.000000, 0.392298, -1.000000
0.480000, 0.640000, 2.920001, 0.566000, 0.352777, -1.000000, 0.395065, -1.000000, 0.368978, -1.000000, 0.392298, -1.000000
0.480000, 0.650000, 2.910001, 0.570062, 0.352815, -1.000000, 0.394876, -1.000000, 0.369008, -1.000000, 0.392298, -1.000000
0.480000, 0.660000, 2.900001, 0.574050, 0.352852, -1.000000, 0.394687, -1.000000, 0.369029, -1.000000, 0.392298, -1.000000
0.480000, 0.670000, 2.890001, 0.577962, 0.352890, -1.000000, 0.394499, -1.000000, 0.368895, -1.000000, 0.392298, -1.000000
0.480000, 0.680000, 2.880001, 0.581800, 0.352927, -1.000000, 0.394310, -1.000000, 0.368760, -1.000000, 0.392298, -1.000000
0.480000, 0.690000, 2.870001, 0.585562, 0.352965, -1.000000, 0.394122, -1.000000, 0.368626, -1.000000, 0.392298, -1.000000
0.480000, 0.700000, 2.860001, 0.589250, 0.353003, -1.000000, 0.393933, -1.000000, 0.368492, -1.000000, 0.392298, -1.000000
0.480000, 0.710000, 2.850001, 0.592862, 0.353040, -1.000000, 0.393745, -1.000000, 0.368357, -1.000000, 0.392298, -1.000000
0.480000, 0.720000, 2.840001, 0.596400, 0.353078, -1.000000, 0.393556, -1.000000, 0.368223, -1.000000, 0.392298, -1.000000
0.480000, 0.730000, 2.830001, 0.599862, 0.353115, -1.000000, 0.393368, -1.000000, 0.368089, -1.000000, 0.392298, -1.000000
0.480000, 0.740000, 2.820001, 0.603250, 0.353153, -1.000000, 0.393180, -1.000000, 0.367981, -1.000000, 0.392298, -1.000000
0.480000, 0.750000, 2.810001, 0.606562, 0.353191, -1.000000, 0.392992, -1.000000, 0.367899, -1.000000, 0.392298, -1.000000
0.480000, 0.760000, 2.800001, 0.609800, 0.353228, -1.000000, 0.392803, -1.000000, 0.367816, -1.000000, 0.392298, -1.000000
0.480000, 0.770000, 2.790001, 0.612962, 0.353266, -1.000000, 0.392615, -1.000000, 0.367734, -1.000000, 0.392298, -1.000000
0.480000, 0.780000, 2.780001, 0.616050, 0.353304, -1.000000, 0.392427, -1.000000, 0.367651, -1.000000, 0.392298, -1.000000
0.480000, 0.790000, 2.770001, 0.619062, 0.353341, -1.000000, 0.392239, -1.000000, 0.367569, -1.000000, 0.392298, -1.000000
0.480000, 0.800000, 2.760001, 0.622000, 0.353379, -1.000000, 0.392050, -1.000000, 0.367487, -1.000000, 0.392298, -1.000000
0.480000, 0.810000, 2.750001, 0.624862, 0.353416, -1.000000, 0.391862, -1.000000, 0.367404, -1.000000, 0.392298, -1.000000
0.480000, 0.820000, 2.740001, 0.627650, 0.353454, -1.000000, 0.391674, -1.000000, 0.367322, -1.000000, 0.392298, -1.000000
0.480000, 0.830000, 2.730001, 0.630363, 0.353492, -1.000000, 0.391486, -1.000000, 0.367240, -1.000000, 0.392298, -1.000000
0.480000, 0.839999, 2.720001, 0.633000, 0.353529, -1.000000, 0.391298, -1.000000, 0.367157, -1.000000, 0.392298, -1.000000
0.480000, 0.849999, 2.710001, 0.635562, 0.353567, -1.000000, 0.391110, -1.000000, 0.367075, -1.000000, 0.392298, -1.000000
0.480000, 0.859999, 2.700001, 0.638050, 0.353605, -1.000000, 0.390922, -1.000000, 0.366992, -1.000000, 0.392298, -1.000000
0.480000, 0.869999, 2.690001, 0.640462, 0.353642, -1.000000, 0.390734, -1.000000, 0.366910, -1.000000, 0.392298, -1.000000
0.480000, 0.879999, 2.680001, 0.642800, 0.353680, -1.000000, 0.390547, -1.000000, 0.366828, -1.000000, 0.392298, -1.000000
0.480000, 0.889999, 2.670001, 0.645062, 0.353718, -1.000000, 0.390359, -1.000000, 0.366745, -1.000000, 0.392298, -1.000000
0.480000, 0.899999, 2.660001, 0.647250, 0.353755, -1.000000, 0.390171, -1.000000, 0.366663, -1.000000, 0.392298, -1.000000
0.480000, 0.909999, 2.650001, 0.649363, 0.353793, -1.000000, 0.389983, -1.000000, 0.366581, -1.000000, 0.392298, -1.000000
0.480000, 0.919999, 2.640001, 0.651400, 0.353830, -1.000000, 0.389795, -1.000000, 0.366498, -1.000000, 0.392298, -1.000000
0.480000, 0.929999, 2.630001, 0.653363, 0.353868, -1.000000, 0.389608, -1.000000, 0.366416, -1.000000, 0.392298, -1.000000
0.480000, 0.939999, 2.620001, 0.655250, 0.353906, -1.000000, 0.389420, -1.000000, 0.366334, -1.000000, 0.392298, -1.000000
0.480000, 0.949999, 2.610001, 0.657063, 0.353943, -1.000000, 0.389232, -1.000000, 0.366251, -1.000000, 0.392298, -1.000000
0.480000, 0.959999, 2.600001, 0.658800, 0.353981, -1.000000, 0.389045, -1.000000, 0.366169, -1.000000, 0.392298, -1.000000
0.480000, 0.969999, 2.590001, 0.660462, 0.354019, -1.000000, 0.388857, -1.000000, 0.366087, -1.000000, 0.392298, -1.000000
0.480000, 0.979999, 2.580001, 0.662050, 0.354056, -1.000000, 0.388669, -1.000000, 0.366005, -1.000000, 0.392298, -1.000000
0.480000, 0.989999, 2.570001, 0.663563, 0.354094, -1.000000, 0.388482, -1.000000, 0.365922, -1.000000, 0.392298, -1.000000
0.480000, 0.999999, 2.560001, 0.665000, 0.354132, -1.000000, 0.388294, -1.000000, 0.365840, -1.000000, 0.392365, -1.000000
0.490000, 0.000000, 3.530000, 0.150000, 0.207838, 0.732938, 0.407309, 0.995912, 0.210769, 0.806336, 0.231215, 0.989488
0.490000, 0.010000, 3.520000, 0.158788, 0.209862, -1.000000, 0.407118, -1.000000, 0.212881, -1.000000, 0.233473, -1.000000
0.490000, 0.020000, 3.510000, 0.167500, 0.212060, -1.000000, 0.406928, -1.000000, 0.215009, -1.000000, 0.235747, -1.000000
0.490000, 0.030000, 3.500000, 0.176138, 0.214276, -1.000000, 0.406737, -1.000000, 0.217152, -1.000000, 0.238036, -1.000000
0.490000, 0.040000, 3.490000, 0.184700, 0.216508, -1.000000, 0.406547, -1.000000, 0.219311, -1.000000, 0.240340, -1.000000
0.490000, 0.050000, 3.480000, 0.193188, 0.218756, -1.000000, 0.406356, -1.000000, 0.221485, -1.000000, 0.242660, -1.000000
0.490000, 0.060000, 3.470001, 0.201600, 0.221022, -1.000000, 0.406166, -1.000000, 0.223674, -1.000000, 0.244994, -1.000000
0.490000, 0.070000, 3.460001, 0.209938, 0.223304, -1.000000, 0.405976, -1.000000, 0.225878, -1.000000, 0.247344, -1.000000
0.490000, 0.080000, 3.450000, 0.218200, 0.225603, -1.000000, 0.405785, -1.000000, 0.228098, -1.000000, 0.249709, -1.000000
0.490000, 0.090000, 3.440001, 0.226388, 0.227919, -1.000000, 0.405595, -1.000000, 0.230334, -1.000000, 0.252089, -1.000000
0.490000, 0.100000, 3.430000, 0.234500, 0.230252, -1.000000, 0.405405, -1.000000, 0.232584, -1.000000, 0.254484, -1.000000
0.490000, 0.110000, 3.420001, 0.242538, 0.232601, -1.000000, 0.405214, -1.000000, 0.234850, -1.000000, 0.256894, -1.000000
0.490000, 0.120000, 3.410000, 0.250500, 0.234966, -1.000000, 0.405024, -1.000000, 0.237131, -1.000000, 0.259319, -1.000000
0.490000, 0.130000, 3.400001, 0.258388, 0.237349, -1.000000, 0.404834, -1.000000, 0.239428, -1.000000, 0.261758, -1.000000
0.490000, 0.140000, 3.390000, 0.266200, 0.239748, -1.000000, 0.404644, -1.000000, 0.241739, -1.000000, 0.264212, -1.000000
0.490000, 0.150000, 3.380001, 0.273938, 0.242163, -1.000000, 0.404454, -1.000000, 0.244066, -1.000000, 0.266681, -1.000000
0.490000, 0.160000, 3.370000, 0.281600, 0.244596, -1.000000, 0.404264, -1.000000, 0.246408, -1.000000, 0.269165, -1.000000
0.490000, 0.170000, 3.360000, 0.289188, 0.247044, -1.000000, 0.404074, -1.000000, 0.248765, -1.000000, 0.271663, -1.000000
0.490000, 0.180000, 3.350000, 0.296700, 0.249509, -1.000000, 0.403884, -1.000000, 0.251137, -1.000000, 0.274176, -1.000000
0.490000, 0.190000, 3.340000, 0.304138, 0.251990, -1.000000, 0.403694, -1.000000, 0.253524, -1.000000, 0.276703, -1.000000
0.490000, 0.200000, 3.330000, 0.311500, 0.254488, -1.000000, 0.403504, -1.000000, 0.255925, -1.000000, 0.279245, -1.000000
0.490000, 0.210000, 3.320000, 0.318788, 0.257002, -1.000000, 0.403314, -1.000000, 0.258342, -1.000000, 0.281800, -1.000000
0.490000, 0.220000, 3.310000, 0.326000, 0.259532, -1.000000, 0.403124, -1.000000, 0.260774, -1.000000, 0.284370, -1.000000
0.490000, 0.230000, 3.300000, 0.333138, 0.262078, -1.000000, 0.402934, -1.000000, 0.263220, -1.000000, 0.286954, -1.000000
0.490000, 0.240000, 3.290000, 0.340200, 0.264640, -1.000000, 0.402744, -1.000000, 0.265681, -1.000000, 0.289552, -1.000000
0.490000, 0.250000, 3.280000, 0.347188, 0.267219, -1.000000, 0.402554, -1.000000, 0.268157, -1.000000, 0.292164, -1.000000
0.490000, 0.260000, 3.270000, 0.354100, 0.269813, -1.000000, 0.402364, -1.000000, 0.270647, -1.000000, 0.294789, -1.000000
0.490000, 0.270000, 3.260000, 0.360938, 0.272423, -1.000000, 0.402174, -1.000000, 0.273152, -1.000000, 0.297428, -1.000000
0.490000, 0.280000, 3.250000, 0.367700, 0.275048, -1.000000, 0.401985, -1.000000, 0.275671, -1.000000, 0.300081, -1.000000
0.490000, 0.290000, 3.240000, 0.374388, 0.277690, -1.000000, 0.401795, -1.000000, 0.278204, -1.000000, 0.302748, -1.000000
0.490000, 0.300000, 3.230000, 0.381000, 0.280347, -1.000000, 0.401605, -1.000000, 0.280752, -1.000000, 0.305427, -1.000000
0.490000, 0.310000, 3.220001, 0.387538, 0.283019, -1.000000, 0.401416, -1.000000, 0.283314, -1.000000, 0.308120, -1.000000
0.490000, 0.320000, 3.210001, 0.394000, 0.285707, -1.000000, 0.401226, -1.000000, 0.285890, -1.000000, 0.310826, -1.000000
0.490000, 0.330000, 3.200001, 0.400388, 0.288410, -1.000000, 0.401036, -1.000000, 0.288480, -1.000000, 0.313545, -1.000000
0.490000, 0.340000, 3.190001, 0.406700, 0.291128, -1.000000, 0.400847, -1.000000, 0.291084, -1.000000, 0.316277, -1.000000
0.490000, 0.350000, 3.180001, 0.412938, 0.293861, -1.000000, 0.400657, -1.000000, 0.293702, -1.000000, 0.319022, -1.000000
0.490000, 0.360000, 3.170001, 0.419100, 0.296609, -1.000000, 0.400468, -1.000000, 0.296333, -1.000000, 0.321779, -1.000000
0.490000, 0.370000, 3.160001, 0.425188, 0.299372, -1.000000, 0.400278, -1.000000, 0.298978, -1.000000, 0.324548, -1.000000
0.490000, 0.380000, 3.150001, 0.431200, 0.302149, -1.000000, 0.400089, -1.000000, 0.301636, -1.000000, 0.327330, -1.000000
0.490000, 0.390000, 3.140001, 0.437138, 0.304941, -1.000000, 0.399899, -1.000000, 0.304308, -1.000000, 0.330125, -1.000000
0.490000, 0.400000, 3.130001, 0.443000, 0.307748, -1.000000, 0.399710, -1.000000, 0.306993, -1.000000, 0.332931, -1.000000
0.490000, 0.410000, 3.120001, 0.448788, 0.310569, -1.000000, 0.399521, -1.000000, 0.309692, -1.000000, 0.335749, -1.000000
0.490000, 0.420000, 3.110001, 0.454500, 0.313404, -1.000000, 0.399331, -1.000000, 0.312403, -1.000000, 0.338579, -1.000000
0.490000, 0.430000, 3.100001, 0.460138, 0.316253, -1.000000, 0.399142, -1.000000, 0.315127, -1.000000, 0.341420, -1.000000
0.490000, 0.440000, 3.090001, 0.465700, 0.319115, -1.000000, 0.398953, -1.000000, 0.317864, -1.000000, 0.344273, -1.000000
0.490000, 0.450000, 3.080001, 0.471188, 0.321992, -1.000000, 0.398763, -1.000000, 0.320614, -1.000000, 0.347138, -1.000000
0.490000, 0.460000, 3.070001, 0.476600, 0.324882, -1.000000, 0.398574, -1.000000, 0.323376, -1.000000, 0.350013, -1.000000
0.490000, 0.470000, 3.060001, 0.481937, 0.327786, -1.000000, 0.398385, -1.000000, 0.326150, -1.000000, 0.352899, -1.000000
0.490000, 0.480000, 3.050001, 0.487200, 0.330702, -1.000000, 0.398196, -1.000000, 0.328937, -1.000000, 0.355796, -1.000000
0.490000, 0.490000, 3.040001, 0.492387, 0.333476, -1.000000, 0.398007, -1.000000, 0.331736, -1.000000, 0.358704, -1.000000
0.490000, 0.500000, 3.030001, 0.497500, 0.335500, -1.000000, 0.397818, -1.000000, 0.334547, -1.000000, 0.361622, -1.000000
0.490000, 0.510000, 3.020001, 0.502537, 0.337530, -1.000000, 0.397629, -1.000000, 0.337369, -1.000000, 0.364550, -1.000000
0.490000, 0.520000, 3.010001, 0.507500, 0.339566, -1.000000, 0.397440, -1.000000, 0.340203, -1.000000, 0.367488, -1.000000
0.490000, 0.530000, 3.000001, 0.512388, 0.341608, -1.000000, 0.397251, -1.000000, 0.343049, -1.000000, 0.370437, -1.000000
0.490000, 0.540000, 2.990001, 0.517200, 0.343656, -1.000000, 0.397062, -1.000000, 0.345906, -1.000000, 0.373395, -1.000000
0.490000, 0.550000, 2.980001, 0.521937, 0.345710, -1.000000, 0.396873, -1.000000, 0.348774, -1.000000, 0.376362, -1.000000
0.490000, 0.560000, 2.970001, 0.526600, 0.347769, -1.000000, 0.396684, -1.000000, 0.351653, -1.000000, 0.379339, -1.000000
0.490000, 0.570000, 2.960001, 0.531187, 0.349834, -1.000000, 0.396495, -1.000000, 0.354543, -1.000000, 0.382325, -1.000000
0.490000, 0.580000, 2.950001, 0.535700, 0.351905, -1.000000, 0.396306, -1.000000, 0.357444, -1.000000, 0.385319, -1.000000
0.490000, 0.590000, 2.940001, 0.540137, 0.352570, -1.000000, 0.396117, -1.000000, 0.360359, -1.000000, 0.388323, -1.000000
0.490000, 0.600000, 2.930001, 0.544500, 0.352608, -1.000000, 0.395928, -1.000000, 0.363326, -1.000000, 0.391335, -1.000000
0.490000, 0.610000, 2.920001, 0.548787, 0.352645, -1.000000, 0.395740, -1.000000, 0.366305, -1.000000, 0.392298, -1.000000
0.490000, 0.620000, 2.910001, 0.553000, 0.352683, -1.000000, 0.395551, -1.000000, 0.368780, -1.000000, 0.392298, -1.000000
0.490000, 0.630000, 2.900001, 0.557137, 0.352721, -1.000000, 0.395362, -1.000000, 0.368810, -1.000000, 0.392298, -1.000000
0.490000, 0.640000, 2.890001, 0.561200, 0.352758, -1.000000, 0.395174, -1.000000, 0.368840, -1.000000, 0.392298, -1.000000
0.490000, 0.650000, 2.880001, 0.565187, 0.352796, -1.000000, 0.394985, -1.000000, 0.368870, -1.000000, 0.392298, -1.000000
0.490000, 0.660000, 2.870001, 0.569100, 0.352833, -1.000000, 0.394796, -1.000000, 0.368900, -1.000000, 0.392298, -1.000000
0.490000, 0.670000, 2.860001, 0.572937, 0.352871, -1.000000, 0.394608, -1.000000, 0.368828, -1.000000, 0.392298, -1.000000
0.490000, 0.680000, 2.850001, 0.576700, 0.352909, -1.000000, 0.394419, -1.000000, 0.368694, -1.000000, 0.392298, -1.000000
0.490000, 0.690000, 2.840001, 0.580387, 0.352946, -1.000000, 0.394231, -1.000000, 0.368559, -1.000000, 0.392298, -1.000000
0.490000, 0.700000, 2.830001, 0.584000, 0.352984, -1.000000, 0.394042, -1.000000, 0.368425, -1.000000, 0.392298, -1.000000
0.490000, 0.710000, 2.820001, 0.587538, 0.353021, -1.000000, 0.393854, -1.000000, 0.368291, -1.000000, 0.392298, -1.000000
0.490000, 0.720000, 2.810001, 0.591000, 0.353059, -1.000000, 0.393665, -1.000000, 0.368156, -1.000000, 0.392298, -1.000000
0.490000, 0.730000, 2.800001, 0.594387, 0.353097, -1.000000, 0.393477, -1.000000, 0.368022, -1.000000, 0.392298, -1.000000
0.490000, 0.740000, 2.790001, 0.597700, 0.353134, -1.000000, 0.393289, -1.000000, 0.367935, -1.000000, 0.392298, -1.000000
0.490000, 0.750000, 2.780001, 0.600937, 0.353172, -1.000000, 0.393100, -1.000000, 0.367852, -1.000000, 0.392298, -1.000000
0.490000, 0.760000, 2.770001, 0.604100, 0.353209, -1.000000, 0.392912, -1.000000, 0.367770, -1.000000, 0.392298, -1.000000
0.490000, 0.770000, 2.760001, 0.607188, 0.353247, -1.000000, 0.392724, -1.000000, 0.367688, -1.000000, 0.392298, -1.000000
0.490000, 0.780000, 2.750001, 0.610200, 0.353285, -1.000000, 0.392536, -1.000000, 0.367605, -1.000000, 0.392298, -1.000000
0.490000, 0.790000, 2.740001, 0.613137, 0.353322, -1.000000, 0.392347, -1.000000, 0.367523, -1.000000, 0.392298, -1.000000
0.490000, 0.800000, 2.730001, 0.616000, 0.353360, -1.000000, 0.392159, -1.000000, 0.367440, -1.000000, 0.392298, -1.000000
0.490000, 0.810000, 2.720001, 0.618787, 0.353398, -1.000000, 0.391971, -1.000000, 0.367358, -1.000000, 0.392298, -1.000000
0.490000, 0.820000, 2.710001, 0.621500, 0.353435, -1.000000, 0.391783, -1.000000, 0.367276, -1.000000, 0.392298, -1.000000
0.490000, 0.830000, 2.700001, 0.624138, 0.353473, -1.000000, 0.391595, -1.000000, 0.367193, -1.000000, 0.392298, -1.000000
0.490000, 0.839999, 2.690001, 0.626700, 0.353510, -1.000000, 0.391407, -1.000000, 0.367111, -1.000000, 0.392298, -1.000000
0.490000, 0.849999, 2.680001, 0.629187, 0.353548, -1.000000, 0.391219, -1.000000, 0.367029, -1.000000, 0.392298, -1.000000
0.490000, 0.859999, 2.670001, 0.631600, 0.353586, -1.000000, 0.391031, -1.000000, 0.366946, -1.000000, 0.392298, -1.000000
0.490000, 0.869999, 2.660001, 0.633937, 0.353623, -1.000000, 0.390843, -1.000000, 0.366864, -1.000000, 0.392298, -1.000000
0.490000, 0.879999, 2.650001, 0.636200, 0.353661, -1.000000, 0.390655, -1.000000, 0.366781, -1.000000, 0.392298, -1.000000
0.490000, 0.889999, 2.640001, 0.638388, 0.353699, -1.000000, 0.390467, -1.000000, 0.366699, -1.000000, 0.392298, -1.000000
0.490000, 0.899999, 2.630001, 0.640500, 0.353736, -1.000000, 0.390280, -1.000000, 0.366617, -1.000000, 0.392298, -1.000000
0.490000, 0.909999, 2.620001, 0.642537, 0.353774, -1.000000, 0.390092, -1.000000, 0.366535, -1.000000, 0.392298, -1.000000
0.490000, 0.919999, 2.610001, 0.644500, 0.353812, -1.000000, 0.389904, -1.000000, 0.366452, -1.000000, 0.392298, -1.000000
0.490000, 0.929999, 2.600001, 0.646388, 0.353849, -1.000000, 0.389716, -1.000000, 0.366370, -1.000000, 0.392298, -1.000000
0.490000, 0.939999, 2.590001, 0.648200, 0.353887, -1.000000, 0.389528, -1.000000, 0.366288, -1.000000, 0.392298, -1.000000
0.490000, 0.949999, 2.580001, 0.649938, 0.353925, -1.000000, 0.389341, -1.000000, 0.366205, -1.000000, 0.392298, -1.000000
0.490000, 0.959999, 2.570001, 0.651600, 0.353962, -1.000000, 0.389153, -1.000000, 0.366123, -1.000000, 0.392298, -1.000000
0.490000, 0.969999, 2.560001, 0.653188, 0.354000, -1.000000, 0.388966, -1.000000, 0.366041, -1.000000, 0.392298, -1.000000
0.490000, 0.979999, 2.550001, 0.654700, 0.354037, -1.000000, 0.388778, -1.000000, 0.365959, -1.000000, 0.392298, -1.000000
0.490000, 0.989999, 2.540001, 0.656138, 0.354075, -1.000000, 0.388590, -1.000000, 0.365876, -1.000000, 0.392298, -1.000000
0.490000, 0.999999, 2.530001, 0.657500, 0.354113, -1.000000, 0.388403, -1.000000, 0.365794, -1.000000, 0.392298, -1.000000
0.500000, 0.000000, 3.500000, 0.150000, 0.207666, 0.732937, 0.407419, 0.995926, 0.210673, 0.806336, 0.230866, 0.989655
0.500000, 0.010000, 3.490000, 0.158713, 0.209703, -1.000000, 0.407228, -1.000000, 0.212785, -1.000000, 0.233122, -1.000000
0.500000, 0.020000, 3.480000, 0.167350, 0.211901, -1.000000, 0.407038, -1.000000, 0.214912, -1.000000, 0.235394, -1.000000
0.500000, 0.030000, 3.470001, 0.175913, 0.214115, -1.000000, 0.406847, -1.000000, 0.217054, -1.000000, 0.237681, -1.000000
0.500000, 0.040000, 3.460001, 0.184400, 0.216345, -1.000000, 0.406657, -1.000000, 0.219212, -1.000000, 0.239983, -1.000000
0.500000, 0.050000, 3.450001, 0.192813, 0.218593, -1.000000, 0.406466, -1.000000, 0.221385, -1.000000, 0.242300, -1.000000
0.500000, 0.060000, 3.440001, 0.201150, 0.220857, -1.000000, 0.406276, -1.000000, 0.223574, -1.000000, 0.244632, -1.000000
0.500000, 0.070000, 3.430000, 0.209413, 0.223138, -1.000000, 0.406086, -1.000000, 0.225778, -1.000000, 0.246979, -1.000000
0.500000, 0.080000, 3.420001, 0.217600, 0.225436, -1.000000, 0.405895, -1.000000, 0.227997, -1.000000, 0.249342, -1.000000
0.500000, 0.090000, 3.410000, 0.225713, 0.227751, -1.000000, 0.405705, -1.000000, 0.230231, -1.000000, 0.251720, -1.000000
0.500000, 0.100000, 3.400001, 0.233750, 0.230082, -1.000000, 0.405515, -1.000000, 0.232481, -1.000000, 0.254112, -1.000000
0.500000, 0.110000, 3.390000, 0.241713, 0.232430, -1.000000, 0.405324, -1.000000, 0.234747, -1.000000, 0.256520, -1.000000
0.500000, 0.120000, 3.380001, 0.249600, 0.234795, -1.000000, 0.405134, -1.000000, 0.237027, -1.000000, 0.258942, -1.000000
0.500000, 0.130000, 3.370000, 0.257413, 0.237176, -1.000000, 0.404944, -1.000000, 0.239323, -1.000000, 0.261379, -1.000000
0.500000, 0.140000, 3.360001, 0.265150, 0.239574, -1.000000, 0.404754, -1.000000, 0.241634, -1.000000, 0.263831, -1.000000
0.500000, 0.150000, 3.350000, 0.272813, 0.241988, -1.000000, 0.404564, -1.000000, 0.243960, -1.000000, 0.266298, -1.000000
0.500000, 0.160000, 3.340001, 0.280400, 0.244419, -1.000000, 0.404374, -1.000000, 0.246301, -1.000000, 0.268780, -1.000000
0.500000, 0.170000, 3.330000, 0.287913, 0.246866, -1.000000, 0.404184, -1.000000, 0.248657, -1.000000, 0.271276, -1.000000
0.500000, 0.180000, 3.320000, 0.295350, 0.249330, -1.000000, 0.403993, -1.000000, 0.251028, -1.000000, 0.273786, -1.000000
0.500000, 0.190000, 3.310000, 0.302713, 0.251810, -1.000000, 0.403803, -1.000000, 0.253414, -1.000000, 0.276311, -1.000000
0.500000, 0.200000, 3.300000, 0.310000, 0.254307, -1.000000, 0.403613, -1.000000, 0.255816, -1.000000, 0.278850, -1.000000
0.500000, 0.210000, 3.290000, 0.317213, 0.256819, -1.000000, 0.403423, -1.000000, 0.258232, -1.000000, 0.281404, -1.000000
0.500000, 0.220000, 3.280000, 0.324350, 0.259348, -1.000000, 0.403234, -1.000000, 0.260663, -1.000000, 0.283971, -1.000000
0.500000, 0.230000, 3.270000, 0.331413, 0.261893, -1.000000, 0.403044, -1.000000, 0.263108, -1.000000, 0.286553, -1.000000
0.500000, 0.240000, 3.260000, 0.338400, 0.264454, -1.000000, 0.402854, -1.000000, 0.265569, -1.000000, 0.289149, -1.000000
0.500000, 0.250000, 3.250000, 0.345313, 0.267031, -1.000000, 0.402664, -1.000000, 0.268044, -1.000000, 0.291758, -1.000000
0.500000, 0.260000, 3.240000, 0.352150, 0.269624, -1.000000, 0.402474, -1.000000, 0.270533, -1.000000, 0.294382, -1.000000
0.500000, 0.270000, 3.230000, 0.358913, 0.272233, -1.000000, 0.402284, -1.000000, 0.273037, -1.000000, 0.297019, -1.000000
0.500000, 0.280000, 3.220001, 0.365600, 0.274858, -1.000000, 0.402094, -1.000000, 0.275556, -1.000000, 0.299670, -1.000000
0.500000, 0.290000, 3.210001, 0.372213, 0.277498, -1.000000, 0.401905, -1.000000, 0.278088, -1.000000, 0.302334, -1.000000
0.500000, 0.300000, 3.200001, 0.378750, 0.280154, -1.000000, 0.401715, -1.000000, 0.280636, -1.000000, 0.305012, -1.000000
0.500000, 0.310000, 3.190001, 0.385213, 0.282825, -1.000000, 0.401525, -1.000000, 0.283197, -1.000000, 0.307702, -1.000000
0.500000, 0.320000, 3.180001, 0.391600, 0.285511, -1.000000, 0.401336, -1.000000, 0.285772, -1.000000, 0.310406, -1.000000
0.500000, 0.330000, 3.170001, 0.397913, 0.288213, -1.000000, 0.401146, -1.000000, 0.288362, -1.000000, 0.313123, -1.000000
0.500000, 0.340000, 3.160001, 0.404150, 0.290930, -1.000000, 0.400956, -1.000000, 0.290965, -1.000000, 0.315853, -1.000000
0.500000, 0.350000, 3.150001, 0.410313, 0.293662, -1.000000, 0.400767, -1.000000, 0.293582, -1.000000, 0.318596, -1.000000
0.500000, 0.360000, 3.140001, 0.416400, 0.296409, -1.000000, 0.400577, -1.000000, 0.296213, -1.000000, 0.321351, -1.000000
0.500000, 0.370000, 3.130001, 0.422413, 0.299171, -1.000000, 0.400388, -1.000000, 0.298857, -1.000000, 0.324119, -1.000000
0.500000, 0.380000, 3.120001, 0.428350, 0.301948, -1.000000, 0.400198, -1.000000, 0.301515, -1.000000, 0.326899, -1.000000
0.500000, 0.390000, 3.110001, 0.434213, 0.304739, -1.000000, 0.400009, -1.000000, 0.304186, -1.000000, 0.329691, -1.000000
0.500000, 0.400000, 3.100001, 0.440000, 0.307544, -1.000000, 0.399820, -1.000000, 0.306871, -1.000000, 0.332496, -1.000000
0.500000, 0.410000, 3.090001, 0.445713, 0.310364, -1.000000, 0.399630, -1.000000, 0.309568, -1.000000, 0.335312, -1.000000
0.500000, 0.420000, 3.080001, 0.451350, 0.313198, -1.000000, 0.399441, -1.000000, 0.312279, -1.000000, 0.338140, -1.000000
0.500000, 0.430000, 3.070001, 0.456913, 0.316046, -1.000000, 0.399251, -1.000000, 0.315003, -1.000000, 0.340980, -1.000000
0.500000, 0.440000, 3.060001, 0.462400, 0.318908, -1.000000, 0.399062, -1.000000, 0.317739, -1.000000, 0.343831, -1.000000
0.500000, 0.450000, 3.050001, 0.467813, 0.321783, -1.000000, 0.398873, -1.000000, 0.320488, -1.000000, 0.346693, -1.000000
0.500000, 0.460000, 3.040001, 0.473150, 0.324672, -1.000000, 0.398684, -1.000000, 0.323250, -1.000000, 0.349567, -1.000000
0.500000, 0.470000, 3.030001, 0.478413, 0.327575, -1.000000, 0.398494, -1.000000, 0.326023, -1.000000, 0.352452, -1.000000
0.500000, 0.480000, 3.020001, 0.483600, 0.330491, -1.000000, 0.398305, -1.000000, 0.328810, -1.000000, 0.355347, -1.000000
0.500000, 0.490000, 3.010001, 0.488712, 0.333177, -1.000000, 0.398116, -1.000000, 0.331608, -1.000000, 0.358253, -1.000000
0.500000, 0.500000, 3.000001, 0.493750, 0.335200, -1.000000, 0.397927, -1.000000, 0.334418, -1.000000, 0.361169, -1.000000
0.500000, 0.510000, 2.990001, 0.498712, 0.337230, -1.000000, 0.397738, -1.000000, 0.337240, -1.000000, 0.364096, -1.000000
0.500000, 0.520000, 2.980001, 0.503600, 0.339265, -1.000000, 0.397549, -1.000000, 0.340074, -1.000000, 0.367033, -1.000000
0.500000, 0.530000, 2.970001, 0.508412, 0.341306, -1.000000, 0.397360, -1.000000, 0.342919, -1.000000, 0.369980, -1.000000
0.500000, 0.540000, 2.960001, 0.513150, 0.343353, -1.000000, 0.397171, -1.000000, 0.345775, -1.000000, 0.372936, -1.000000
0.500000, 0.550000, 2.950001, 0.517812, 0.345406, -1.000000, 0.396982, -1.000000, 0.348643, -1.000000, 0.375902, -1.000000
0.500000, 0.560000, 2.940001, 0.522400, 0.347465, -1.000000, 0.396793, -1.000000, 0.351522, -1.000000, 0.378877, -1.000000
0.500000, 0.570000, 2.930001, 0.526912, 0.349529, -1.000000, 0.396604, -1.000000, 0.354411, -1.000000, 0.381862, -1.000000
0.500000, 0.580000, 2.920001, 0.531350, 0.351599, -1.000000, 0.396415, -1.000000, 0.357311, -1.000000, 0.384855, -1.000000
0.500000, 0.590000, 2.910001, 0.535712, 0.352551, -1.000000, 0.396226, -1.000000, 0.360222, -1.000000, 0.387857, -1.000000
0.500000, 0.600000, 2.900001, 0.540000, 0.352589, -1.000000, 0.396038, -1.000000, 0.363143, -1.000000, 0.390868, -1.000000
0.500000, 0.610000, 2.890001, 0.544212, 0.352627, -1.000000, 0.395849, -1.000000, 0.366107, -1.000000, 0.392298, -1.000000
0.500000, 0.620000, 2.880001, 0.548350, 0.352664, -1.000000, 0.395660, -1.000000, 0.368641, -1.000000, 0.392298, -1.000000
0.500000, 0.630000, 2.870001, 0.552412, 0.352702, -1.000000, 0.395471, -1.000000, 0.368671, -1.000000, 0.392298, -1.000000
0.500000, 0.640000, 2.860001, 0.556400, 0.352739, -1.000000, 0.395283, -1.000000, 0.368701, -1.000000, 0.392298, -1.000000
0.500000, 0.650000, 2.850001, 0.560312, 0.352777, -1.000000, 0.395094, -1.000000, 0.368731, -1.000000, 0.392298, -1.000000
0.500000, 0.660000, 2.840001, 0.564150, 0.352815, -1.000000, 0.394905, -1.000000, 0.368761, -1.000000, 0.392298, -1.000000
0.500000, 0.670000, 2.830001, 0.567912, 0.352852, -1.000000, 0.394717, -1.000000, 0.368761, -1.000000, 0.392298, -1.000000
0.500000, 0.680000, 2.820001, 0.571600, 0.352890, -1.000000, 0.394528, -1.000000, 0.368627, -1.000000, 0.392298, -1.000000
0.500000, 0.690000, 2.810001, 0.575212, 0.352927, -1.000000, 0.394340, -1.000000, 0.368493, -1.000000, 0.392298, -1.000000
0.500000, 0.700000, 2.800001, 0.578750, 0.352965, -1.000000, 0.394151, -1.000000, 0.368358, -1.000000, 0.392298, -1.000000
0.500000, 0.710000, 2.790001, 0.582212, 0.353003, -1.000000, 0.393963, -1.000000, 0.368224, -1.000000, 0.392298, -1.000000
0.500000, 0.720000, 2.780001, 0.585600, 0.353040, -1.000000, 0.393774, -1.000000, 0.368090, -1.000000, 0.392298, -1.000000
0.500000, 0.730000, 2.770001, 0.588912, 0.353078, -1.000000, 0.393586, -1.000000, 0.367971, -1.000000, 0.392298, -1.000000
0.500000, 0.740000, 2.760001, 0.592150, 0.353115, -1.000000, 0.393398, -1.000000, 0.367889, -1.000000, 0.392298, -1.000000
0.500000, 0.750000, 2.750001, 0.595312, 0.353153, -1.000000, 0.393209, -1.000000, 0.367806, -1.000000, 0.392298, -1.000000
0.500000, 0.760000, 2.740001, 0.598400, 0.353191, -1.000000, 0.393021, -1.000000, 0.367724, -1.000000, 0.392298, -1.000000
0.500000, 0.770000, 2.730001, 0.601413, 0.353228, -1.000000, 0.392833, -1.000000, 0.367641, -1.000000, 0.392298, -1.000000
0.500000, 0.780000, 2.720001, 0.604350, 0.353266, -1.000000, 0.392644, -1.000000, 0.367559, -1.000000, 0.392298, -1.000000
0.500000, 0.790000, 2.710001, 0.607213, 0.353304, -1.000000, 0.392456, -1.000000, 0.367477, -1.000000, 0.392298, -1.000000
0.500000, 0.800000, 2.700001, 0.610000, 0.353341, -1.000000, 0.392268, -1.000000, 0.367394, -1.000000, 0.392298, -1.000000
0.500000, 0.810000, 2.690001, 0.612713, 0.353379, -1.000000, 0.392080, -1.000000, 0.367312, -1.000000, 0.392298, -1.000000
0.500000, 0.820000, 2.680001, 0.615350, 0.353416, -1.000000, 0.391892, -1.000000, 0.367229, -1.000000, 0.392298, -1.000000
0.500000, 0.830000, 2.670001, 0.617913, 0.353454, -1.000000, 0.391704, -1.000000, 0.367147, -1.000000, 0.392298, -1.000000
0.500000, 0.839999, 2.660001, 0.620400, 0.353492, -1.000000, 0.391516, -1.000000, 0.367065, -1.000000, 0.392298, -1.000000
0.500000, 0.849999, 2.650001, 0.622813, 0.353529, -1.000000, 0.391328, -1.000000, 0.366982, -1.000000, 0.392298, -1.000000
0.500000, 0.859999, 2.640001, 0.625150, 0.353567, -1.000000, 0.391140, -1.000000, 0.366900, -1.000000, 0.392298, -1.000000
0.500000, 0.869999, 2.630001, 0.627412, 0.353605, -1.000000, 0.390952, -1.000000, 0.366818, -1.000000, 0.392298, -1.000000
0.500000, 0.879999, 2.620001, 0.629600, 0.353642, -1.000000, 0.390764, -1.000000, 0.366735, -1.000000, 0.392298, -1.000000
0.500000, 0.889999, 2.610001, 0.631713, 0.353680, -1.000000, 0.390576, -1.000000, 0.366653, -1.000000, 0.392298, -1.000000
0.500000, 0.899999, 2.600001, 0.633750, 0.353717, -1.000000, 0.390388, -1.000000, 0.366571, -1.000000, 0.392298, -1.000000
0.500000, 0.909999, 2.590001, 0.635713, 0.353755, -1.000000, 0.390200, -1.000000, 0.366488, -1.000000, 0.392298, -1.000000
0.500000, 0.919999, 2.580001, 0.637600, 0.353793, -1.000000, 0.390012, -1.000000, 0.366406, -1.000000, 0.392298, -1.000000
0.500000, 0.929999, 2.570001, 0.639413, 0.353830, -1.000000, 0.389825, -1.000000, 0.366324, -1.000000, 0.392298, -1.000000
0.500000, 0.939999, 2.560001, 0.641150, 0.353868, -1.000000, 0.389637, -1.000000, 0.366241, -1.000000, 0.392298, -1.000000
0.500000, 0.949999, 2.550001, 0.642812, 0.353906, -1.000000, 0.389449, -1.000000, 0.366159, -1.000000, 0.392298, -1.000000
0.500000, 0.959999, 2.540001, 0.644400, 0.353943, -1.000000, 0.389262, -1.000000, 0.366077, -1.000000, 0.392298, -1.000000
0.500000, 0.969999, 2.530001, 0.645913, 0.353981, -1.000000, 0.389074, -1.000000, 0.365995, -1.000000, 0.392298, -1.000000
0.500000, 0.979999, 2.520001, 0.647350, 0.354019, -1.000000, 0.388886, -1.000000, 0.365912, -1.000000, 0.392298, -1.000000
0.500000, 0.989999, 2.510001, 0.648713, 0.354056, -1.000000, 0.388699, -1.000000, 0.365830, -1.000000, 0.392298, -1.000000
0.500000, 0.999999, 2.500001, 0.650000, 0.354094, -1.000000, 0.388511, -1.000000, 0.365748, -1.000000, 0.392298, -1.000000
0.510000, 0.000000, 3.470001, 0.150000, 0.207494, 0.732935, 0.407529, 0.995939, 0.210577, 0.806336, 0.230518, 0.989820
0.510000, 0.010000, 3.460001, 0.158638, 0.209545, -1.000000, 0.407339, -1.000000, 0.212688, -1.000000, 0.232772, -1.000000
0.510000, 0.020000, 3.450001, 0.167200, 0.211741, -1.000000, 0.407148, -1.000000, 0.214814, -1.000000, 0.235041, -1.000000
0.510000, 0.030000, 3.440001, 0.175688, 0.213954, -1.000000, 0.406958, -1.000000, 0.216956, -1.000000, 0.237326, -1.000000
0.510000, 0.040000, 3.430001, 0.184100, 0.216183, -1.000000, 0.406767, -1.000000, 0.219113, -1.000000, 0.239625, -1.000000
0.510000, 0.050000, 3.420001, 0.192438, 0.218430, -1.000000, 0.406577, -1.000000, 0.221286, -1.000000, 0.241940, -1.000000
0.510000, 0.060000, 3.410001, 0.200700, 0.220693, -1.000000, 0.406386, -1.000000, 0.223473, -1.000000, 0.244270, -1.000000
0.510000, 0.070000, 3.400001, 0.208888, 0.222973, -1.000000, 0.406196, -1.000000, 0.225677, -1.000000, 0.246615, -1.000000
0.510000, 0.080000, 3.390000, 0.217000, 0.225269, -1.000000, 0.406005, -1.000000, 0.227895, -1.000000, 0.248975, -1.000000
0.510000, 0.090000, 3.380001, 0.225038, 0.227583, -1.000000, 0.405815, -1.000000, 0.230129, -1.000000, 0.251351, -1.000000
0.510000, 0.100000, 3.370000, 0.233000, 0.229913, -1.000000, 0.405625, -1.000000, 0.232378, -1.000000, 0.253741, -1.000000
0.510000, 0.110000, 3.360001, 0.240888, 0.232259, -1.000000, 0.405435, -1.000000, 0.234643, -1.000000, 0.256146, -1.000000
0.510000, 0.120000, 3.350000, 0.248700, 0.234623, -1.000000, 0.405244, -1.000000, 0.236923, -1.000000, 0.258566, -1.000000
0.510000, 0.130000, 3.340001, 0.256438, 0.237003, -1.000000, 0.405054, -1.000000, 0.239218, -1.000000, 0.261001, -1.000000
0.510000, 0.140000, 3.330000, 0.264100, 0.239400, -1.000000, 0.404864, -1.000000, 0.241528, -1.000000, 0.263451, -1.000000
0.510000, 0.150000, 3.320001, 0.271688, 0.241813, -1.000000, 0.404674, -1.000000, 0.243853, -1.000000, 0.265915, -1.000000
0.510000, 0.160000, 3.310000, 0.279200, 0.244242, -1.000000, 0.404484, -1.000000, 0.246194, -1.000000, 0.268395, -1.000000
0.510000, 0.170000, 3.300000, 0.286638, 0.246689, -1.000000, 0.404293, -1.000000, 0.248549, -1.000000, 0.270888, -1.000000
0.510000, 0.180000, 3.290000, 0.294000, 0.249151, -1.000000, 0.404103, -1.000000, 0.250920, -1.000000, 0.273396, -1.000000
0.510000, 0.190000, 3.280000, 0.301288, 0.251630, -1.000000, 0.403913, -1.000000, 0.253305, -1.000000, 0.275919, -1.000000
0.510000, 0.200000, 3.270000, 0.308500, 0.254125, -1.000000, 0.403723, -1.000000, 0.255706, -1.000000, 0.278456, -1.000000
0.510000, 0.210000, 3.260000, 0.315638, 0.256637, -1.000000, 0.403533, -1.000000, 0.258121, -1.000000, 0.281007, -1.000000
0.510000, 0.220000, 3.250000, 0.322700, 0.259165, -1.000000, 0.403343, -1.000000, 0.260551, -1.000000, 0.283573, -1.000000
0.510000, 0.230000, 3.240000, 0.329688, 0.261708, -1.000000, 0.403153, -1.000000, 0.262996, -1.000000, 0.286153, -1.000000
0.510000, 0.240000, 3.230000, 0.336600, 0.264268, -1.000000, 0.402964, -1.000000, 0.265456, -1.000000, 0.288746, -1.000000
0.510000, 0.250000, 3.220001, 0.343438, 0.266844, -1.000000, 0.402774, -1.000000, 0.267930, -1.000000, 0.291354, -1.000000
0.510000, 0.260000, 3.210001, 0.350200, 0.269436, -1.000000, 0.402584, -1.000000, 0.270419, -1.000000, 0.293975, -1.000000
0.510000, 0.270000, 3.200001, 0.356888, 0.272044, -1.000000, 0.402394, -1.000000, 0.272923, -1.000000, 0.296610, -1.000000
0.510000, 0.280000, 3.190001, 0.363500, 0.274667, -1.000000, 0.402204, -1.000000, 0.275440, -1.000000, 0.299259, -1.000000
0.510000, 0.290000, 3.180001, 0.370038, 0.277306, -1.000000, 0.402014, -1.000000, 0.277973, -1.000000, 0.301921, -1.000000
0.510000, 0.300000, 3.170001, 0.376500, 0.279961, -1.000000, 0.401825, -1.000000, 0.280519, -1.000000, 0.304596, -1.000000
0.510000, 0.310000, 3.160001, 0.382888, 0.282631, -1.000000, 0.401635, -1.000000, 0.283080, -1.000000, 0.307285, -1.000000
0.510000, 0.320000, 3.150001, 0.389200, 0.285316, -1.000000, 0.401445, -1.000000, 0.285654, -1.000000, 0.309987, -1.000000
0.510000, 0.330000, 3.140001, 0.395438, 0.288017, -1.000000, 0.401256, -1.000000, 0.288243, -1.000000, 0.312702, -1.000000
0.510000, 0.340000, 3.130001, 0.401600, 0.290733, -1.000000, 0.401066, -1.000000, 0.290846, -1.000000, 0.315430, -1.000000
0.510000, 0.350000, 3.120001, 0.407688, 0.293464, -1.000000, 0.400877, -1.000000, 0.293462, -1.000000, 0.318170, -1.000000
0.510000, 0.360000, 3.110001, 0.413700, 0.296210, -1.000000, 0.400687, -1.000000, 0.296092, -1.000000, 0.320924, -1.000000
0.510000, 0.370000, 3.100001, 0.419638, 0.298971, -1.000000, 0.400497, -1.000000, 0.298736, -1.000000, 0.323690, -1.000000
0.510000, 0.380000, 3.090001, 0.425500, 0.301746, -1.000000, 0.400308, -1.000000, 0.301393, -1.000000, 0.326468, -1.000000
0.510000, 0.390000, 3.080001, 0.431288, 0.304536, -1.000000, 0.400119, -1.000000, 0.304064, -1.000000, 0.329258, -1.000000
0.510000, 0.400000, 3.070001, 0.437000, 0.307341, -1.000000, 0.399929, -1.000000, 0.306748, -1.000000, 0.332061, -1.000000
0.510000, 0.410000, 3.060001, 0.442638, 0.310159, -1.000000, 0.399740, -1.000000, 0.309445, -1.000000, 0.334875, -1.000000
0.510000, 0.420000, 3.050001, 0.448200, 0.312992, -1.000000, 0.399550, -1.000000, 0.312155, -1.000000, 0.337702, -1.000000
0.510000, 0.430000, 3.040001, 0.453688, 0.315839, -1.000000, 0.399361, -1.000000, 0.314878, -1.000000, 0.340539, -1.000000
0.510000, 0.440000, 3.030001, 0.459100, 0.318700, -1.000000, 0.399172, -1.000000, 0.317614, -1.000000, 0.343389, -1.000000
0.510000, 0.450000, 3.020001, 0.464438, 0.321575, -1.000000, 0.398982, -1.000000, 0.320362, -1.000000, 0.346250, -1.000000
0.510000, 0.460000, 3.010001, 0.469700, 0.324463, -1.000000, 0.398793, -1.000000, 0.323123, -1.000000, 0.349121, -1.000000
0.510000, 0.470000, 3.000001, 0.474887, 0.327364, -1.000000, 0.398604, -1.000000, 0.325897, -1.000000, 0.352004, -1.000000
0.510000, 0.480000, 2.990001, 0.480000, 0.330279, -1.000000, 0.398415, -1.000000, 0.328682, -1.000000, 0.354898, -1.000000
0.510000, 0.490000, 2.980001, 0.485037, 0.332879, -1.000000, 0.398226, -1.000000, 0.331480, -1.000000, 0.357802, -1.000000
0.510000, 0.500000, 2.970001, 0.490000, 0.334901, -1.000000, 0.398036, -1.000000, 0.334290, -1.000000, 0.360717, -1.000000
0.510000, 0.510000, 2.960001, 0.494887, 0.336930, -1.000000, 0.397847, -1.000000, 0.337111, -1.000000, 0.363642, -1.000000
0.510000, 0.520000, 2.950001, 0.499700, 0.338964, -1.000000, 0.397658, -1.000000, 0.339944, -1.000000, 0.366578, -1.000000
0.510000, 0.530000, 2.940001, 0.504437, 0.341004, -1.000000, 0.397469, -1.000000, 0.342789, -1.000000, 0.369523, -1.000000
0.510000, 0.540000, 2.930001, 0.509100, 0.343050, -1.000000, 0.397280, -1.000000, 0.345645, -1.000000, 0.372478, -1.000000
0.510000, 0.550000, 2.920001, 0.513687, 0.345102, -1.000000, 0.397091, -1.000000, 0.348512, -1.000000, 0.375442, -1.000000
0.510000, 0.560000, 2.910001, 0.518200, 0.347160, -1.000000, 0.396902, -1.000000, 0.351390, -1.000000, 0.378416, -1.000000
0.510000, 0.570000, 2.900001, 0.522637, 0.349224, -1.000000, 0.396713, -1.000000, 0.354279, -1.000000, 0.381399, -1.000000
0.510000, 0.580000, 2.890001, 0.527000, 0.351293, -1.000000, 0.396524, -1.000000, 0.357179, -1.000000, 0.384391, -1.000000
0.510000, 0.590000, 2.880001, 0.531287, 0.352533, -1.000000, 0.396336, -1.000000, 0.360089, -1.000000, 0.387392, -1.000000
0.510000, 0.600000, 2.870001, 0.535500, 0.352570, -1.000000, 0.396147, -1.000000, 0.363009, -1.000000, 0.390401, -1.000000
0.510000, 0.610000, 2.860001, 0.539637, 0.352608, -1.000000, 0.395958, -1.000000, 0.365940, -1.000000, 0.392298, -1.000000
0.510000, 0.620000, 2.850001, 0.543700, 0.352645, -1.000000, 0.395769, -1.000000, 0.368503, -1.000000, 0.392298, -1.000000
0.510000, 0.630000, 2.840001, 0.547687, 0.352683, -1.000000, 0.395581, -1.000000, 0.368533, -1.000000, 0.392298, -1.000000
0.510000, 0.640000, 2.830001, 0.551600, 0.352721, -1.000000, 0.395392, -1.000000, 0.368563, -1.000000, 0.392298, -1.000000
0.510000, 0.650000, 2.820001, 0.555437, 0.352758, -1.000000, 0.395203, -1.000000, 0.368593, -1.000000, 0.392298, -1.000000
0.510000, 0.660000, 2.810001, 0.559200, 0.352796, -1.000000, 0.395014, -1.000000, 0.368622, -1.000000, 0.392298, -1.000000
0.510000, 0.670000, 2.800001, 0.562887, 0.352833, -1.000000, 0.394826, -1.000000, 0.368652, -1.000000, 0.392298, -1.000000
0.510000, 0.680000, 2.790001, 0.566500, 0.352871, -1.000000, 0.394637, -1.000000, 0.368560, -1.000000, 0.392298, -1.000000
0.510000, 0.690000, 2.780001, 0.570037, 0.352909, -1.000000, 0.394449, -1.000000, 0.368426, -1.000000, 0.392298, -1.000000
0.510000, 0.700000, 2.770001, 0.573500, 0.352946, -1.000000, 0.394260, -1.000000, 0.368291, -1.000000, 0.392298, -1.000000
0.510000, 0.710000, 2.760001, 0.576887, 0.352984, -1.000000, 0.394072, -1.000000, 0.368157, -1.000000, 0.392298, -1.000000
0.510000, 0.720000, 2.750001, 0.580200, 0.353021, -1.000000, 0.393883, -1.000000, 0.368023, -1.000000, 0.392298, -1.000000
0.510000, 0.730000, 2.740001, 0.583437, 0.353059, -1.000000, 0.393695, -1.000000, 0.367925, -1.000000, 0.392298, -1.000000
0.510000, 0.740000, 2.730001, 0.586600, 0.353097, -1.000000, 0.393507, -1.000000, 0.367842, -1.000000, 0.392298, -1.000000
0.510000, 0.750000, 2.720001, 0.589687, 0.353134, -1.000000, 0.393318, -1.000000, 0.367760, -1.000000, 0.392298, -1.000000
0.510000, 0.760000, 2.710001, 0.592700, 0.353172, -1.000000, 0.393130, -1.000000, 0.367678, -1.000000, 0.392298, -1.000000
0.510000, 0.770000, 2.700001, 0.595637, 0.353209, -1.000000, 0.392942, -1.000000, 0.367595, -1.000000, 0.392298, -1.000000
0.510000, 0.780000, 2.690001, 0.598500, 0.353247, -1.000000, 0.392753, -1.000000, 0.367513, -1.000000, 0.392298, -1.000000
0.510000, 0.790000, 2.680001, 0.601287, 0.353285, -1.000000, 0.392565, -1.000000, 0.367430, -1.000000, 0.392298, -1.000000
0.510000, 0.800000, 2.670001, 0.604000, 0.353322, -1.000000, 0.392377, -1.000000, 0.367348, -1.000000, 0.392298, -1.000000
0.510000, 0.810000, 2.660001, 0.606637, 0.353360, -1.000000, 0.392189, -1.000000, 0.367266, -1.000000, 0.392298, -1.000000
0.510000, 0.820000, 2.650001, 0.609200, 0.353398, -1.000000, 0.392001, -1.000000, 0.367183, -1.000000, 0.392298, -1.000000
0.510000, 0.830000, 2.640001, 0.611688, 0.353435, -1.000000, 0.391812, -1.000000, 0.367101, -1.000000, 0.392298, -1.000000
0.510000, 0.839999, 2.630001, 0.614100, 0.353473, -1.000000, 0.391624, -1.000000, 0.367018, -1.000000, 0.392298, -1.000000
0.510000, 0.849999, 2.620001, 0.616437, 0.353510, -1.000000, 0.391436, -1.000000, 0.366936, -1.000000, 0.392298, -1.000000
0.510000, 0.859999, 2.610001, 0.618700, 0.353548, -1.000000, 0.391248, -1.000000, 0.366854, -1.000000, 0.392298, -1.000000
0.510000, 0.869999, 2.600001, 0.620888, 0.353586, -1.000000, 0.391060, -1.000000, 0.366771, -1.000000, 0.392298, -1.000000
0.510000, 0.879999, 2.590001, 0.623000, 0.353623, -1.000000, 0.390873, -1.000000, 0.366689, -1.000000, 0.392298, -1.000000
0.510000, 0.889999, 2.580001, 0.625038, 0.353661, -1.000000, 0.390685, -1.000000, 0.366607, -1.000000, 0.392298, -1.000000
0.510000, 0.899999, 2.570001, 0.627000, 0.353699, -1.000000, 0.390497, -1.000000, 0.366524, -1.000000, 0.392298, -1.000000
0.510000, 0.909999, 2.560001, 0.628888, 0.353736, -1.000000, 0.390309, -1.000000, 0.366442, -1.000000, 0.392298, -1.000000
0.510000, 0.919999, 2.550001, 0.630700, 0.353774, -1.000000, 0.390121, -1.000000, 0.366360, -1.000000, 0.392298, -1.000000
0.510000, 0.929999, 2.540001, 0.632438, 0.353812, -1.000000, 0.389933, -1.000000, 0.366278, -1.000000, 0.392298, -1.000000
0.510000, 0.939999, 2.530001, 0.634100, 0.353849, -1.000000, 0.389746, -1.000000, 0.366195, -1.000000, 0.392298, -1.000000
0.510000, 0.949999, 2.520001, 0.635688, 0.353887, -1.000000, 0.389558, -1.000000, 0.366113, -1.000000, 0.392298, -1.000000
0.510000, 0.959999, 2.510001, 0.637200, 0.353924, -1.000000, 0.389370, -1.000000, 0.366031, -1.000000, 0.392298, -1.000000
0.510000, 0.969999, 2.500001, 0.638638, 0.353962, -1.000000, 0.389183, -1.000000, 0.365948, -1.000000, 0.392298, -1.000000
0.510000, 0.979999, 2.490001, 0.640000, 0.354000, -1.000000, 0.388995, -1.000000, 0.365866, -1.000000, 0.392298, -1.000000
0.510000, 0.989999, 2.480001, 0.641288, 0.354037, -1.000000, 0.388807, -1.000000, 0.365784, -1.000000, 0.392298, -1.000000
0.510000, 0.999999, 2.470001, 0.642500, 0.354075, -1.000000, 0.388620, -1.000000, 0.365702, -1.000000, 0.392298, -1.000000
0.520000, 0.000000, 3.440001, 0.150000, 0.207323, 0.732934, 0.407639, 0.995953, 0.210481, 0.806336, 0.230171, 0.989982
0.520000, 0.010000, 3.430001, 0.158563, 0.209387, -1.000000, 0.407449, -1.000000, 0.212591, -1.000000, 0.232422, -1.000000
0.520000, 0.020000, 3.420001, 0.167050, 0.211581, -1.000000, 0.407258, -1.000000, 0.214717, -1.000000, 0.234689, -1.000000
0.520000, 0.030000, 3.410001, 0.175463, 0.213793, -1.000000, 0.407068, -1.000000, 0.216858, -1.000000, 0.236971, -1.000000
0.520000, 0.040000, 3.400001, 0.183800, 0.216021, -1.000000, 0.406877, -1.000000, 0.219014, -1.000000, 0.239268, -1.000000
0.520000, 0.050000, 3.390001, 0.192063, 0.218266, -1.000000, 0.406687, -1.000000, 0.221186, -1.000000, 0.241581, -1.000000
0.520000, 0.060000, 3.380001, 0.200250, 0.220528, -1.000000, 0.406496, -1.000000, 0.223373, -1.000000, 0.243908, -1.000000
0.520000, 0.070000, 3.370000, 0.208363, 0.222807, -1.000000, 0.406306, -1.000000, 0.225576, -1.000000, 0.246251, -1.000000
0.520000, 0.080000, 3.360001, 0.216400, 0.225102, -1.000000, 0.406116, -1.000000, 0.227794, -1.000000, 0.248609, -1.000000
0.520000, 0.090000, 3.350000, 0.224363, 0.227415, -1.000000, 0.405925, -1.000000, 0.230027, -1.000000, 0.250982, -1.000000
0.520000, 0.100000, 3.340001, 0.232250, 0.229744, -1.000000, 0.405735, -1.000000, 0.232275, -1.000000, 0.253370, -1.000000
0.520000, 0.110000, 3.330000, 0.240063, 0.232089, -1.000000, 0.405545, -1.000000, 0.234539, -1.000000, 0.255773, -1.000000
0.520000, 0.120000, 3.320001, 0.247800, 0.234451, -1.000000, 0.405354, -1.000000, 0.236818, -1.000000, 0.258191, -1.000000
0.520000, 0.130000, 3.310000, 0.255463, 0.236830, -1.000000, 0.405164, -1.000000, 0.239113, -1.000000, 0.260623, -1.000000
0.520000, 0.140000, 3.300001, 0.263050, 0.239225, -1.000000, 0.404974, -1.000000, 0.241422, -1.000000, 0.263071, -1.000000
0.520000, 0.150000, 3.290000, 0.270563, 0.241637, -1.000000, 0.404784, -1.000000, 0.243747, -1.000000, 0.265533, -1.000000
0.520000, 0.160000, 3.280001, 0.278000, 0.244066, -1.000000, 0.404593, -1.000000, 0.246087, -1.000000, 0.268010, -1.000000
0.520000, 0.170000, 3.270000, 0.285363, 0.246511, -1.000000, 0.404403, -1.000000, 0.248441, -1.000000, 0.270501, -1.000000
0.520000, 0.180000, 3.260000, 0.292650, 0.248972, -1.000000, 0.404213, -1.000000, 0.250811, -1.000000, 0.273007, -1.000000
0.520000, 0.190000, 3.250000, 0.299863, 0.251450, -1.000000, 0.404023, -1.000000, 0.253196, -1.000000, 0.275528, -1.000000
0.520000, 0.200000, 3.240000, 0.307000, 0.253944, -1.000000, 0.403833, -1.000000, 0.255596, -1.000000, 0.278062, -1.000000
0.520000, 0.210000, 3.230000, 0.314063, 0.256454, -1.000000, 0.403643, -1.000000, 0.258011, -1.000000, 0.280612, -1.000000
0.520000, 0.220000, 3.220001, 0.321050, 0.258981, -1.000000, 0.403453, -1.000000, 0.260440, -1.000000, 0.283175, -1.000000
0.520000, 0.230000, 3.210001, 0.327963, 0.261524, -1.000000, 0.403263, -1.000000, 0.262884, -1.000000, 0.285752, -1.000000
0.520000, 0.240000, 3.200001, 0.334800, 0.264082, -1.000000, 0.403073, -1.000000, 0.265343, -1.000000, 0.288344, -1.000000
0.520000, 0.250000, 3.190001, 0.341563, 0.266657, -1.000000, 0.402883, -1.000000, 0.267817, -1.000000, 0.290949, -1.000000
0.520000, 0.260000, 3.180001, 0.348250, 0.269248, -1.000000, 0.402694, -1.000000, 0.270305, -1.000000, 0.293568, -1.000000
0.520000, 0.270000, 3.170001, 0.354863, 0.271854, -1.000000, 0.402504, -1.000000, 0.272808, -1.000000, 0.296201, -1.000000
0.520000, 0.280000, 3.160001, 0.361400, 0.274477, -1.000000, 0.402314, -1.000000, 0.275325, -1.000000, 0.298848, -1.000000
0.520000, 0.290000, 3.150001, 0.367863, 0.277115, -1.000000, 0.402124, -1.000000, 0.277857, -1.000000, 0.301508, -1.000000
0.520000, 0.300000, 3.140001, 0.374250, 0.279768, -1.000000, 0.401934, -1.000000, 0.280403, -1.000000, 0.304181, -1.000000
0.520000, 0.310000, 3.130001, 0.380563, 0.282437, -1.000000, 0.401745, -1.000000, 0.282963, -1.000000, 0.306868, -1.000000
0.520000, 0.320000, 3.120001, 0.386800, 0.285121, -1.000000, 0.401555, -1.000000, 0.285537, -1.000000, 0.309568, -1.000000
0.520000, 0.330000, 3.110001, 0.392963, 0.287821, -1.000000, 0.401365, -1.000000, 0.288125, -1.000000, 0.312281, -1.000000
0.520000, 0.340000, 3.100001, 0.399050, 0.290536, -1.000000, 0.401176, -1.000000, 0.290727, -1.000000, 0.315007, -1.000000
0.520000, 0.350000, 3.090001, 0.405063, 0.293266, -1.000000, 0.400986, -1.000000, 0.293343, -1.000000, 0.317745, -1.000000
0.520000, 0.360000, 3.080001, 0.411000, 0.296011, -1.000000, 0.400797, -1.000000, 0.295972, -1.000000, 0.320497, -1.000000
0.520000, 0.370000, 3.070001, 0.416863, 0.298770, -1.000000, 0.400607, -1.000000, 0.298615, -1.000000, 0.323261, -1.000000
0.520000, 0.380000, 3.060001, 0.422650, 0.301545, -1.000000, 0.400418, -1.000000, 0.301272, -1.000000, 0.326037, -1.000000
0.520000, 0.390000, 3.050001, 0.428363, 0.304334, -1.000000, 0.400228, -1.000000, 0.303942, -1.000000, 0.328825, -1.000000
0.520000, 0.400000, 3.040001, 0.434000, 0.307137, -1.000000, 0.400039, -1.000000, 0.306625, -1.000000, 0.331626, -1.000000
0.520000, 0.410000, 3.030001, 0.439563, 0.309955, -1.000000, 0.399849, -1.000000, 0.309322, -1.000000, 0.334439, -1.000000
0.520000, 0.420000, 3.020001, 0.445050, 0.312787, -1.000000, 0.399660, -1.000000, 0.312031, -1.000000, 0.337263, -1.000000
0.520000, 0.430000, 3.010001, 0.450463, 0.315633, -1.000000, 0.399470, -1.000000, 0.314754, -1.000000, 0.340099, -1.000000
0.520000, 0.440000, 3.000001, 0.455800, 0.318492, -1.000000, 0.399281, -1.000000, 0.317489, -1.000000, 0.342947, -1.000000
0.520000, 0.450000, 2.990001, 0.461063, 0.321366, -1.000000, 0.399092, -1.000000, 0.320237, -1.000000, 0.345806, -1.000000
0.520000, 0.460000, 2.980001, 0.466250, 0.324253, -1.000000, 0.398903, -1.000000, 0.322997, -1.000000, 0.348676, -1.000000
0.520000, 0.470000, 2.970001, 0.471363, 0.327154, -1.000000, 0.398713, -1.000000, 0.325770, -1.000000, 0.351557, -1.000000
0.520000, 0.480000, 2.960001, 0.476400, 0.330068, -1.000000, 0.398524, -1.000000, 0.328555, -1.000000, 0.354449, -1.000000
0.520000, 0.490000, 2.950001, 0.481362, 0.332581, -1.000000, 0.398335, -1.000000, 0.331352, -1.000000, 0.357352, -1.000000
0.520000, 0.500000, 2.940001, 0.486250, 0.334602, -1.000000, 0.398146, -1.000000, 0.334161, -1.000000, 0.360265, -1.000000
0.520000, 0.510000, 2.930001, 0.491062, 0.336630, -1.000000, 0.397957, -1.000000, 0.336982, -1.000000, 0.363189, -1.000000
0.520000, 0.520000, 2.920001, 0.495800, 0.338663, -1.000000, 0.397768, -1.000000, 0.339815, -1.000000, 0.366123, -1.000000
0.520000, 0.530000, 2.910001, 0.500463, 0.340703, -1.000000, 0.397579, -1.000000, 0.342659, -1.000000, 0.369066, -1.000000
0.520000, 0.540000, 2.900001, 0.505050, 0.342748, -1.000000, 0.397390, -1.000000, 0.345514, -1.000000, 0.372020, -1.000000
0.520000, 0.550000, 2.890001, 0.509562, 0.344799, -1.000000, 0.397201, -1.000000, 0.348381, -1.000000, 0.374983, -1.000000
0.520000, 0.560000, 2.880001, 0.514000, 0.346856, -1.000000, 0.397012, -1.000000, 0.351259, -1.000000, 0.377955, -1.000000
0.520000, 0.570000, 2.870001, 0.518363, 0.348919, -1.000000, 0.396823, -1.000000, 0.354147, -1.000000, 0.380937, -1.000000
0.520000, 0.580000, 2.860001, 0.522650, 0.350987, -1.000000, 0.396634, -1.000000, 0.357046, -1.000000, 0.383927, -1.000000
0.520000, 0.590000, 2.850001, 0.526863, 0.352514, -1.000000, 0.396445, -1.000000, 0.359956, -1.000000, 0.386927, -1.000000
0.520000, 0.600000, 2.840001, 0.531000, 0.352551, -1.000000, 0.396256, -1.000000, 0.362876, -1.000000, 0.389935, -1.000000
0.520000, 0.610000, 2.830001, 0.535062, 0.352589, -1.000000, 0.396067, -1.000000, 0.365806, -1.000000, 0.392298, -1.000000
0.520000, 0.620000, 2.820001, 0.539050, 0.352627, -1.000000, 0.395878, -1.000000, 0.368411, -1.000000, 0.392298, -1.000000
0.520000, 0.630000, 2.810001, 0.542962, 0.352664, -1.000000, 0.395690, -1.000000, 0.368394, -1.000000, 0.392298, -1.000000
0.520000, 0.640000, 2.800001, 0.546800, 0.352702, -1.000000, 0.395501, -1.000000, 0.368424, -1.000000, 0.392298, -1.000000
0.520000, 0.650000, 2.790001, 0.550563, 0.352739, -1.000000, 0.395312, -1.000000, 0.368454, -1.000000, 0.392298, -1.000000
0.520000, 0.660000, 2.780001, 0.554250, 0.352777, -1.000000, 0.395124, -1.000000, 0.368484, -1.000000, 0.392298, -1.000000
0.520000, 0.670000, 2.770001, 0.557863, 0.352815, -1.000000, 0.394935, -1.000000, 0.368514, -1.000000, 0.392298, -1.000000
0.520000, 0.680000, 2.760001, 0.561400, 0.352852, -1.000000, 0.394746, -1.000000, 0.368493, -1.000000, 0.392298, -1.000000
0.520000, 0.690000, 2.750001, 0.564862, 0.352890, -1.000000, 0.394558, -1.000000, 0.368359, -1.000000, 0.392298, -1.000000
0.520000, 0.700000, 2.740001, 0.568250, 0.352927, -1.000000, 0.394369, -1.000000, 0.368225, -1.000000, 0.392298, -1.000000
0.520000, 0.710000, 2.730001, 0.571563, 0.352965, -1.000000, 0.394181, -1.000000, 0.368091, -1.000000, 0.392298, -1.000000
0.520000, 0.720000, 2.720001, 0.574800, 0.353003, -1.000000, 0.393992, -1.000000, 0.367961, -1.000000, 0.392298, -1.000000
0.520000, 0.730000, 2.710001, 0.577963, 0.353040, -1.000000, 0.393804, -1.000000, 0.367879, -1.000000, 0.392298, -1.000000
0.520000, 0.740000, 2.700001, 0.581050, 0.353078, -1.000000, 0.393616, -1.000000, 0.367796, -1.000000, 0.392298, -1.000000
0.520000, 0.750000, 2.690001, 0.584062, 0.353115, -1.000000, 0.393427, -1.000000, 0.367714, -1.000000, 0.392298, -1.000000
0.520000, 0.760000, 2.680001, 0.587000, 0.353153, -1.000000, 0.393239, -1.000000, 0.367631, -1.000000, 0.392298, -1.000000
0.520000, 0.770000, 2.670001, 0.589862, 0.353191, -1.000000, 0.393050, -1.000000, 0.367549, -1.000000, 0.392298, -1.000000
0.520000, 0.780000, 2.660001, 0.592650, 0.353228, -1.000000, 0.392862, -1.000000, 0.367466, -1.000000, 0.392298, -1.000000
0.520000, 0.790000, 2.650001, 0.595363, 0.353266, -1.000000, 0.392674, -1.000000, 0.367384, -1.000000, 0.392298, -1.000000
0.520000, 0.800000, 2.640001, 0.598000, 0.353303, -1.000000, 0.392486, -1.000000, 0.367302, -1.000000, 0.392298, -1.000000
0.520000, 0.810000, 2.630001, 0.600562, 0.353341, -1.000000, 0.392298, -1.000000, 0.367219, -1.000000, 0.392298, -1.000000
0.520000, 0.820000, 2.620001, 0.603050, 0.353379, -1.000000, 0.392109, -1.000000, 0.367137, -1.000000, 0.392298, -1.000000
0.520000, 0.830000, 2.610001, 0.605463, 0.353416, -1.000000, 0.391921, -1.000000, 0.367055, -1.000000, 0.392298, -1.000000
0.520000, 0.839999, 2.600001, 0.607800, 0.353454, -1.000000, 0.391733, -1.000000, 0.366972, -1.000000, 0.392298, -1.000000
0.520000, 0.849999, 2.590001, 0.610063, 0.353492, -1.000000, 0.391545, -1.000000, 0.366890, -1.000000, 0.392298, -1.000000
0.520000, 0.859999, 2.580001, 0.612250, 0.353529, -1.000000, 0.391357, -1.000000, 0.366808, -1.000000, 0.392298, -1.000000
0.520000, 0.869999, 2.570001, 0.614363, 0.353567, -1.000000, 0.391169, -1.000000, 0.366725, -1.000000, 0.392298, -1.000000
0.520000, 0.879999, 2.560001, 0.616400, 0.353604, -1.000000, 0.390981, -1.000000, 0.366643, -1.000000, 0.392298, -1.000000
0.520000, 0.889999, 2.550001, 0.618363, 0.353642, -1.000000, 0.390793, -1.000000, 0.366561, -1.000000, 0.392298, -1.000000
0.520000, 0.899999, 2.540001, 0.620250, 0.353680, -1.000000, 0.390605, -1.000000, 0.366478, -1.000000, 0.392298, -1.000000
0.520000, 0.909999, 2.530001, 0.622063, 0.353717, -1.000000, 0.390417, -1.000000, 0.366396, -1.000000, 0.392298, -1.000000
0.520000, 0.919999, 2.520001, 0.623800, 0.353755, -1.000000, 0.390230, -1.000000, 0.366314, -1.000000, 0.392298, -1.000000
0.520000, 0.929999, 2.510001, 0.625463, 0.353793, -1.000000, 0.390042, -1.000000, 0.366231, -1.000000, 0.392298, -1.000000
0.520000, 0.939999, 2.500001, 0.627050, 0.353830, -1.000000, 0.389854, -1.000000, 0.366149, -1.000000, 0.392298, -1.000000
0.520000, 0.949999, 2.490001, 0.628563, 0.353868, -1.000000, 0.389666, -1.000000, 0.366067, -1.000000, 0.392298, -1.000000
0.520000, 0.959999, 2.480001, 0.630000, 0.353906, -1.000000, 0.389479, -1.000000, 0.365984, -1.000000, 0.392298, -1.000000
0.520000, 0.969999, 2.470001, 0.631363, 0.353943, -1.000000, 0.389291, -1.000000, 0.365902, -1.000000, 0.392298, -1.000000
0.520000, 0.979999, 2.460001, 0.632650, 0.353981, -1.000000, 0.389103, -1.000000, 0.365820, -1.000000, 0.392298, -1.000000
0.520000, 0.989999, 2.450001, 0.633863, 0.354019, -1.000000, 0.388916, -1.000000, 0.365738, -1.000000, 0.392298, -1.000000
0.520000, 0.999999, 2.440001, 0.635000, 0.354056, -1.000000, 0.388728, -1.000000, 0.365656, -1.000000, 0.392298, -1.000000
0.530000, 0.000000, 3.410001, 0.150000, 0.207151, 0.732933, 0.407750, 0.995966, 0.210385, 0.806335, 0.229824, 0.990142
0.530000, 0.010000, 3.400001, 0.158488, 0.209228, -1.000000, 0.407559, -1.000000, 0.212495, -1.000000, 0.232073, -1.000000
0.530000, 0.020000, 3.390001, 0.166900, 0.211422, -1.000000, 0.407368, -1.000000, 0.214620, -1.000000, 0.234337, -1.000000
0.530000, 0.030000, 3.380001, 0.175238, 0.213632, -1.000000, 0.407178, -1.000000, 0.216760, -1.000000, 0.236617, -1.000000
0.530000, 0.040000, 3.370001, 0.183500, 0.215859, -1.000000, 0.406987, -1.000000, 0.218916, -1.000000, 0.238912, -1.000000
0.530000, 0.050000, 3.360001, 0.191688, 0.218103, -1.000000, 0.406797, -1.000000, 0.221087, -1.000000, 0.241222, -1.000000
0.530000, 0.060000, 3.350001, 0.199800, 0.220364, -1.000000, 0.406606, -1.000000, 0.223273, -1.000000, 0.243547, -1.000000
0.530000, 0.070000, 3.340001, 0.207838, 0.222642, -1.000000, 0.406416, -1.000000, 0.225475, -1.000000, 0.245887, -1.000000
0.530000, 0.080000, 3.330000, 0.215800, 0.224936, -1.000000, 0.406226, -1.000000, 0.227692, -1.000000, 0.248243, -1.000000
0.530000, 0.090000, 3.320001, 0.223688, 0.227247, -1.000000, 0.406035, -1.000000, 0.229925, -1.000000, 0.250614, -1.000000
0.530000, 0.100000, 3.310000, 0.231500, 0.229574, -1.000000, 0.405845, -1.000000, 0.232173, -1.000000, 0.252999, -1.000000
0.530000, 0.110000, 3.300001, 0.239238, 0.231919, -1.000000, 0.405655, -1.000000, 0.234436, -1.000000, 0.255400, -1.000000
0.530000, 0.120000, 3.290000, 0.246900, 0.234280, -1.000000, 0.405464, -1.000000, 0.236714, -1.000000, 0.257815, -1.000000
0.530000, 0.130000, 3.280001, 0.254488, 0.236657, -1.000000, 0.405274, -1.000000, 0.239008, -1.000000, 0.260246, -1.000000
0.530000, 0.140000, 3.270000, 0.262000, 0.239052, -1.000000, 0.405084, -1.000000, 0.241316, -1.000000, 0.262691, -1.000000
0.530000, 0.150000, 3.260001, 0.269438, 0.241462, -1.000000, 0.404894, -1.000000, 0.243640, -1.000000, 0.265151, -1.000000
0.530000, 0.160000, 3.250000, 0.276800, 0.243890, -1.000000, 0.404703, -1.000000, 0.245979, -1.000000, 0.267625, -1.000000
0.530000, 0.170000, 3.240000, 0.284088, 0.246333, -1.000000, 0.404513, -1.000000, 0.248334, -1.000000, 0.270115, -1.000000
0.530000, 0.180000, 3.230000, 0.291300, 0.248794, -1.000000, 0.404323, -1.000000, 0.250703, -1.000000, 0.272618, -1.000000
0.530000, 0.190000, 3.220001, 0.298438, 0.251270, -1.000000, 0.404133, -1.000000, 0.253087, -1.000000, 0.275137, -1.000000
0.530000, 0.200000, 3.210001, 0.305500, 0.253763, -1.000000, 0.403943, -1.000000, 0.255486, -1.000000, 0.277669, -1.000000
0.530000, 0.210000, 3.200001, 0.312488, 0.256272, -1.000000, 0.403753, -1.000000, 0.257900, -1.000000, 0.280216, -1.000000
0.530000, 0.220000, 3.190001, 0.319400, 0.258798, -1.000000, 0.403563, -1.000000, 0.260329, -1.000000, 0.282777, -1.000000
0.530000, 0.230000, 3.180001, 0.326238, 0.261339, -1.000000, 0.403373, -1.000000, 0.262773, -1.000000, 0.285352, -1.000000
0.530000, 0.240000, 3.170001, 0.333000, 0.263897, -1.000000, 0.403183, -1.000000, 0.265231, -1.000000, 0.287942, -1.000000
0.530000, 0.250000, 3.160001, 0.339688, 0.266470, -1.000000, 0.402993, -1.000000, 0.267704, -1.000000, 0.290545, -1.000000
0.530000, 0.260000, 3.150001, 0.346300, 0.269060, -1.000000, 0.402803, -1.000000, 0.270192, -1.000000, 0.293162, -1.000000
0.530000, 0.270000, 3.140001, 0.352838, 0.271665, -1.000000, 0.402614, -1.000000, 0.272694, -1.000000, 0.295793, -1.000000
0.530000, 0.280000, 3.130001, 0.359300, 0.274286, -1.000000, 0.402424, -1.000000, 0.275210, -1.000000, 0.298437, -1.000000
0.530000, 0.290000, 3.120001, 0.365688, 0.276923, -1.000000, 0.402234, -1.000000, 0.277741, -1.000000, 0.301095, -1.000000
0.530000, 0.300000, 3.110001, 0.372000, 0.279575, -1.000000, 0.402044, -1.000000, 0.280286, -1.000000, 0.303766, -1.000000
0.530000, 0.310000, 3.100001, 0.378238, 0.282243, -1.000000, 0.401854, -1.000000, 0.282846, -1.000000, 0.306451, -1.000000
0.530000, 0.320000, 3.090001, 0.384400, 0.284927, -1.000000, 0.401665, -1.000000, 0.285419, -1.000000, 0.309149, -1.000000
0.530000, 0.330000, 3.080001, 0.390488, 0.287625, -1.000000, 0.401475, -1.000000, 0.288006, -1.000000, 0.311860, -1.000000
0.530000, 0.340000, 3.070001, 0.396500, 0.290339, -1.000000, 0.401285, -1.000000, 0.290608, -1.000000, 0.314584, -1.000000
0.530000, 0.350000, 3.060001, 0.402438, 0.293068, -1.000000, 0.401096, -1.000000, 0.293223, -1.000000, 0.317321, -1.000000
0.530000, 0.360000, 3.050001, 0.408300, 0.295811, -1.000000, 0.400906, -1.000000, 0.295852, -1.000000, 0.320070, -1.000000
0.530000, 0.370000, 3.040001, 0.414088, 0.298570, -1.000000, 0.400717, -1.000000, 0.298494, -1.000000, 0.322832, -1.000000
0.530000, 0.380000, 3.030001, 0.419800, 0.301343, -1.000000, 0.400527, -1.000000, 0.301150, -1.000000, 0.325606, -1.000000
0.530000, 0.390000, 3.020001, 0.425438, 0.304131, -1.000000, 0.400338, -1.000000, 0.303820, -1.000000, 0.328393, -1.000000
0.530000, 0.400000, 3.010001, 0.431000, 0.306934, -1.000000, 0.400148, -1.000000, 0.306502, -1.000000, 0.331192, -1.000000
0.530000, 0.410000, 3.000001, 0.436488, 0.309750, -1.000000, 0.399959, -1.000000, 0.309198, -1.000000, 0.334003, -1.000000
0.530000, 0.420000, 2.990001, 0.441900, 0.312581, -1.000000, 0.399769, -1.000000, 0.311907, -1.000000, 0.336825, -1.000000
0.530000, 0.430000, 2.980001, 0.447238, 0.315426, -1.000000, 0.399580, -1.000000, 0.314629, -1.000000, 0.339660, -1.000000
0.530000, 0.440000, 2.970001, 0.452500, 0.318285, -1.000000, 0.399391, -1.000000, 0.317364, -1.000000, 0.342505, -1.000000
0.530000, 0.450000, 2.960001, 0.457687, 0.321158, -1.000000, 0.399201, -1.000000, 0.320111, -1.000000, 0.345363, -1.000000
0.530000, 0.460000, 2.950001, 0.462800, 0.324044, -1.000000, 0.399012, -1.000000, 0.322871, -1.000000, 0.348231, -1.000000
0.530000, 0.470000, 2.940001, 0.467838, 0.326943, -1.000000, 0.398823, -1.000000, 0.325643, -1.000000, 0.351111, -1.000000
0.530000, 0.480000, 2.930001, 0.472800, 0.329856, -1.000000, 0.398634, -1.000000, 0.328428, -1.000000, 0.354001, -1.000000
0.530000, 0.490000, 2.920001, 0.477687, 0.332283, -1.000000, 0.398444, -1.000000, 0.331224, -1.000000, 0.356902, -1.000000
0.530000, 0.500000, 2.910001, 0.482500, 0.334304, -1.000000, 0.398255, -1.000000, 0.334033, -1.000000, 0.359814, -1.000000
0.530000, 0.510000, 2.900001, 0.487237, 0.336330, -1.000000, 0.398066, -1.000000, 0.336853, -1.000000, 0.362736, -1.000000
0.530000, 0.520000, 2.890001, 0.491900, 0.338363, -1.000000, 0.397877, -1.000000, 0.339685, -1.000000, 0.365668, -1.000000
0.530000, 0.530000, 2.880001, 0.496487, 0.340401, -1.000000, 0.397688, -1.000000, 0.342529, -1.000000, 0.368610, -1.000000
0.530000, 0.540000, 2.870001, 0.501000, 0.342446, -1.000000, 0.397499, -1.000000, 0.345384, -1.000000, 0.371562, -1.000000
0.530000, 0.550000, 2.860001, 0.505437, 0.344496, -1.000000, 0.397310, -1.000000, 0.348250, -1.000000, 0.374523, -1.000000
0.530000, 0.560000, 2.850001, 0.509800, 0.346552, -1.000000, 0.397121, -1.000000, 0.351127, -1.000000, 0.377494, -1.000000
0.530000, 0.570000, 2.840001, 0.514087, 0.348614, -1.000000, 0.396932, -1.000000, 0.354015, -1.000000, 0.380475, -1.000000
0.530000, 0.580000, 2.830001, 0.518300, 0.350681, -1.000000, 0.396743, -1.000000, 0.356914, -1.000000, 0.383464, -1.000000
0.530000, 0.590000, 2.820001, 0.522437, 0.352495, -1.000000, 0.396554, -1.000000, 0.359823, -1.000000, 0.386462, -1.000000
0.530000, 0.600000, 2.810001, 0.526500, 0.352533, -1.000000, 0.396365, -1.000000, 0.362743, -1.000000, 0.389469, -1.000000
0.530000, 0.610000, 2.800001, 0.530487, 0.352570, -1.000000, 0.396176, -1.000000, 0.365672, -1.000000, 0.392298, -1.000000
0.530000, 0.620000, 2.790001, 0.534400, 0.352608, -1.000000, 0.395988, -1.000000, 0.368336, -1.000000, 0.392298, -1.000000
0.530000, 0.630000, 2.780001, 0.538237, 0.352645, -1.000000, 0.395799, -1.000000, 0.368319, -1.000000, 0.392298, -1.000000
0.530000, 0.640000, 2.770001, 0.542000, 0.352683, -1.000000, 0.395610, -1.000000, 0.368302, -1.000000, 0.392298, -1.000000
0.530000, 0.650000, 2.760001, 0.545687, 0.352720, -1.000000, 0.395421, -1.000000, 0.368315, -1.000000, 0.392298, -1.000000
0.530000, 0.660000, 2.750001, 0.549300, 0.352758, -1.000000, 0.395233, -1.000000, 0.368345, -1.000000, 0.392298, -1.000000
0.530000, 0.670000, 2.740001, 0.552837, 0.352796, -1.000000, 0.395044, -1.000000, 0.368375, -1.000000, 0.392298, -1.000000
0.530000, 0.680000, 2.730001, 0.556300, 0.352833, -1.000000, 0.394855, -1.000000, 0.368405, -1.000000, 0.392298, -1.000000
0.530000, 0.690000, 2.720001, 0.559687, 0.352871, -1.000000, 0.394667, -1.000000, 0.368292, -1.000000, 0.392298, -1.000000
0.530000, 0.700000, 2.710001, 0.563000, 0.352908, -1.000000, 0.394478, -1.000000, 0.368158, -1.000000, 0.392298, -1.000000
0.530000, 0.710000, 2.700001, 0.566237, 0.352946, -1.000000, 0.394290, -1.000000, 0.368024, -1.000000, 0.392298, -1.000000
0.530000, 0.720000, 2.690001, 0.569400, 0.352984, -1.000000, 0.394101, -1.000000, 0.367915, -1.000000, 0.392298, -1.000000
0.530000, 0.730000, 2.680001, 0.572487, 0.353021, -1.000000, 0.393913, -1.000000, 0.367832, -1.000000, 0.392298, -1.000000
0.530000, 0.740000, 2.670001, 0.575500, 0.353059, -1.000000, 0.393724, -1.000000, 0.367750, -1.000000, 0.392298, -1.000000
0.530000, 0.750000, 2.660001, 0.578437, 0.353097, -1.000000, 0.393536, -1.000000, 0.367667, -1.000000, 0.392298, -1.000000
0.530000, 0.760000, 2.650001, 0.581300, 0.353134, -1.000000, 0.393348, -1.000000, 0.367585, -1.000000, 0.392298, -1.000000
0.530000, 0.770000, 2.640001, 0.584087, 0.353172, -1.000000, 0.393159, -1.000000, 0.367503, -1.000000, 0.392298, -1.000000
0.530000, 0.780000, 2.630001, 0.586800, 0.353209, -1.000000, 0.392971, -1.000000, 0.367420, -1.000000, 0.392298, -1.000000
0.530000, 0.790000, 2.620001, 0.589437, 0.353247, -1.000000, 0.392783, -1.000000, 0.367338, -1.000000, 0.392298, -1.000000
0.530000, 0.800000, 2.610001, 0.592000, 0.353285, -1.000000, 0.392595, -1.000000, 0.367255, -1.000000, 0.392298, -1.000000
0.530000, 0.810000, 2.600001, 0.594488, 0.353322, -1.000000, 0.392406, -1.000000, 0.367173, -1.000000, 0.392298, -1.000000
0.530000, 0.820000, 2.590001, 0.596900, 0.353360, -1.000000, 0.392218, -1.000000, 0.367091, -1.000000, 0.392298, -1.000000
0.530000, 0.830000, 2.580001, 0.599238, 0.353397, -1.000000, 0.392030, -1.000000, 0.367008, -1.000000, 0.392298, -1.000000
0.530000, 0.839999, 2.570001, 0.601500, 0.353435, -1.000000, 0.391842, -1.000000, 0.366926, -1.000000, 0.392298, -1.000000
0.530000, 0.849999, 2.560001, 0.603688, 0.353473, -1.000000, 0.391654, -1.000000, 0.366844, -1.000000, 0.392298, -1.000000
0.530000, 0.859999, 2.550001, 0.605800, 0.353510, -1.000000, 0.391466, -1.000000, 0.366761, -1.000000, 0.392298, -1.000000
0.530000, 0.869999, 2.540001, 0.607838, 0.353548, -1.000000, 0.391278, -1.000000, 0.366679, -1.000000, 0.392298, -1.000000
0.530000, 0.879999, 2.530001, 0.609800, 0.353586, -1.000000, 0.391090, -1.000000, 0.366597, -1.000000, 0.392298, -1.000000
0.530000, 0.889999, 2.520001, 0.611688, 0.353623, -1.000000, 0.390902, -1.000000, 0.366514, -1.000000, 0.392298, -1.000000
0.530000, 0.899999, 2.510001, 0.613500, 0.353661, -1.000000, 0.390714, -1.000000, 0.366432, -1.000000, 0.392298, -1.000000
0.530000, 0.909999, 2.500001, 0.615238, 0.353698, -1.000000, 0.390526, -1.000000, 0.366350, -1.000000, 0.392298, -1.000000
0.530000, 0.919999, 2.490001, 0.616900, 0.353736, -1.000000, 0.390338, -1.000000, 0.366267, -1.000000, 0.392298, -1.000000
0.530000, 0.929999, 2.480001, 0.618488, 0.353774, -1.000000, 0.390150, -1.000000, 0.366185, -1.000000, 0.392298, -1.000000
0.530000, 0.939999, 2.470001, 0.620000, 0.353811, -1.000000, 0.389963, -1.000000, 0.366103, -1.000000, 0.392298, -1.000000
0.530000, 0.949999, 2.460001, 0.621438, 0.353849, -1.000000, 0.389775, -1.000000, 0.366021, -1.000000, 0.392298, -1.000000
0.530000, 0.959999, 2.450001, 0.622800, 0.353887, -1.000000, 0.389587, -1.000000, 0.365938, -1.000000, 0.392298, -1.000000
0.530000, 0.969999, 2.440001, 0.624088, 0.353924, -1.000000, 0.389400, -1.000000, 0.365856, -1.000000, 0.392298, -1.000000
0.530000, 0.979999, 2.430001, 0.625300, 0.353962, -1.000000, 0.389212, -1.000000, 0.365774, -1.000000, 0.392298, -1.000000
0.530000, 0.989999, 2.420001, 0.626438, 0.354000, -1.000000, 0.389024, -1.000000, 0.365692, -1.000000, 0.392298, -1.000000
0.530000, 0.999999, 2.410001, 0.627500, 0.354037, -1.000000, 0.388837, -1.000000, 0.365609, -1.000000, 0.392298, -1.000000
0.540000, 0.000000, 3.380001, 0.150000, 0.206980, 0.732931, 0.407860, 0.995980, 0.210289, 0.806335, 0.229477, 0.990299
0.540000, 0.010000, 3.370001, 0.158413, 0.209070, -1.000000, 0.407669, -1.000000, 0.212398, -1.000000, 0.231724, -1.000000
0.540000, 0.020000, 3.360001, 0.166750, 0.211263, -1.000000, 0.407479, -1.000000, 0.214522, -1.000000, 0.233986, -1.000000
0.540000, 0.030000, 3.350001, 0.175013, 0.213472, -1.000000, 0.407288, -1.000000, 0.216662, -1.000000, 0.236263, -1.000000
0.540000, 0.040000, 3.340001, 0.183200, 0.215698, -1.000000, 0.407098, -1.000000, 0.218817, -1.000000, 0.238555, -1.000000
0.540000, 0.050000, 3.330001, 0.191313, 0.217940, -1.000000, 0.406907, -1.000000, 0.220987, -1.000000, 0.240863, -1.000000
0.540000, 0.060000, 3.320001, 0.199350, 0.220200, -1.000000, 0.406717, -1.000000, 0.223173, -1.000000, 0.243186, -1.000000
0.540000, 0.070000, 3.310000, 0.207313, 0.222476, -1.000000, 0.406526, -1.000000, 0.225374, -1.000000, 0.245524, -1.000000
0.540000, 0.080000, 3.300001, 0.215200, 0.224769, -1.000000, 0.406336, -1.000000, 0.227591, -1.000000, 0.247877, -1.000000
0.540000, 0.090000, 3.290000, 0.223013, 0.227079, -1.000000, 0.406145, -1.000000, 0.229823, -1.000000, 0.250246, -1.000000
0.540000, 0.100000, 3.280001, 0.230750, 0.229405, -1.000000, 0.405955, -1.000000, 0.232070, -1.000000, 0.252629, -1.000000
0.540000, 0.110000, 3.270000, 0.238413, 0.231748, -1.000000, 0.405765, -1.000000, 0.234332, -1.000000, 0.255027, -1.000000
0.540000, 0.120000, 3.260001, 0.246000, 0.234108, -1.000000, 0.405574, -1.000000, 0.236610, -1.000000, 0.257440, -1.000000
0.540000, 0.130000, 3.250000, 0.253513, 0.236485, -1.000000, 0.405384, -1.000000, 0.238903, -1.000000, 0.259869, -1.000000
0.540000, 0.140000, 3.240001, 0.260950, 0.238878, -1.000000, 0.405194, -1.000000, 0.241211, -1.000000, 0.262311, -1.000000
0.540000, 0.150000, 3.230000, 0.268313, 0.241287, -1.000000, 0.405004, -1.000000, 0.243534, -1.000000, 0.264769, -1.000000
0.540000, 0.160000, 3.220001, 0.275600, 0.243713, -1.000000, 0.404813, -1.000000, 0.245872, -1.000000, 0.267241, -1.000000
0.540000, 0.170000, 3.210001, 0.282813, 0.246156, -1.000000, 0.404623, -1.000000, 0.248226, -1.000000, 0.269728, -1.000000
0.540000, 0.180000, 3.200001, 0.289950, 0.248615, -1.000000, 0.404433, -1.000000, 0.250594, -1.000000, 0.272230, -1.000000
0.540000, 0.190000, 3.190001, 0.297013, 0.251090, -1.000000, 0.404243, -1.000000, 0.252978, -1.000000, 0.274746, -1.000000
0.540000, 0.200000, 3.180001, 0.304000, 0.253582, -1.000000, 0.404053, -1.000000, 0.255376, -1.000000, 0.277276, -1.000000
0.540000, 0.210000, 3.170001, 0.310913, 0.256090, -1.000000, 0.403863, -1.000000, 0.257790, -1.000000, 0.279821, -1.000000
0.540000, 0.220000, 3.160001, 0.317750, 0.258614, -1.000000, 0.403673, -1.000000, 0.260218, -1.000000, 0.282380, -1.000000
0.540000, 0.230000, 3.150001, 0.324513, 0.261155, -1.000000, 0.403483, -1.000000, 0.262661, -1.000000, 0.284953, -1.000000
0.540000, 0.240000, 3.140001, 0.331200, 0.263711, -1.000000, 0.403293, -1.000000, 0.265119, -1.000000, 0.287540, -1.000000
0.540000, 0.250000, 3.130001, 0.337813, 0.266283, -1.000000, 0.403103, -1.000000, 0.267591, -1.000000, 0.290141, -1.000000
0.540000, 0.260000, 3.120001, 0.344350, 0.268872, -1.000000, 0.402913, -1.000000, 0.270078, -1.000000, 0.292756, -1.000000
0.540000, 0.270000, 3.110001, 0.350813, 0.271476, -1.000000, 0.402723, -1.000000, 0.272579, -1.000000, 0.295384, -1.000000
0.540000, 0.280000, 3.100001, 0.357200, 0.274096, -1.000000, 0.402534, -1.000000, 0.275095, -1.000000, 0.298027, -1.000000
0.540000, 0.290000, 3.090001, 0.363513, 0.276732, -1.000000, 0.402344, -1.000000, 0.277625, -1.000000, 0.300683, -1.000000
0.540000, 0.300000, 3.080001, 0.369750, 0.279383, -1.000000, 0.402154, -1.000000, 0.280170, -1.000000, 0.303352, -1.000000
0.540000, 0.310000, 3.070001, 0.375913, 0.282050, -1.000000, 0.401964, -1.000000, 0.282728, -1.000000, 0.306035, -1.000000
0.540000, 0.320000, 3.060001, 0.382000, 0.284732, -1.000000, 0.401774, -1.000000, 0.285301, -1.000000, 0.308730, -1.000000
0.540000, 0.330000, 3.050001, 0.388013, 0.287429, -1.000000, 0.401585, -1.000000, 0.287888, -1.000000, 0.311439, -1.000000
0.540000, 0.340000, 3.040001, 0.393950, 0.290142, -1.000000, 0.401395, -1.000000, 0.290489, -1.000000, 0.314161, -1.000000
0.540000, 0.350000, 3.030001, 0.399813, 0.292870, -1.000000, 0.401205, -1.000000, 0.293103, -1.000000, 0.316896, -1.000000
0.540000, 0.360000, 3.020001, 0.405600, 0.295612, -1.000000, 0.401016, -1.000000, 0.295732, -1.000000, 0.319644, -1.000000
0.540000, 0.370000, 3.010001, 0.411313, 0.298370, -1.000000, 0.400826, -1.000000, 0.298374, -1.000000, 0.322404, -1.000000
0.540000, 0.380000, 3.000001, 0.416950, 0.301142, -1.000000, 0.400637, -1.000000, 0.301029, -1.000000, 0.325176, -1.000000
0.540000, 0.390000, 2.990001, 0.422513, 0.303929, -1.000000, 0.400447, -1.000000, 0.303698, -1.000000, 0.327961, -1.000000
0.540000, 0.400000, 2.980001, 0.428000, 0.306730, -1.000000, 0.400258, -1.000000, 0.306380, -1.000000, 0.330758, -1.000000
0.540000, 0.410000, 2.970001, 0.433413, 0.309546, -1.000000, 0.400068, -1.000000, 0.309075, -1.000000, 0.333567, -1.000000
0.540000, 0.420000, 2.960001, 0.438750, 0.312376, -1.000000, 0.399879, -1.000000, 0.311783, -1.000000, 0.336388, -1.000000
0.540000, 0.430000, 2.950001, 0.444013, 0.315220, -1.000000, 0.399689, -1.000000, 0.314505, -1.000000, 0.339220, -1.000000
0.540000, 0.440000, 2.940001, 0.449200, 0.318078, -1.000000, 0.399500, -1.000000, 0.317239, -1.000000, 0.342064, -1.000000
0.540000, 0.450000, 2.930001, 0.454313, 0.320949, -1.000000, 0.399311, -1.000000, 0.319986, -1.000000, 0.344920, -1.000000
0.540000, 0.460000, 2.920001, 0.459350, 0.323834, -1.000000, 0.399121, -1.000000, 0.322745, -1.000000, 0.347786, -1.000000
0.540000, 0.470000, 2.910001, 0.464313, 0.326733, -1.000000, 0.398932, -1.000000, 0.325516, -1.000000, 0.350664, -1.000000
0.540000, 0.480000, 2.900001, 0.469200, 0.329645, -1.000000, 0.398743, -1.000000, 0.328300, -1.000000, 0.353553, -1.000000
0.540000, 0.490000, 2.890001, 0.474012, 0.331985, -1.000000, 0.398554, -1.000000, 0.331096, -1.000000, 0.356452, -1.000000
0.540000, 0.500000, 2.880001, 0.478750, 0.334005, -1.000000, 0.398365, -1.000000, 0.333905, -1.000000, 0.359362, -1.000000
0.540000, 0.510000, 2.870001, 0.483413, 0.336030, -1.000000, 0.398175, -1.000000, 0.336724, -1.000000, 0.362283, -1.000000
0.540000, 0.520000, 2.860001, 0.488000, 0.338062, -1.000000, 0.397986, -1.000000, 0.339556, -1.000000, 0.365213, -1.000000
0.540000, 0.530000, 2.850001, 0.492512, 0.340100, -1.000000, 0.397797, -1.000000, 0.342399, -1.000000, 0.368154, -1.000000
0.540000, 0.540000, 2.840001, 0.496950, 0.342143, -1.000000, 0.397608, -1.000000, 0.345253, -1.000000, 0.371104, -1.000000
0.540000, 0.550000, 2.830001, 0.501312, 0.344193, -1.000000, 0.397419, -1.000000, 0.348119, -1.000000, 0.374064, -1.000000
0.540000, 0.560000, 2.820001, 0.505600, 0.346248, -1.000000, 0.397230, -1.000000, 0.350996, -1.000000, 0.377034, -1.000000
0.540000, 0.570000, 2.810001, 0.509812, 0.348309, -1.000000, 0.397041, -1.000000, 0.353883, -1.000000, 0.380013, -1.000000
0.540000, 0.580000, 2.800001, 0.513950, 0.350376, -1.000000, 0.396852, -1.000000, 0.356781, -1.000000, 0.383001, -1.000000
0.540000, 0.590000, 2.790001, 0.518013, 0.352448, -1.000000, 0.396663, -1.000000, 0.359690, -1.000000, 0.385997, -1.000000
0.540000, 0.600000, 2.780001, 0.522000, 0.352514, -1.000000, 0.396474, -1.000000, 0.362609, -1.000000, 0.389003, -1.000000
0.540000, 0.610000, 2.770001, 0.525913, 0.352551, -1.000000, 0.396286, -1.000000, 0.365538, -1.000000, 0.392017, -1.000000
0.540000, 0.620000, 2.760001, 0.529750, 0.352589, -1.000000, 0.396097, -1.000000, 0.368261, -1.000000, 0.392298, -1.000000
0.540000, 0.630000, 2.750001, 0.533512, 0.352627, -1.000000, 0.395908, -1.000000, 0.368244, -1.000000, 0.392298, -1.000000
0.540000, 0.640000, 2.740001, 0.537200, 0.352664, -1.000000, 0.395719, -1.000000, 0.368227, -1.000000, 0.392298, -1.000000
0.540000, 0.650000, 2.730001, 0.540812, 0.352702, -1.000000, 0.395531, -1.000000, 0.368211, -1.000000, 0.392298, -1.000000
0.540000, 0.660000, 2.720001, 0.544350, 0.352739, -1.000000, 0.395342, -1.000000, 0.368207, -1.000000, 0.392298, -1.000000
0.540000, 0.670000, 2.710001, 0.547812, 0.352777, -1.000000, 0.395153, -1.000000, 0.368237, -1.000000, 0.392298, -1.000000
0.540000, 0.680000, 2.700001, 0.551200, 0.352814, -1.000000, 0.394964, -1.000000, 0.368267, -1.000000, 0.392298, -1.000000
0.540000, 0.690000, 2.690001, 0.554513, 0.352852, -1.000000, 0.394776, -1.000000, 0.368226, -1.000000, 0.392298, -1.000000
0.540000, 0.700000, 2.680001, 0.557750, 0.352890, -1.000000, 0.394587, -1.000000, 0.368091, -1.000000, 0.392298, -1.000000
0.540000, 0.710000, 2.670001, 0.560912, 0.352927, -1.000000, 0.394399, -1.000000, 0.367957, -1.000000, 0.392298, -1.000000
0.540000, 0.720000, 2.660001, 0.564000, 0.352965, -1.000000, 0.394210, -1.000000, 0.367868, -1.000000, 0.392298, -1.000000
0.540000, 0.730000, 2.650001, 0.567013, 0.353002, -1.000000, 0.394022, -1.000000, 0.367786, -1.000000, 0.392298, -1.000000
0.540000, 0.740000, 2.640001, 0.569950, 0.353040, -1.000000, 0.393833, -1.000000, 0.367704, -1.000000, 0.392298, -1.000000
0.540000, 0.750000, 2.630001, 0.572813, 0.353078, -1.000000, 0.393645, -1.000000, 0.367621, -1.000000, 0.392298, -1.000000
0.540000, 0.760000, 2.620001, 0.575600, 0.353115, -1.000000, 0.393457, -1.000000, 0.367539, -1.000000, 0.392298, -1.000000
0.540000, 0.770000, 2.610001, 0.578313, 0.353153, -1.000000, 0.393268, -1.000000, 0.367456, -1.000000, 0.392298, -1.000000
0.540000, 0.780000, 2.600001, 0.580950, 0.353191, -1.000000, 0.393080, -1.000000, 0.367374, -1.000000, 0.392298, -1.000000
0.540000, 0.790000, 2.590001, 0.583513, 0.353228, -1.000000, 0.392892, -1.000000, 0.367292, -1.000000, 0.392298, -1.000000
0.540000, 0.800000, 2.580001, 0.586000, 0.353266, -1.000000, 0.392703, -1.000000, 0.367209, -1.000000, 0.392298, -1.000000
0.540000, 0.810000, 2.570001, 0.588413, 0.353303, -1.000000, 0.392515, -1.000000, 0.367127, -1.000000, 0.392298, -1.000000
0.540000, 0.820000, 2.560001, 0.590750, 0.353341, -1.000000, 0.392327, -1.000000, 0.367044, -1.000000, 0.392298, -1.000000
0.540000, 0.830000, 2.550001, 0.593013, 0.353379, -1.000000, 0.392139, -1.000000, 0.366962, -1.000000, 0.392298, -1.000000
0.540000, 0.839999, 2.540001, 0.595200, 0.353416, -1.000000, 0.391951, -1.000000, 0.366880, -1.000000, 0.392298, -1.000000
0.540000, 0.849999, 2.530001, 0.597313, 0.353454, -1.000000, 0.391763, -1.000000, 0.366797, -1.000000, 0.392298, -1.000000
0.540000, 0.859999, 2.520001, 0.599350, 0.353491, -1.000000, 0.391575, -1.000000, 0.366715, -1.000000, 0.392298, -1.000000
0.540000, 0.869999, 2.510001, 0.601313, 0.353529, -1.000000, 0.391387, -1.000000, 0.366633, -1.000000, 0.392298, -1.000000
0.540000, 0.879999, 2.500001, 0.603200, 0.353567, -1.000000, 0.391199, -1.000000, 0.366550, -1.000000, 0.392298, -1.000000
0.540000, 0.889999, 2.490001, 0.605013, 0.353604, -1.000000, 0.391011, -1.000000, 0.366468, -1.000000, 0.392298, -1.000000
0.540000, 0.899999, 2.480001, 0.606750, 0.353642, -1.000000, 0.390823, -1.000000, 0.366386, -1.000000, 0.392298, -1.000000
0.540000, 0.909999, 2.470001, 0.608413, 0.353680, -1.000000, 0.390635, -1.000000, 0.366304, -1.000000, 0.392298, -1.000000
0.540000, 0.919999, 2.460001, 0.610000, 0.353717, -1.000000, 0.390447, -1.000000, 0.366221, -1.000000, 0.392298, -1.000000
0.540000, 0.929999, 2.450001, 0.611513, 0.353755, -1.000000, 0.390259, -1.000000, 0.366139, -1.000000, 0.392298, -1.000000
0.540000, 0.939999, 2.440001, 0.612950, 0.353793, -1.000000, 0.390071, -1.000000, 0.366057, -1.000000, 0.392298, -1.000000
0.540000, 0.949999, 2.430001, 0.614313, 0.353830, -1.000000, 0.389884, -1.000000, 0.365974, -1.000000, 0.392298, -1.000000
0.540000, 0.959999, 2.420001, 0.615600, 0.353868, -1.000000, 0.389696, -1.000000, 0.365892, -1.000000, 0.392298, -1.000000
0.540000, 0.969999, 2.410001, 0.616813, 0.353906, -1.000000, 0.389508, -1.000000, 0.365810, -1.000000, 0.392298, -1.000000
0.540000, 0.979999, 2.400001, 0.617950, 0.353943, -1.000000, 0.389320, -1.000000, 0.365728, -1.000000, 0.392298, -1.000000
0.540000, 0.989999, 2.390001, 0.619013, 0.353981, -1.000000, 0.389133, -1.000000, 0.365645, -1.000000, 0.392298, -1.000000
0.540000, 0.999999, 2.380001, 0.620000, 0.354019, -1.000000, 0.388945, -1.000000, 0.365563, -1.000000, 0.392298, -1.000000
0.550000, 0.000000, 3.350001, 0.150000, 0.206809, 0.732930, 0.407970, 0.995993, 0.210194, 0.806335, 0.229131, 0.990454
0.550000, 0.010000, 3.340001, 0.158338, 0.208912, -1.000000, 0.407779, -1.000000, 0.212302, -1.000000, 0.231375, -1.000000
0.550000, 0.020000, 3.330001, 0.166600, 0.211103, -1.000000, 0.407589, -1.000000, 0.214425, -1.000000, 0.233634, -1.000000
0.550000, 0.030000, 3.320001, 0.174788, 0.213311, -1.000000, 0.407398, -1.000000, 0.216564, -1.000000, 0.235909, -1.000000
0.550000, 0.040000, 3.310001, 0.182900, 0.215536, -1.000000, 0.407208, -1.000000, 0.218718, -1.000000, 0.238199, -1.000000
0.550000, 0.050000, 3.300001, 0.190938, 0.217777, -1.000000, 0.407017, -1.000000, 0.220888, -1.000000, 0.240505, -1.000000
0.550000, 0.060000, 3.290001, 0.198900, 0.220036, -1.000000, 0.406827, -1.000000, 0.223073, -1.000000, 0.242825, -1.000000
0.550000, 0.070000, 3.280001, 0.206788, 0.222311, -1.000000, 0.406636, -1.000000, 0.225274, -1.000000, 0.245161, -1.000000
0.550000, 0.080000, 3.270000, 0.214600, 0.224603, -1.000000, 0.406446, -1.000000, 0.227489, -1.000000, 0.247512, -1.000000
0.550000, 0.090000, 3.260001, 0.222338, 0.226911, -1.000000, 0.406255, -1.000000, 0.229720, -1.000000, 0.249878, -1.000000
0.550000, 0.100000, 3.250000, 0.230000, 0.229236, -1.000000, 0.406065, -1.000000, 0.231967, -1.000000, 0.252259, -1.000000
0.550000, 0.110000, 3.240001, 0.237588, 0.231578, -1.000000, 0.405875, -1.000000, 0.234229, -1.000000, 0.254655, -1.000000
0.550000, 0.120000, 3.230000, 0.245100, 0.233937, -1.000000, 0.405684, -1.000000, 0.236506, -1.000000, 0.257066, -1.000000
0.550000, 0.130000, 3.220001, 0.252538, 0.236312, -1.000000, 0.405494, -1.000000, 0.238798, -1.000000, 0.259492, -1.000000
0.550000, 0.140000, 3.210001, 0.259900, 0.238704, -1.000000, 0.405304, -1.000000, 0.241105, -1.000000, 0.261932, -1.000000
0.550000, 0.150000, 3.200001, 0.267188, 0.241112, -1.000000, 0.405114, -1.000000, 0.243428, -1.000000, 0.264388, -1.000000
0.550000, 0.160000, 3.190001, 0.274400, 0.243537, -1.000000, 0.404923, -1.000000, 0.245765, -1.000000, 0.266858, -1.000000
0.550000, 0.170000, 3.180001, 0.281538, 0.245978, -1.000000, 0.404733, -1.000000, 0.248118, -1.000000, 0.269342, -1.000000
0.550000, 0.180000, 3.170001, 0.288600, 0.248436, -1.000000, 0.404543, -1.000000, 0.250486, -1.000000, 0.271842, -1.000000
0.550000, 0.190000, 3.160001, 0.295588, 0.250910, -1.000000, 0.404353, -1.000000, 0.252869, -1.000000, 0.274355, -1.000000
0.550000, 0.200000, 3.150001, 0.302500, 0.253401, -1.000000, 0.404163, -1.000000, 0.255267, -1.000000, 0.276883, -1.000000
0.550000, 0.210000, 3.140001, 0.309338, 0.255908, -1.000000, 0.403973, -1.000000, 0.257679, -1.000000, 0.279426, -1.000000
0.550000, 0.220000, 3.130001, 0.316100, 0.258431, -1.000000, 0.403783, -1.000000, 0.260107, -1.000000, 0.281983, -1.000000
0.550000, 0.230000, 3.120001, 0.322788, 0.260970, -1.000000, 0.403593, -1.000000, 0.262549, -1.000000, 0.284554, -1.000000
0.550000, 0.240000, 3.110001, 0.329400, 0.263525, -1.000000, 0.403403, -1.000000, 0.265006, -1.000000, 0.287138, -1.000000
0.550000, 0.250000, 3.100001, 0.335938, 0.266097, -1.000000, 0.403213, -1.000000, 0.267478, -1.000000, 0.289737, -1.000000
0.550000, 0.260000, 3.090001, 0.342400, 0.268684, -1.000000, 0.403023, -1.000000, 0.269964, -1.000000, 0.292350, -1.000000
0.550000, 0.270000, 3.080001, 0.348788, 0.271287, -1.000000, 0.402833, -1.000000, 0.272465, -1.000000, 0.294977, -1.000000
0.550000, 0.280000, 3.070001, 0.355100, 0.273906, -1.000000, 0.402643, -1.000000, 0.274980, -1.000000, 0.297617, -1.000000
0.550000, 0.290000, 3.060001, 0.361338, 0.276540, -1.000000, 0.402453, -1.000000, 0.277510, -1.000000, 0.300271, -1.000000
0.550000, 0.300000, 3.050001, 0.367500, 0.279190, -1.000000, 0.402264, -1.000000, 0.280053, -1.000000, 0.302938, -1.000000
0.550000, 0.310000, 3.040001, 0.373588, 0.281856, -1.000000, 0.402074, -1.000000, 0.282611, -1.000000, 0.305618, -1.000000
0.550000, 0.320000, 3.030001, 0.379600, 0.284537, -1.000000, 0.401884, -1.000000, 0.285184, -1.000000, 0.308312, -1.000000
0.550000, 0.330000, 3.020001, 0.385538, 0.287234, -1.000000, 0.401694, -1.000000, 0.287770, -1.000000, 0.311019, -1.000000
0.550000, 0.340000, 3.010001, 0.391400, 0.289945, -1.000000, 0.401505, -1.000000, 0.290370, -1.000000, 0.313739, -1.000000
0.550000, 0.350000, 3.000001, 0.397188, 0.292672, -1.000000, 0.401315, -1.000000, 0.292984, -1.000000, 0.316472, -1.000000
0.550000, 0.360000, 2.990001, 0.402900, 0.295413, -1.000000, 0.401126, -1.000000, 0.295611, -1.000000, 0.319217, -1.000000
0.550000, 0.370000, 2.980001, 0.408538, 0.298170, -1.000000, 0.400936, -1.000000, 0.298253, -1.000000, 0.321975, -1.000000
0.550000, 0.380000, 2.970001, 0.414100, 0.300941, -1.000000, 0.400746, -1.000000, 0.300907, -1.000000, 0.324746, -1.000000
0.550000, 0.390000, 2.960001, 0.419588, 0.303727, -1.000000, 0.400557, -1.000000, 0.303576, -1.000000, 0.327529, -1.000000
0.550000, 0.400000, 2.950001, 0.425000, 0.306527, -1.000000, 0.400367, -1.000000, 0.306257, -1.000000, 0.330324, -1.000000
0.550000, 0.410000, 2.940001, 0.430338, 0.309342, -1.000000, 0.400178, -1.000000, 0.308952, -1.000000, 0.333131, -1.000000
0.550000, 0.420000, 2.930001, 0.435600, 0.312170, -1.000000, 0.399988, -1.000000, 0.311660, -1.000000, 0.335950, -1.000000
0.550000, 0.430000, 2.920001, 0.440788, 0.315013, -1.000000, 0.399799, -1.000000, 0.314380, -1.000000, 0.338781, -1.000000
0.550000, 0.440000, 2.910001, 0.445900, 0.317870, -1.000000, 0.399610, -1.000000, 0.317114, -1.000000, 0.341623, -1.000000
0.550000, 0.450000, 2.900001, 0.450938, 0.320741, -1.000000, 0.399420, -1.000000, 0.319860, -1.000000, 0.344477, -1.000000
0.550000, 0.460000, 2.890001, 0.455900, 0.323625, -1.000000, 0.399231, -1.000000, 0.322619, -1.000000, 0.347342, -1.000000
0.550000, 0.470000, 2.880001, 0.460788, 0.326523, -1.000000, 0.399042, -1.000000, 0.325390, -1.000000, 0.350218, -1.000000
0.550000, 0.480000, 2.870001, 0.465600, 0.329434, -1.000000, 0.398852, -1.000000, 0.328173, -1.000000, 0.353105, -1.000000
0.550000, 0.490000, 2.860001, 0.470338, 0.331688, -1.000000, 0.398663, -1.000000, 0.330969, -1.000000, 0.356003, -1.000000
0.550000, 0.500000, 2.850001, 0.475000, 0.333706, -1.000000, 0.398474, -1.000000, 0.333776, -1.000000, 0.358911, -1.000000
0.550000, 0.510000, 2.840001, 0.479587, 0.335731, -1.000000, 0.398285, -1.000000, 0.336595, -1.000000, 0.361830, -1.000000
0.550000, 0.520000, 2.830001, 0.484100, 0.337762, -1.000000, 0.398096, -1.000000, 0.339426, -1.000000, 0.364759, -1.000000
0.550000, 0.530000, 2.820001, 0.488538, 0.339798, -1.000000, 0.397907, -1.000000, 0.342269, -1.000000, 0.367698, -1.000000
0.550000, 0.540000, 2.810001, 0.492900, 0.341841, -1.000000, 0.397718, -1.000000, 0.345123, -1.000000, 0.370647, -1.000000
0.550000, 0.550000, 2.800001, 0.497187, 0.343890, -1.000000, 0.397528, -1.000000, 0.347988, -1.000000, 0.373605, -1.000000
0.550000, 0.560000, 2.790001, 0.501400, 0.345944, -1.000000, 0.397339, -1.000000, 0.350864, -1.000000, 0.376574, -1.000000
0.550000, 0.570000, 2.780001, 0.505538, 0.348004, -1.000000, 0.397150, -1.000000, 0.353751, -1.000000, 0.379551, -1.000000
0.550000, 0.580000, 2.770001, 0.509600, 0.350070, -1.000000, 0.396961, -1.000000, 0.356649, -1.000000, 0.382537, -1.000000
0.550000, 0.590000, 2.760001, 0.513587, 0.352142, -1.000000, 0.396773, -1.000000, 0.359557, -1.000000, 0.385533, -1.000000
0.550000, 0.600000, 2.750001, 0.517500, 0.352495, -1.000000, 0.396584, -1.000000, 0.362476, -1.000000, 0.388537, -1.000000
0.550000, 0.610000, 2.740001, 0.521338, 0.352533, -1.000000, 0.396395, -1.000000, 0.365405, -1.000000, 0.391549, -1.000000
0.550000, 0.620000, 2.730001, 0.525100, 0.352570, -1.000000, 0.396206, -1.000000, 0.368186, -1.000000, 0.392298, -1.000000
0.550000, 0.630000, 2.720001, 0.528787, 0.352608, -1.000000, 0.396017, -1.000000, 0.368169, -1.000000, 0.392298, -1.000000
0.550000, 0.640000, 2.710001, 0.532400, 0.352645, -1.000000, 0.395828, -1.000000, 0.368152, -1.000000, 0.392298, -1.000000
0.550000, 0.650000, 2.700001, 0.535937, 0.352683, -1.000000, 0.395640, -1.000000, 0.368136, -1.000000, 0.392298, -1.000000
0.550000, 0.660000, 2.690001, 0.539400, 0.352720, -1.000000, 0.395451, -1.000000, 0.368119, -1.000000, 0.392298, -1.000000
0.550000, 0.670000, 2.680001, 0.542788, 0.352758, -1.000000, 0.395262, -1.000000, 0.368102, -1.000000, 0.392298, -1.000000
0.550000, 0.680000, 2.670001, 0.546100, 0.352796, -1.000000, 0.395074, -1.000000, 0.368128, -1.000000, 0.392298, -1.000000
0.550000, 0.690000, 2.660001, 0.549338, 0.352833, -1.000000, 0.394885, -1.000000, 0.368158, -1.000000, 0.392298, -1.000000
0.550000, 0.700000, 2.650001, 0.552500, 0.352871, -1.000000, 0.394696, -1.000000, 0.368025, -1.000000, 0.392298, -1.000000
0.550000, 0.710000, 2.640001, 0.555588, 0.352908, -1.000000, 0.394508, -1.000000, 0.367905, -1.000000, 0.392298, -1.000000
0.550000, 0.720000, 2.630001, 0.558600, 0.352946, -1.000000, 0.394319, -1.000000, 0.367822, -1.000000, 0.392298, -1.000000
0.550000, 0.730000, 2.620001, 0.561538, 0.352984, -1.000000, 0.394131, -1.000000, 0.367740, -1.000000, 0.392298, -1.000000
0.550000, 0.740000, 2.610001, 0.564400, 0.353021, -1.000000, 0.393942, -1.000000, 0.367657, -1.000000, 0.392298, -1.000000
0.550000, 0.750000, 2.600001, 0.567188, 0.353059, -1.000000, 0.393754, -1.000000, 0.367575, -1.000000, 0.392298, -1.000000
0.550000, 0.760000, 2.590001, 0.569900, 0.353096, -1.000000, 0.393566, -1.000000, 0.367493, -1.000000, 0.392298, -1.000000
0.550000, 0.770000, 2.580001, 0.572538, 0.353134, -1.000000, 0.393377, -1.000000, 0.367410, -1.000000, 0.392298, -1.000000
0.550000, 0.780000, 2.570001, 0.575100, 0.353172, -1.000000, 0.393189, -1.000000, 0.367328, -1.000000, 0.392298, -1.000000
0.550000, 0.790000, 2.560001, 0.577587, 0.353209, -1.000000, 0.393001, -1.000000, 0.367245, -1.000000, 0.392298, -1.000000
0.550000, 0.800000, 2.550001, 0.580000, 0.353247, -1.000000, 0.392812, -1.000000, 0.367163, -1.000000, 0.392298, -1.000000
0.550000, 0.810000, 2.540001, 0.582337, 0.353285, -1.000000, 0.392624, -1.000000, 0.367081, -1.000000, 0.392298, -1.000000
0.550000, 0.820000, 2.530001, 0.584600, 0.353322, -1.000000, 0.392436, -1.000000, 0.366998, -1.000000, 0.392298, -1.000000
0.550000, 0.830000, 2.520001, 0.586788, 0.353360, -1.000000, 0.392248, -1.000000, 0.366916, -1.000000, 0.392298, -1.000000
0.550000, 0.839999, 2.510001, 0.588900, 0.353397, -1.000000, 0.392060, -1.000000, 0.366834, -1.000000, 0.392298, -1.000000
0.550000, 0.849999, 2.500001, 0.590938, 0.353435, -1.000000, 0.391871, -1.000000, 0.366751, -1.000000, 0.392298, -1.000000
0.550000, 0.859999, 2.490001, 0.592900, 0.353473, -1.000000, 0.391683, -1.000000, 0.366669, -1.000000, 0.392298, -1.000000
0.550000, 0.869999, 2.480001, 0.594788, 0.353510, -1.000000, 0.391495, -1.000000, 0.366587, -1.000000, 0.392298, -1.000000
0.550000, 0.879999, 2.470001, 0.596600, 0.353548, -1.000000, 0.391307, -1.000000, 0.366504, -1.000000, 0.392298, -1.000000
0.550000, 0.889999, 2.460001, 0.598338, 0.353586, -1.000000, 0.391119, -1.000000, 0.366422, -1.000000, 0.392298, -1.000000
0.550000, 0.899999, 2.450001, 0.600000, 0.353623, -1.000000, 0.390931, -1.000000, 0.366340, -1.000000, 0.392298, -1.000000
0.550000, 0.909999, 2.440001, 0.601588, 0.353661, -1.000000, 0.390743, -1.000000, 0.366257, -1.000000, 0.392298, -1.000000
0.550000, 0.919999, 2.430001, 0.603100, 0.353698, -1.000000, 0.390556, -1.000000, 0.366175, -1.000000, 0.392298, -1.000000
0.550000, 0.929999, 2.420001, 0.604538, 0.353736, -1.000000, 0.390368, -1.000000, 0.366093, -1.000000, 0.392298, -1.000000
0.550000, 0.939999, 2.410001, 0.605900, 0.353774, -1.000000, 0.390180, -1.000000, 0.366011, -1.000000, 0.392298, -1.000000
0.550000, 0.949999, 2.400001, 0.607188, 0.353811, -1.000000, 0.389992, -1.000000, 0.365928, -1.000000, 0.392298, -1.000000
0.550000, 0.959999, 2.390001, 0.608400, 0.353849, -1.000000, 0.389804, -1.000000, 0.365846, -1.000000, 0.392298, -1.000000
0.550000, 0.969999, 2.380001, 0.609538, 0.353887, -1.000000, 0.389617, -1.000000, 0.365764, -1.000000, 0.392298, -1.000000
0.550000, 0.979999, 2.370001, 0.610600, 0.353924, -1.000000, 0.389429, -1.000000, 0.365682, -1.000000, 0.392298, -1.000000
0.550000, 0.989999, 2.360001, 0.611588, 0.353962, -1.000000, 0.389241, -1.000000, 0.365599, -1.000000, 0.392298, -1.000000
0.550000, 0.999999, 2.350001, 0.612500, 0.354000, -1.000000, 0.389054, -1.000000, 0.365517, -1.000000, 0.392298, -1.000000
0.560000, 0.000000, 3.320001, 0.150000, 0.206638, 0.732929, 0.408080, 0.996006, 0.210098, 0.806335, 0.228784, 0.990606
0.560000, 0.010000, 3.310001, 0.158263, 0.208754, -1.000000, 0.407890, -1.000000, 0.212205, -1.000000, 0.231026, -1.000000
0.560000, 0.020000, 3.300001, 0.166450, 0.210944, -1.000000, 0.407699, -1.000000, 0.214328, -1.000000, 0.233284, -1.000000
0.560000, 0.030000, 3.290001, 0.174563, 0.213151, -1.000000, 0.407508, -1.000000, 0.216466, -1.000000, 0.235556, -1.000000
0.560000, 0.040000, 3.280001, 0.182600, 0.215374, -1.000000, 0.407318, -1.000000, 0.218620, -1.000000, 0.237844, -1.000000
0.560000, 0.050000, 3.270001, 0.190563, 0.217615, -1.000000, 0.407127, -1.000000, 0.220789, -1.000000, 0.240147, -1.000000
0.560000, 0.060000, 3.260001, 0.198450, 0.219872, -1.000000, 0.406937, -1.000000, 0.222973, -1.000000, 0.242465, -1.000000
0.560000, 0.070000, 3.250000, 0.206263, 0.222145, -1.000000, 0.406746, -1.000000, 0.225173, -1.000000, 0.244799, -1.000000
0.560000, 0.080000, 3.240001, 0.214000, 0.224436, -1.000000, 0.406556, -1.000000, 0.227388, -1.000000, 0.247147, -1.000000
0.560000, 0.090000, 3.230000, 0.221663, 0.226743, -1.000000, 0.406366, -1.000000, 0.229618, -1.000000, 0.249511, -1.000000
0.560000, 0.100000, 3.220001, 0.229250, 0.229067, -1.000000, 0.406175, -1.000000, 0.231864, -1.000000, 0.251889, -1.000000
0.560000, 0.110000, 3.210001, 0.236763, 0.231408, -1.000000, 0.405985, -1.000000, 0.234125, -1.000000, 0.254283, -1.000000
0.560000, 0.120000, 3.200001, 0.244200, 0.233765, -1.000000, 0.405795, -1.000000, 0.236401, -1.000000, 0.256692, -1.000000
0.560000, 0.130000, 3.190001, 0.251563, 0.236139, -1.000000, 0.405604, -1.000000, 0.238693, -1.000000, 0.259115, -1.000000
0.560000, 0.140000, 3.180001, 0.258850, 0.238530, -1.000000, 0.405414, -1.000000, 0.241000, -1.000000, 0.261553, -1.000000
0.560000, 0.150000, 3.170001, 0.266063, 0.240937, -1.000000, 0.405224, -1.000000, 0.243321, -1.000000, 0.264007, -1.000000
0.560000, 0.160000, 3.160001, 0.273200, 0.243361, -1.000000, 0.405033, -1.000000, 0.245658, -1.000000, 0.266474, -1.000000
0.560000, 0.170000, 3.150001, 0.280263, 0.245801, -1.000000, 0.404843, -1.000000, 0.248011, -1.000000, 0.268957, -1.000000
0.560000, 0.180000, 3.140001, 0.287250, 0.248258, -1.000000, 0.404653, -1.000000, 0.250378, -1.000000, 0.271454, -1.000000
0.560000, 0.190000, 3.130001, 0.294163, 0.250731, -1.000000, 0.404463, -1.000000, 0.252760, -1.000000, 0.273965, -1.000000
0.560000, 0.200000, 3.120001, 0.301000, 0.253220, -1.000000, 0.404273, -1.000000, 0.255157, -1.000000, 0.276491, -1.000000
0.560000, 0.210000, 3.110001, 0.307763, 0.255726, -1.000000, 0.404083, -1.000000, 0.257569, -1.000000, 0.279031, -1.000000
0.560000, 0.220000, 3.100001, 0.314450, 0.258248, -1.000000, 0.403893, -1.000000, 0.259996, -1.000000, 0.281586, -1.000000
0.560000, 0.230000, 3.090001, 0.321063, 0.260786, -1.000000, 0.403703, -1.000000, 0.262437, -1.000000, 0.284155, -1.000000
0.560000, 0.240000, 3.080001, 0.327600, 0.263340, -1.000000, 0.403513, -1.000000, 0.264894, -1.000000, 0.286737, -1.000000
0.560000, 0.250000, 3.070001, 0.334063, 0.265910, -1.000000, 0.403323, -1.000000, 0.267365, -1.000000, 0.289334, -1.000000
0.560000, 0.260000, 3.060001, 0.340450, 0.268496, -1.000000, 0.403133, -1.000000, 0.269850, -1.000000, 0.291945, -1.000000
0.560000, 0.270000, 3.050001, 0.346763, 0.271098, -1.000000, 0.402943, -1.000000, 0.272350, -1.000000, 0.294569, -1.000000
0.560000, 0.280000, 3.040001, 0.353000, 0.273716, -1.000000, 0.402753, -1.000000, 0.274865, -1.000000, 0.297207, -1.000000
0.560000, 0.290000, 3.030001, 0.359163, 0.276349, -1.000000, 0.402563, -1.000000, 0.277394, -1.000000, 0.299859, -1.000000
0.560000, 0.300000, 3.020001, 0.365250, 0.278998, -1.000000, 0.402373, -1.000000, 0.279937, -1.000000, 0.302524, -1.000000
0.560000, 0.310000, 3.010001, 0.371263, 0.281663, -1.000000, 0.402184, -1.000000, 0.282494, -1.000000, 0.305203, -1.000000
0.560000, 0.320000, 3.000001, 0.377200, 0.284343, -1.000000, 0.401994, -1.000000, 0.285066, -1.000000, 0.307894, -1.000000
0.560000, 0.330000, 2.990001, 0.383063, 0.287038, -1.000000, 0.401804, -1.000000, 0.287652, -1.000000, 0.310599, -1.000000
0.560000, 0.340000, 2.980001, 0.388850, 0.289748, -1.000000, 0.401614, -1.000000, 0.290251, -1.000000, 0.313317, -1.000000
0.560000, 0.350000, 2.970001, 0.394563, 0.292474, -1.000000, 0.401425, -1.000000, 0.292864, -1.000000, 0.316048, -1.000000
0.560000, 0.360000, 2.960001, 0.400200, 0.295214, -1.000000, 0.401235, -1.000000, 0.295491, -1.000000, 0.318792, -1.000000
0.560000, 0.370000, 2.950001, 0.405763, 0.297970, -1.000000, 0.401046, -1.000000, 0.298132, -1.000000, 0.321548, -1.000000
0.560000, 0.380000, 2.940001, 0.411250, 0.300740, -1.000000, 0.400856, -1.000000, 0.300786, -1.000000, 0.324316, -1.000000
0.560000, 0.390000, 2.930001, 0.416663, 0.303524, -1.000000, 0.400666, -1.000000, 0.303454, -1.000000, 0.327097, -1.000000
0.560000, 0.400000, 2.920001, 0.422000, 0.306324, -1.000000, 0.400477, -1.000000, 0.306135, -1.000000, 0.329890, -1.000000
0.560000, 0.410000, 2.910001, 0.427263, 0.309137, -1.000000, 0.400287, -1.000000, 0.308829, -1.000000, 0.332696, -1.000000
0.560000, 0.420000, 2.900001, 0.432450, 0.311965, -1.000000, 0.400098, -1.000000, 0.311536, -1.000000, 0.335513, -1.000000
0.560000, 0.430000, 2.890001, 0.437563, 0.314807, -1.000000, 0.399909, -1.000000, 0.314256, -1.000000, 0.338342, -1.000000
0.560000, 0.440000, 2.880001, 0.442600, 0.317663, -1.000000, 0.399719, -1.000000, 0.316989, -1.000000, 0.341182, -1.000000
0.560000, 0.450000, 2.870001, 0.447563, 0.320532, -1.000000, 0.399530, -1.000000, 0.319734, -1.000000, 0.344034, -1.000000
0.560000, 0.460000, 2.860001, 0.452450, 0.323416, -1.000000, 0.399340, -1.000000, 0.322493, -1.000000, 0.346898, -1.000000
0.560000, 0.470000, 2.850001, 0.457263, 0.326312, -1.000000, 0.399151, -1.000000, 0.325263, -1.000000, 0.349772, -1.000000
0.560000, 0.480000, 2.840001, 0.462000, 0.329222, -1.000000, 0.398962, -1.000000, 0.328046, -1.000000, 0.352657, -1.000000
0.560000, 0.490000, 2.830001, 0.466662, 0.331390, -1.000000, 0.398773, -1.000000, 0.330841, -1.000000, 0.355553, -1.000000
0.560000, 0.500000, 2.820001, 0.471250, 0.333408, -1.000000, 0.398583, -1.000000, 0.333648, -1.000000, 0.358460, -1.000000
0.560000, 0.510000, 2.810001, 0.475763, 0.335432, -1.000000, 0.398394, -1.000000, 0.336467, -1.000000, 0.361377, -1.000000
0.560000, 0.520000, 2.800001, 0.480200, 0.337461, -1.000000, 0.398205, -1.000000, 0.339297, -1.000000, 0.364305, -1.000000
0.560000, 0.530000, 2.790001, 0.484563, 0.339497, -1.000000, 0.398016, -1.000000, 0.342139, -1.000000, 0.367242, -1.000000
0.560000, 0.540000, 2.780001, 0.488850, 0.341539, -1.000000, 0.397827, -1.000000, 0.344993, -1.000000, 0.370190, -1.000000
0.560000, 0.550000, 2.770001, 0.493062, 0.343587, -1.000000, 0.397638, -1.000000, 0.347857, -1.000000, 0.373147, -1.000000
0.560000, 0.560000, 2.760001, 0.497200, 0.345640, -1.000000, 0.397449, -1.000000, 0.350733, -1.000000, 0.376113, -1.000000
0.560000, 0.570000, 2.750001, 0.501263, 0.347700, -1.000000, 0.397260, -1.000000, 0.353619, -1.000000, 0.379089, -1.000000
0.560000, 0.580000, 2.740001, 0.505250, 0.349765, -1.000000, 0.397071, -1.000000, 0.356517, -1.000000, 0.382075, -1.000000
0.560000, 0.590000, 2.730001, 0.509163, 0.351835, -1.000000, 0.396882, -1.000000, 0.359424, -1.000000, 0.385069, -1.000000
0.560000, 0.600000, 2.720001, 0.513000, 0.352476, -1.000000, 0.396693, -1.000000, 0.362342, -1.000000, 0.388071, -1.000000
0.560000, 0.610000, 2.710001, 0.516762, 0.352514, -1.000000, 0.396504, -1.000000, 0.365271, -1.000000, 0.391082, -1.000000
0.560000, 0.620000, 2.700001, 0.520450, 0.352551, -1.000000, 0.396315, -1.000000, 0.368111, -1.000000, 0.392298, -1.000000
0.560000, 0.630000, 2.690001, 0.524063, 0.352589, -1.000000, 0.396126, -1.000000, 0.368094, -1.000000, 0.392298, -1.000000
0.560000, 0.640000, 2.680001, 0.527600, 0.352626, -1.000000, 0.395938, -1.000000, 0.368077, -1.000000, 0.392298, -1.000000
0.560000, 0.650000, 2.670001, 0.531062, 0.352664, -1.000000, 0.395749, -1.000000, 0.368061, -1.000000, 0.392298, -1.000000
0.560000, 0.660000, 2.660001, 0.534450, 0.352702, -1.000000, 0.395560, -1.000000, 0.368044, -1.000000, 0.392298, -1.000000
0.560000, 0.670000, 2.650001, 0.537763, 0.352739, -1.000000, 0.395371, -1.000000, 0.368027, -1.000000, 0.392298, -1.000000
0.560000, 0.680000, 2.640001, 0.541000, 0.352777, -1.000000, 0.395183, -1.000000, 0.368011, -1.000000, 0.392298, -1.000000
0.560000, 0.690000, 2.630001, 0.544163, 0.352814, -1.000000, 0.394994, -1.000000, 0.368020, -1.000000, 0.392298, -1.000000
0.560000, 0.700000, 2.620001, 0.547250, 0.352852, -1.000000, 0.394805, -1.000000, 0.367958, -1.000000, 0.392298, -1.000000
0.560000, 0.710000, 2.610001, 0.550263, 0.352890, -1.000000, 0.394617, -1.000000, 0.367858, -1.000000, 0.392298, -1.000000
0.560000, 0.720000, 2.600001, 0.553200, 0.352927, -1.000000, 0.394428, -1.000000, 0.367776, -1.000000, 0.392298, -1.000000
0.560000, 0.730000, 2.590001, 0.556063, 0.352965, -1.000000, 0.394240, -1.000000, 0.367694, -1.000000, 0.392298, -1.000000
0.560000, 0.740000, 2.580001, 0.558850, 0.353002, -1.000000, 0.394051, -1.000000, 0.367611, -1.000000, 0.392298, -1.000000
0.560000, 0.750000, 2.570001, 0.561563, 0.353040, -1.000000, 0.393863, -1.000000, 0.367529, -1.000000, 0.392298, -1.000000
0.560000, 0.760000, 2.560001, 0.564200, 0.353078, -1.000000, 0.393674, -1.000000, 0.367446, -1.000000, 0.392298, -1.000000
0.560000, 0.770000, 2.550001, 0.566763, 0.353115, -1.000000, 0.393486, -1.000000, 0.367364, -1.000000, 0.392298, -1.000000
0.560000, 0.780000, 2.540001, 0.569250, 0.353153, -1.000000, 0.393298, -1.000000, 0.367282, -1.000000, 0.392298, -1.000000
0.560000, 0.790000, 2.530001, 0.571663, 0.353190, -1.000000, 0.393109, -1.000000, 0.367199, -1.000000, 0.392298, -1.000000
0.560000, 0.800000, 2.520001, 0.574000, 0.353228, -1.000000, 0.392921, -1.000000, 0.367117, -1.000000, 0.392298, -1.000000
0.560000, 0.810000, 2.510001, 0.576262, 0.353266, -1.000000, 0.392733, -1.000000, 0.367034, -1.000000, 0.392298, -1.000000
0.560000, 0.820000, 2.500001, 0.578450, 0.353303, -1.000000, 0.392545, -1.000000, 0.366952, -1.000000, 0.392298, -1.000000
0.560000, 0.830000, 2.490001, 0.580563, 0.353341, -1.000000, 0.392356, -1.000000, 0.366870, -1.000000, 0.392298, -1.000000
0.560000, 0.839999, 2.480001, 0.582600, 0.353379, -1.000000, 0.392168, -1.000000, 0.366787, -1.000000, 0.392298, -1.000000
0.560000, 0.849999, 2.470001, 0.584563, 0.353416, -1.000000, 0.391980, -1.000000, 0.366705, -1.000000, 0.392298, -1.000000
0.560000, 0.859999, 2.460001, 0.586450, 0.353454, -1.000000, 0.391792, -1.000000, 0.366623, -1.000000, 0.392298, -1.000000
0.560000, 0.869999, 2.450001, 0.588263, 0.353491, -1.000000, 0.391604, -1.000000, 0.366540, -1.000000, 0.392298, -1.000000
0.560000, 0.879999, 2.440001, 0.590000, 0.353529, -1.000000, 0.391416, -1.000000, 0.366458, -1.000000, 0.392298, -1.000000
0.560000, 0.889999, 2.430001, 0.591663, 0.353567, -1.000000, 0.391228, -1.000000, 0.366376, -1.000000, 0.392298, -1.000000
0.560000, 0.899999, 2.420001, 0.593250, 0.353604, -1.000000, 0.391040, -1.000000, 0.366293, -1.000000, 0.392298, -1.000000
0.560000, 0.909999, 2.410001, 0.594763, 0.353642, -1.000000, 0.390852, -1.000000, 0.366211, -1.000000, 0.392298, -1.000000
0.560000, 0.919999, 2.400001, 0.596200, 0.353680, -1.000000, 0.390664, -1.000000, 0.366129, -1.000000, 0.392298, -1.000000
0.560000, 0.929999, 2.390001, 0.597563, 0.353717, -1.000000, 0.390476, -1.000000, 0.366047, -1.000000, 0.392298, -1.000000
0.560000, 0.939999, 2.380001, 0.598850, 0.353755, -1.000000, 0.390289, -1.000000, 0.365964, -1.000000, 0.392298, -1.000000
0.560000, 0.949999, 2.370001, 0.600063, 0.353793, -1.000000, 0.390101, -1.000000, 0.365882, -1.000000, 0.392298, -1.000000
0.560000, 0.959999, 2.360001, 0.601200, 0.353830, -1.000000, 0.389913, -1.000000, 0.365800, -1.000000, 0.392298, -1.000000
0.560000, 0.969999, 2.350001, 0.602263, 0.353868, -1.000000, 0.389725, -1.000000, 0.365718, -1.000000, 0.392298, -1.000000
0.560000, 0.979999, 2.340001, 0.603250, 0.353905, -1.000000, 0.389537, -1.000000, 0.365635, -1.000000, 0.392298, -1.000000
0.560000, 0.989999, 2.330001, 0.604163, 0.353943, -1.000000, 0.389350, -1.000000, 0.365553, -1.000000, 0.392298, -1.000000
0.560000, 0.999999, 2.320001, 0.605000, 0.353981, -1.000000, 0.389162, -1.000000, 0.365471, -1.000000, 0.392298, -1.000000
0.570000, 0.000000, 3.290001, 0.150000, 0.206467, 0.732927, 0.408191, 0.996019, 0.210002, 0.806334, 0.228439, 0.990756
0.570000, 0.010000, 3.280001, 0.158188, 0.208596, -1.000000, 0.408000, -1.000000, 0.212109, -1.000000, 0.230678, -1.000000
0.570000, 0.020000, 3.270001, 0.166300, 0.210785, -1.000000, 0.407809, -1.000000, 0.214231, -1.000000, 0.232933, -1.000000
0.570000, 0.030000, 3.260001, 0.174338, 0.212990, -1.000000, 0.407619, -1.000000, 0.216368, -1.000000, 0.235203, -1.000000
0.570000, 0.040000, 3.250001, 0.182300, 0.215213, -1.000000, 0.407428, -1.000000, 0.218521, -1.000000, 0.237489, -1.000000
0.570000, 0.050000, 3.240001, 0.190188, 0.217452, -1.000000, 0.407238, -1.000000, 0.220689, -1.000000, 0.239789, -1.000000
0.570000, 0.060000, 3.230001, 0.198000, 0.219708, -1.000000, 0.407047, -1.000000, 0.222873, -1.000000, 0.242105, -1.000000
0.570000, 0.070000, 3.220001, 0.205738, 0.221980, -1.000000, 0.406857, -1.000000, 0.225072, -1.000000, 0.244436, -1.000000
0.570000, 0.080000, 3.210001, 0.213400, 0.224270, -1.000000, 0.406666, -1.000000, 0.227287, -1.000000, 0.246783, -1.000000
0.570000, 0.090000, 3.200001, 0.220988, 0.226576, -1.000000, 0.406476, -1.000000, 0.229516, -1.000000, 0.249144, -1.000000
0.570000, 0.100000, 3.190001, 0.228500, 0.228899, -1.000000, 0.406285, -1.000000, 0.231761, -1.000000, 0.251520, -1.000000
0.570000, 0.110000, 3.180001, 0.235938, 0.231238, -1.000000, 0.406095, -1.000000, 0.234022, -1.000000, 0.253912, -1.000000
0.570000, 0.120000, 3.170001, 0.243300, 0.233594, -1.000000, 0.405905, -1.000000, 0.236297, -1.000000, 0.256318, -1.000000
0.570000, 0.130000, 3.160001, 0.250588, 0.235967, -1.000000, 0.405714, -1.000000, 0.238588, -1.000000, 0.258739, -1.000000
0.570000, 0.140000, 3.150001, 0.257800, 0.238356, -1.000000, 0.405524, -1.000000, 0.240894, -1.000000, 0.261175, -1.000000
0.570000, 0.150000, 3.140001, 0.264938, 0.240762, -1.000000, 0.405334, -1.000000, 0.243215, -1.000000, 0.263626, -1.000000
0.570000, 0.160000, 3.130001, 0.272000, 0.243185, -1.000000, 0.405143, -1.000000, 0.245552, -1.000000, 0.266091, -1.000000
0.570000, 0.170000, 3.120001, 0.278988, 0.245624, -1.000000, 0.404953, -1.000000, 0.247903, -1.000000, 0.268572, -1.000000
0.570000, 0.180000, 3.110001, 0.285900, 0.248079, -1.000000, 0.404763, -1.000000, 0.250269, -1.000000, 0.271066, -1.000000
0.570000, 0.190000, 3.100001, 0.292738, 0.250551, -1.000000, 0.404573, -1.000000, 0.252651, -1.000000, 0.273576, -1.000000
0.570000, 0.200000, 3.090001, 0.299500, 0.253039, -1.000000, 0.404383, -1.000000, 0.255047, -1.000000, 0.276099, -1.000000
0.570000, 0.210000, 3.080001, 0.306188, 0.255544, -1.000000, 0.404193, -1.000000, 0.257459, -1.000000, 0.278637, -1.000000
0.570000, 0.220000, 3.070001, 0.312800, 0.258065, -1.000000, 0.404003, -1.000000, 0.259885, -1.000000, 0.281190, -1.000000
0.570000, 0.230000, 3.060001, 0.319338, 0.260601, -1.000000, 0.403813, -1.000000, 0.262326, -1.000000, 0.283756, -1.000000
0.570000, 0.240000, 3.050001, 0.325800, 0.263154, -1.000000, 0.403623, -1.000000, 0.264781, -1.000000, 0.286337, -1.000000
0.570000, 0.250000, 3.040001, 0.332188, 0.265723, -1.000000, 0.403433, -1.000000, 0.267252, -1.000000, 0.288931, -1.000000
0.570000, 0.260000, 3.030001, 0.338500, 0.268308, -1.000000, 0.403243, -1.000000, 0.269737, -1.000000, 0.291540, -1.000000
0.570000, 0.270000, 3.020001, 0.344738, 0.270909, -1.000000, 0.403053, -1.000000, 0.272236, -1.000000, 0.294162, -1.000000
0.570000, 0.280000, 3.010001, 0.350900, 0.273526, -1.000000, 0.402863, -1.000000, 0.274750, -1.000000, 0.296798, -1.000000
0.570000, 0.290000, 3.000001, 0.356988, 0.276158, -1.000000, 0.402673, -1.000000, 0.277278, -1.000000, 0.299448, -1.000000
0.570000, 0.300000, 2.990001, 0.363000, 0.278806, -1.000000, 0.402483, -1.000000, 0.279821, -1.000000, 0.302111, -1.000000
0.570000, 0.310000, 2.980001, 0.368938, 0.281469, -1.000000, 0.402293, -1.000000, 0.282377, -1.000000, 0.304787, -1.000000
0.570000, 0.320000, 2.970001, 0.374800, 0.284148, -1.000000, 0.402104, -1.000000, 0.284948, -1.000000, 0.307477, -1.000000
0.570000, 0.330000, 2.960001, 0.380588, 0.286842, -1.000000, 0.401914, -1.000000, 0.287533, -1.000000, 0.310180, -1.000000
0.570000, 0.340000, 2.950001, 0.386300, 0.289551, -1.000000, 0.401724, -1.000000, 0.290132, -1.000000, 0.312896, -1.000000
0.570000, 0.350000, 2.940001, 0.391938, 0.292276, -1.000000, 0.401534, -1.000000, 0.292745, -1.000000, 0.315624, -1.000000
0.570000, 0.360000, 2.930001, 0.397500, 0.295015, -1.000000, 0.401345, -1.000000, 0.295371, -1.000000, 0.318366, -1.000000
0.570000, 0.370000, 2.920001, 0.402988, 0.297770, -1.000000, 0.401155, -1.000000, 0.298011, -1.000000, 0.321120, -1.000000
0.570000, 0.380000, 2.910001, 0.408400, 0.300539, -1.000000, 0.400966, -1.000000, 0.300665, -1.000000, 0.323887, -1.000000
0.570000, 0.390000, 2.900001, 0.413738, 0.303322, -1.000000, 0.400776, -1.000000, 0.303332, -1.000000, 0.326666, -1.000000
0.570000, 0.400000, 2.890001, 0.419000, 0.306121, -1.000000, 0.400586, -1.000000, 0.306012, -1.000000, 0.329457, -1.000000
0.570000, 0.410000, 2.880001, 0.424188, 0.308933, -1.000000, 0.400397, -1.000000, 0.308706, -1.000000, 0.332261, -1.000000
0.570000, 0.420000, 2.870001, 0.429300, 0.311760, -1.000000, 0.400208, -1.000000, 0.311412, -1.000000, 0.335076, -1.000000
0.570000, 0.430000, 2.860001, 0.434338, 0.314601, -1.000000, 0.400018, -1.000000, 0.314132, -1.000000, 0.337903, -1.000000
0.570000, 0.440000, 2.850001, 0.439300, 0.317456, -1.000000, 0.399829, -1.000000, 0.316864, -1.000000, 0.340742, -1.000000
0.570000, 0.450000, 2.840001, 0.444188, 0.320324, -1.000000, 0.399639, -1.000000, 0.319609, -1.000000, 0.343592, -1.000000
0.570000, 0.460000, 2.830001, 0.449000, 0.323206, -1.000000, 0.399450, -1.000000, 0.322366, -1.000000, 0.346454, -1.000000
0.570000, 0.470000, 2.820001, 0.453738, 0.326102, -1.000000, 0.399261, -1.000000, 0.325136, -1.000000, 0.349326, -1.000000
0.570000, 0.480000, 2.810001, 0.458400, 0.329011, -1.000000, 0.399071, -1.000000, 0.327919, -1.000000, 0.352210, -1.000000
0.570000, 0.490000, 2.800001, 0.462988, 0.331093, -1.000000, 0.398882, -1.000000, 0.330713, -1.000000, 0.355104, -1.000000
0.570000, 0.500000, 2.790001, 0.467500, 0.333109, -1.000000, 0.398693, -1.000000, 0.333520, -1.000000, 0.358009, -1.000000
0.570000, 0.510000, 2.780001, 0.471938, 0.335132, -1.000000, 0.398504, -1.000000, 0.336338, -1.000000, 0.360925, -1.000000
0.570000, 0.520000, 2.770001, 0.476300, 0.337161, -1.000000, 0.398314, -1.000000, 0.339168, -1.000000, 0.363851, -1.000000
0.570000, 0.530000, 2.760001, 0.480588, 0.339196, -1.000000, 0.398125, -1.000000, 0.342009, -1.000000, 0.366787, -1.000000
0.570000, 0.540000, 2.750001, 0.484800, 0.341237, -1.000000, 0.397936, -1.000000, 0.344862, -1.000000, 0.369733, -1.000000
0.570000, 0.550000, 2.740001, 0.488937, 0.343284, -1.000000, 0.397747, -1.000000, 0.347726, -1.000000, 0.372688, -1.000000
0.570000, 0.560000, 2.730001, 0.493000, 0.345337, -1.000000, 0.397558, -1.000000, 0.350601, -1.000000, 0.375654, -1.000000
0.570000, 0.570000, 2.720001, 0.496988, 0.347395, -1.000000, 0.397369, -1.000000, 0.353487, -1.000000, 0.378628, -1.000000
0.570000, 0.580000, 2.710001, 0.500900, 0.349460, -1.000000, 0.397180, -1.000000, 0.356384, -1.000000, 0.381612, -1.000000
0.570000, 0.590000, 2.700001, 0.504737, 0.351529, -1.000000, 0.396991, -1.000000, 0.359291, -1.000000, 0.384604, -1.000000
0.570000, 0.600000, 2.690001, 0.508500, 0.352457, -1.000000, 0.396802, -1.000000, 0.362209, -1.000000, 0.387606, -1.000000
0.570000, 0.610000, 2.680001, 0.512187, 0.352495, -1.000000, 0.396613, -1.000000, 0.365137, -1.000000, 0.390616, -1.000000
0.570000, 0.620000, 2.670001, 0.515800, 0.352532, -1.000000, 0.396424, -1.000000, 0.368035, -1.000000, 0.392298, -1.000000
0.570000, 0.630000, 2.660001, 0.519338, 0.352570, -1.000000, 0.396235, -1.000000, 0.368019, -1.000000, 0.392298, -1.000000
0.570000, 0.640000, 2.650001, 0.522800, 0.352608, -1.000000, 0.396047, -1.000000, 0.368002, -1.000000, 0.392298, -1.000000
0.570000, 0.650000, 2.640001, 0.526188, 0.352645, -1.000000, 0.395858, -1.000000, 0.367986, -1.000000, 0.392298, -1.000000
0.570000, 0.660000, 2.630001, 0.529500, 0.352683, -1.000000, 0.395669, -1.000000, 0.367969, -1.000000, 0.392298, -1.000000
0.570000, 0.670000, 2.620001, 0.532737, 0.352720, -1.000000, 0.395480, -1.000000, 0.367952, -1.000000, 0.392298, -1.000000
0.570000, 0.680000, 2.610001, 0.535900, 0.352758, -1.000000, 0.395292, -1.000000, 0.367936, -1.000000, 0.392298, -1.000000
0.570000, 0.690000, 2.600001, 0.538988, 0.352796, -1.000000, 0.395103, -1.000000, 0.367919, -1.000000, 0.392298, -1.000000
0.570000, 0.700000, 2.590001, 0.542000, 0.352833, -1.000000, 0.394915, -1.000000, 0.367895, -1.000000, 0.392298, -1.000000
0.570000, 0.710000, 2.580001, 0.544937, 0.352871, -1.000000, 0.394726, -1.000000, 0.367812, -1.000000, 0.392298, -1.000000
0.570000, 0.720000, 2.570001, 0.547800, 0.352908, -1.000000, 0.394537, -1.000000, 0.367730, -1.000000, 0.392298, -1.000000
0.570000, 0.730000, 2.560001, 0.550588, 0.352946, -1.000000, 0.394349, -1.000000, 0.367647, -1.000000, 0.392298, -1.000000
0.570000, 0.740000, 2.550001, 0.553300, 0.352984, -1.000000, 0.394160, -1.000000, 0.367565, -1.000000, 0.392298, -1.000000
0.570000, 0.750000, 2.540001, 0.555938, 0.353021, -1.000000, 0.393972, -1.000000, 0.367482, -1.000000, 0.392298, -1.000000
0.570000, 0.760000, 2.530001, 0.558500, 0.353059, -1.000000, 0.393783, -1.000000, 0.367400, -1.000000, 0.392298, -1.000000
0.570000, 0.770000, 2.520001, 0.560988, 0.353096, -1.000000, 0.393595, -1.000000, 0.367318, -1.000000, 0.392298, -1.000000
0.570000, 0.780000, 2.510001, 0.563400, 0.353134, -1.000000, 0.393407, -1.000000, 0.367235, -1.000000, 0.392298, -1.000000
0.570000, 0.790000, 2.500001, 0.565738, 0.353172, -1.000000, 0.393218, -1.000000, 0.367153, -1.000000, 0.392298, -1.000000
0.570000, 0.800000, 2.490001, 0.568000, 0.353209, -1.000000, 0.393030, -1.000000, 0.367071, -1.000000, 0.392298, -1.000000
0.570000, 0.810000, 2.480001, 0.570188, 0.353247, -1.000000, 0.392842, -1.000000, 0.366988, -1.000000, 0.392298, -1.000000
0.570000, 0.820000, 2.470001, 0.572300, 0.353284, -1.000000, 0.392654, -1.000000, 0.366906, -1.000000, 0.392298, -1.000000
0.570000, 0.830000, 2.460001, 0.574338, 0.353322, -1.000000, 0.392465, -1.000000, 0.366823, -1.000000, 0.392298, -1.000000
0.570000, 0.839999, 2.450001, 0.576300, 0.353360, -1.000000, 0.392277, -1.000000, 0.366741, -1.000000, 0.392298, -1.000000
0.570000, 0.849999, 2.440001, 0.578188, 0.353397, -1.000000, 0.392089, -1.000000, 0.366659, -1.000000, 0.392298, -1.000000
0.570000, 0.859999, 2.430001, 0.580000, 0.353435, -1.000000, 0.391901, -1.000000, 0.366577, -1.000000, 0.392298, -1.000000
0.570000, 0.869999, 2.420001, 0.581738, 0.353473, -1.000000, 0.391713, -1.000000, 0.366494, -1.000000, 0.392298, -1.000000
0.570000, 0.879999, 2.410001, 0.583400, 0.353510, -1.000000, 0.391525, -1.000000, 0.366412, -1.000000, 0.392298, -1.000000
0.570000, 0.889999, 2.400001, 0.584988, 0.353548, -1.000000, 0.391337, -1.000000, 0.366330, -1.000000, 0.392298, -1.000000
0.570000, 0.899999, 2.390001, 0.586500, 0.353586, -1.000000, 0.391149, -1.000000, 0.366247, -1.000000, 0.392298, -1.000000
0.570000, 0.909999, 2.380001, 0.587938, 0.353623, -1.000000, 0.390961, -1.000000, 0.366165, -1.000000, 0.392298, -1.000000
0.570000, 0.919999, 2.370001, 0.589300, 0.353661, -1.000000, 0.390773, -1.000000, 0.366083, -1.000000, 0.392298, -1.000000
0.570000, 0.929999, 2.360001, 0.590588, 0.353698, -1.000000, 0.390585, -1.000000, 0.366000, -1.000000, 0.392298, -1.000000
0.570000, 0.939999, 2.350001, 0.591800, 0.353736, -1.000000, 0.390397, -1.000000, 0.365918, -1.000000, 0.392298, -1.000000
0.570000, 0.949999, 2.340001, 0.592938, 0.353774, -1.000000, 0.390209, -1.000000, 0.365836, -1.000000, 0.392298, -1.000000
0.570000, 0.959999, 2.330001, 0.594000, 0.353811, -1.000000, 0.390022, -1.000000, 0.365754, -1.000000, 0.392298, -1.000000
0.570000, 0.969999, 2.320001, 0.594988, 0.353849, -1.000000, 0.389834, -1.000000, 0.365671, -1.000000, 0.392298, -1.000000
0.570000, 0.979999, 2.310001, 0.595900, 0.353887, -1.000000, 0.389646, -1.000000, 0.365589, -1.000000, 0.392298, -1.000000
0.570000, 0.989999, 2.300001, 0.596738, 0.353924, -1.000000, 0.389458, -1.000000, 0.365507, -1.000000, 0.392298, -1.000000
0.570000, 0.999999, 2.290001, 0.597500, 0.353962, -1.000000, 0.389271, -1.000000, 0.365425, -1.000000, 0.392298, -1.000000
0.580000, 0.000000, 3.260001, 0.150000, 0.206296, 0.732926, 0.408301, 0.996033, 0.209906, 0.806334, 0.228093, 0.990903
0.580000, 0.010000, 3.250001, 0.158113, 0.208438, -1.000000, 0.408110, -1.000000, 0.212012, -1.000000, 0.230331, -1.000000
0.580000, 0.020000, 3.240001, 0.166150, 0.210626, -1.000000, 0.407919, -1.000000, 0.214134, -1.000000, 0.232583, -1.000000
0.580000, 0.030000, 3.230001, 0.174113, 0.212830, -1.000000, 0.407729, -1.000000, 0.216270, -1.000000, 0.234851, -1.000000
0.580000, 0.040000, 3.220001, 0.182000, 0.215051, -1.000000, 0.407538, -1.000000, 0.218423, -1.000000, 0.237134, -1.000000
0.580000, 0.050000, 3.210001, 0.189813, 0.217289, -1.000000, 0.407348, -1.000000, 0.220590, -1.000000, 0.239432, -1.000000
0.580000, 0.060000, 3.200001, 0.197550, 0.219544, -1.000000, 0.407157, -1.000000, 0.222773, -1.000000, 0.241746, -1.000000
0.580000, 0.070000, 3.190001, 0.205213, 0.221815, -1.000000, 0.406967, -1.000000, 0.224972, -1.000000, 0.244074, -1.000000
0.580000, 0.080000, 3.180001, 0.212800, 0.224103, -1.000000, 0.406776, -1.000000, 0.227185, -1.000000, 0.246418, -1.000000
0.580000, 0.090000, 3.170001, 0.220313, 0.226408, -1.000000, 0.406586, -1.000000, 0.229414, -1.000000, 0.248777, -1.000000
0.580000, 0.100000, 3.160001, 0.227750, 0.228730, -1.000000, 0.406395, -1.000000, 0.231659, -1.000000, 0.251151, -1.000000
0.580000, 0.110000, 3.150001, 0.235113, 0.231068, -1.000000, 0.406205, -1.000000, 0.233918, -1.000000, 0.253540, -1.000000
0.580000, 0.120000, 3.140001, 0.242400, 0.233423, -1.000000, 0.406015, -1.000000, 0.236193, -1.000000, 0.255944, -1.000000
0.580000, 0.130000, 3.130001, 0.249613, 0.235795, -1.000000, 0.405824, -1.000000, 0.238483, -1.000000, 0.258363, -1.000000
0.580000, 0.140000, 3.120001, 0.256750, 0.238183, -1.000000, 0.405634, -1.000000, 0.240789, -1.000000, 0.260797, -1.000000
0.580000, 0.150000, 3.110001, 0.263813, 0.240588, -1.000000, 0.405444, -1.000000, 0.243109, -1.000000, 0.263245, -1.000000
0.580000, 0.160000, 3.100001, 0.270800, 0.243009, -1.000000, 0.405253, -1.000000, 0.245445, -1.000000, 0.265709, -1.000000
0.580000, 0.170000, 3.090001, 0.277713, 0.245447, -1.000000, 0.405063, -1.000000, 0.247795, -1.000000, 0.268187, -1.000000
0.580000, 0.180000, 3.080001, 0.284550, 0.247901, -1.000000, 0.404873, -1.000000, 0.250161, -1.000000, 0.270679, -1.000000
0.580000, 0.190000, 3.070001, 0.291313, 0.250372, -1.000000, 0.404683, -1.000000, 0.252542, -1.000000, 0.273186, -1.000000
0.580000, 0.200000, 3.060001, 0.298000, 0.252859, -1.000000, 0.404493, -1.000000, 0.254938, -1.000000, 0.275708, -1.000000
0.580000, 0.210000, 3.050001, 0.304613, 0.255362, -1.000000, 0.404303, -1.000000, 0.257348, -1.000000, 0.278243, -1.000000
0.580000, 0.220000, 3.040001, 0.311150, 0.257882, -1.000000, 0.404113, -1.000000, 0.259774, -1.000000, 0.280794, -1.000000
0.580000, 0.230000, 3.030001, 0.317613, 0.260417, -1.000000, 0.403922, -1.000000, 0.262214, -1.000000, 0.283358, -1.000000
0.580000, 0.240000, 3.020001, 0.324000, 0.262969, -1.000000, 0.403732, -1.000000, 0.264669, -1.000000, 0.285936, -1.000000
0.580000, 0.250000, 3.010001, 0.330313, 0.265537, -1.000000, 0.403542, -1.000000, 0.267139, -1.000000, 0.288529, -1.000000
0.580000, 0.260000, 3.000001, 0.336550, 0.268121, -1.000000, 0.403353, -1.000000, 0.269623, -1.000000, 0.291135, -1.000000
0.580000, 0.270000, 2.990001, 0.342713, 0.270720, -1.000000, 0.403163, -1.000000, 0.272122, -1.000000, 0.293755, -1.000000
0.580000, 0.280000, 2.980001, 0.348800, 0.273336, -1.000000, 0.402973, -1.000000, 0.274635, -1.000000, 0.296389, -1.000000
0.580000, 0.290000, 2.970001, 0.354813, 0.275967, -1.000000, 0.402783, -1.000000, 0.277163, -1.000000, 0.299036, -1.000000
0.580000, 0.300000, 2.960001, 0.360750, 0.278614, -1.000000, 0.402593, -1.000000, 0.279704, -1.000000, 0.301697, -1.000000
0.580000, 0.310000, 2.950001, 0.366613, 0.281276, -1.000000, 0.402403, -1.000000, 0.282261, -1.000000, 0.304372, -1.000000
0.580000, 0.320000, 2.940001, 0.372400, 0.283954, -1.000000, 0.402213, -1.000000, 0.284831, -1.000000, 0.307060, -1.000000
0.580000, 0.330000, 2.930001, 0.378113, 0.286647, -1.000000, 0.402024, -1.000000, 0.287415, -1.000000, 0.309760, -1.000000
0.580000, 0.340000, 2.920001, 0.383750, 0.289355, -1.000000, 0.401834, -1.000000, 0.290013, -1.000000, 0.312474, -1.000000
0.580000, 0.350000, 2.910001, 0.389313, 0.292078, -1.000000, 0.401644, -1.000000, 0.292625, -1.000000, 0.315201, -1.000000
0.580000, 0.360000, 2.900001, 0.394800, 0.294816, -1.000000, 0.401454, -1.000000, 0.295251, -1.000000, 0.317941, -1.000000
0.580000, 0.370000, 2.890001, 0.400213, 0.297570, -1.000000, 0.401265, -1.000000, 0.297890, -1.000000, 0.320693, -1.000000
0.580000, 0.380000, 2.880001, 0.405550, 0.300338, -1.000000, 0.401075, -1.000000, 0.300543, -1.000000, 0.323458, -1.000000
0.580000, 0.390000, 2.870001, 0.410813, 0.303120, -1.000000, 0.400886, -1.000000, 0.303210, -1.000000, 0.326235, -1.000000
0.580000, 0.400000, 2.860001, 0.416000, 0.305918, -1.000000, 0.400696, -1.000000, 0.305889, -1.000000, 0.329024, -1.000000
0.580000, 0.410000, 2.850001, 0.421113, 0.308729, -1.000000, 0.400507, -1.000000, 0.308582, -1.000000, 0.331826, -1.000000
0.580000, 0.420000, 2.840001, 0.426150, 0.311555, -1.000000, 0.400317, -1.000000, 0.311288, -1.000000, 0.334639, -1.000000
0.580000, 0.430000, 2.830001, 0.431113, 0.314395, -1.000000, 0.400128, -1.000000, 0.314007, -1.000000, 0.337465, -1.000000
0.580000, 0.440000, 2.820001, 0.436000, 0.317248, -1.000000, 0.399938, -1.000000, 0.316739, -1.000000, 0.340302, -1.000000
0.580000, 0.450000, 2.810001, 0.440813, 0.320116, -1.000000, 0.399749, -1.000000, 0.319483, -1.000000, 0.343150, -1.000000
0.580000, 0.460000, 2.800001, 0.445550, 0.322997, -1.000000, 0.399559, -1.000000, 0.322240, -1.000000, 0.346010, -1.000000
0.580000, 0.470000, 2.790001, 0.450213, 0.325892, -1.000000, 0.399370, -1.000000, 0.325010, -1.000000, 0.348881, -1.000000
0.580000, 0.480000, 2.780001, 0.454800, 0.328786, -1.000000, 0.399181, -1.000000, 0.327792, -1.000000, 0.351763, -1.000000
0.580000, 0.490000, 2.770001, 0.459313, 0.330795, -1.000000, 0.398991, -1.000000, 0.330585, -1.000000, 0.354656, -1.000000
0.580000, 0.500000, 2.760001, 0.463750, 0.332811, -1.000000, 0.398802, -1.000000, 0.333391, -1.000000, 0.357559, -1.000000
0.580000, 0.510000, 2.750001, 0.468112, 0.334833, -1.000000, 0.398613, -1.000000, 0.336209, -1.000000, 0.360473, -1.000000
0.580000, 0.520000, 2.740001, 0.472400, 0.336861, -1.000000, 0.398424, -1.000000, 0.339038, -1.000000, 0.363397, -1.000000
0.580000, 0.530000, 2.730001, 0.476613, 0.338896, -1.000000, 0.398235, -1.000000, 0.341879, -1.000000, 0.366332, -1.000000
0.580000, 0.540000, 2.720001, 0.480750, 0.340936, -1.000000, 0.398046, -1.000000, 0.344732, -1.000000, 0.369276, -1.000000
0.580000, 0.550000, 2.710001, 0.484813, 0.342982, -1.000000, 0.397856, -1.000000, 0.347595, -1.000000, 0.372230, -1.000000
0.580000, 0.560000, 2.700001, 0.488800, 0.345033, -1.000000, 0.397667, -1.000000, 0.350470, -1.000000, 0.375194, -1.000000
0.580000, 0.570000, 2.690001, 0.492713, 0.347091, -1.000000, 0.397478, -1.000000, 0.353355, -1.000000, 0.378167, -1.000000
0.580000, 0.580000, 2.680001, 0.496550, 0.349154, -1.000000, 0.397289, -1.000000, 0.356252, -1.000000, 0.381149, -1.000000
0.580000, 0.590000, 2.670001, 0.500313, 0.351223, -1.000000, 0.397100, -1.000000, 0.359159, -1.000000, 0.384141, -1.000000
0.580000, 0.600000, 2.660001, 0.504000, 0.352438, -1.000000, 0.396911, -1.000000, 0.362076, -1.000000, 0.387141, -1.000000
0.580000, 0.610000, 2.650001, 0.507613, 0.352476, -1.000000, 0.396722, -1.000000, 0.365003, -1.000000, 0.390149, -1.000000
0.580000, 0.620000, 2.640001, 0.511150, 0.352514, -1.000000, 0.396534, -1.000000, 0.367941, -1.000000, 0.392298, -1.000000
0.580000, 0.630000, 2.630001, 0.514613, 0.352551, -1.000000, 0.396345, -1.000000, 0.367944, -1.000000, 0.392298, -1.000000
0.580000, 0.640000, 2.620001, 0.518000, 0.352589, -1.000000, 0.396156, -1.000000, 0.367927, -1.000000, 0.392298, -1.000000
0.580000, 0.650000, 2.610001, 0.521312, 0.352626, -1.000000, 0.395967, -1.000000, 0.367910, -1.000000, 0.392298, -1.000000
0.580000, 0.660000, 2.600001, 0.524550, 0.352664, -1.000000, 0.395778, -1.000000, 0.367894, -1.000000, 0.392298, -1.000000
0.580000, 0.670000, 2.590001, 0.527713, 0.352702, -1.000000, 0.395590, -1.000000, 0.367877, -1.000000, 0.392298, -1.000000
0.580000, 0.680000, 2.580001, 0.530800, 0.352739, -1.000000, 0.395401, -1.000000, 0.367861, -1.000000, 0.392298, -1.000000
0.580000, 0.690000, 2.570001, 0.533813, 0.352777, -1.000000, 0.395212, -1.000000, 0.367844, -1.000000, 0.392298, -1.000000
0.580000, 0.700000, 2.560001, 0.536750, 0.352814, -1.000000, 0.395024, -1.000000, 0.367827, -1.000000, 0.392298, -1.000000
0.580000, 0.710000, 2.550001, 0.539613, 0.352852, -1.000000, 0.394835, -1.000000, 0.367766, -1.000000, 0.392298, -1.000000
0.580000, 0.720000, 2.540001, 0.542400, 0.352890, -1.000000, 0.394646, -1.000000, 0.367683, -1.000000, 0.392298, -1.000000
0.580000, 0.730000, 2.530001, 0.545113, 0.352927, -1.000000, 0.394458, -1.000000, 0.367601, -1.000000, 0.392298, -1.000000
0.580000, 0.740000, 2.520001, 0.547750, 0.352965, -1.000000, 0.394269, -1.000000, 0.367519, -1.000000, 0.392298, -1.000000
0.580000, 0.750000, 2.510001, 0.550313, 0.353002, -1.000000, 0.394081, -1.000000, 0.367436, -1.000000, 0.392298, -1.000000
0.580000, 0.760000, 2.500001, 0.552800, 0.353040, -1.000000, 0.393892, -1.000000, 0.367354, -1.000000, 0.392298, -1.000000
0.580000, 0.770000, 2.490001, 0.555213, 0.353078, -1.000000, 0.393704, -1.000000, 0.367271, -1.000000, 0.392298, -1.000000
0.580000, 0.780000, 2.480001, 0.557550, 0.353115, -1.000000, 0.393516, -1.000000, 0.367189, -1.000000, 0.392298, -1.000000
0.580000, 0.790000, 2.470001, 0.559813, 0.353153, -1.000000, 0.393327, -1.000000, 0.367107, -1.000000, 0.392298, -1.000000
0.580000, 0.800000, 2.460001, 0.562000, 0.353190, -1.000000, 0.393139, -1.000000, 0.367024, -1.000000, 0.392298, -1.000000
0.580000, 0.810000, 2.450001, 0.564113, 0.353228, -1.000000, 0.392951, -1.000000, 0.366942, -1.000000, 0.392298, -1.000000
0.580000, 0.820000, 2.440001, 0.566150, 0.353266, -1.000000, 0.392762, -1.000000, 0.366860, -1.000000, 0.392298, -1.000000
0.580000, 0.830000, 2.430001, 0.568113, 0.353303, -1.000000, 0.392574, -1.000000, 0.366777, -1.000000, 0.392298, -1.000000
0.580000, 0.839999, 2.420001, 0.570000, 0.353341, -1.000000, 0.392386, -1.000000, 0.366695, -1.000000, 0.392298, -1.000000
0.580000, 0.849999, 2.410001, 0.571813, 0.353378, -1.000000, 0.392198, -1.000000, 0.366613, -1.000000, 0.392298, -1.000000
0.580000, 0.859999, 2.400001, 0.573550, 0.353416, -1.000000, 0.392010, -1.000000, 0.366530, -1.000000, 0.392298, -1.000000
0.580000, 0.869999, 2.390001, 0.575213, 0.353454, -1.000000, 0.391822, -1.000000, 0.366448, -1.000000, 0.392298, -1.000000
0.580000, 0.879999, 2.380001, 0.576800, 0.353491, -1.000000, 0.391634, -1.000000, 0.366366, -1.000000, 0.392298, -1.000000
0.580000, 0.889999, 2.370001, 0.578313, 0.353529, -1.000000, 0.391445, -1.000000, 0.366283, -1.000000, 0.392298, -1.000000
0.580000, 0.899999, 2.360001, 0.579750, 0.353567, -1.000000, 0.391257, -1.000000, 0.366201, -1.000000, 0.392298, -1.000000
0.580000, 0.909999, 2.350001, 0.581113, 0.353604, -1.000000, 0.391070, -1.000000, 0.366119, -1.000000, 0.392298, -1.000000
0.580000, 0.919999, 2.340001, 0.582400, 0.353642, -1.000000, 0.390882, -1.000000, 0.366037, -1.000000, 0.392298, -1.000000
0.580000, 0.929999, 2.330001, 0.583613, 0.353680, -1.000000, 0.390694, -1.000000, 0.365954, -1.000000, 0.392298, -1.000000
0.580000, 0.939999, 2.320001, 0.584750, 0.353717, -1.000000, 0.390506, -1.000000, 0.365872, -1.000000, 0.392298, -1.000000
0.580000, 0.949999, 2.310001, 0.585813, 0.353755, -1.000000, 0.390318, -1.000000, 0.365790, -1.000000, 0.392298, -1.000000
0.580000, 0.959999, 2.300001, 0.586800, 0.353792, -1.000000, 0.390130, -1.000000, 0.365708, -1.000000, 0.392298, -1.000000
0.580000, 0.969999, 2.290001, 0.587713, 0.353830, -1.000000, 0.389942, -1.000000, 0.365625, -1.000000, 0.392298, -1.000000
0.580000, 0.979999, 2.280001, 0.588550, 0.353868, -1.000000, 0.389755, -1.000000, 0.365543, -1.000000, 0.392298, -1.000000
0.580000, 0.989999, 2.270001, 0.589313, 0.353905, -1.000000, 0.389567, -1.000000, 0.365461, -1.000000, 0.392298, -1.000000
0.580000, 0.999999, 2.260001, 0.590000, 0.353943, -1.000000, 0.389379, -1.000000, 0.365379, -1.000000, 0.392298, -1.000000
0.590000, 0.000000, 3.230001, 0.150000, 0.206125, 0.732924, 0.408411, 0.996046, 0.209811, 0.806334, 0.227749, 0.991048
0.590000, 0.010000, 3.220001, 0.158038, 0.208281, -1.000000, 0.408220, -1.000000, 0.211916, -1.000000, 0.229983, -1.000000
0.590000, 0.020000, 3.210001, 0.166000, 0.210467, -1.000000, 0.408030, -1.000000, 0.214037, -1.000000, 0.232233, -1.000000
0.590000, 0.030000, 3.200001, 0.173888, 0.212670, -1.000000, 0.407839, -1.000000, 0.216173, -1.000000, 0.234499, -1.000000
0.590000, 0.040000, 3.190001, 0.181700, 0.214890, -1.000000, 0.407649, -1.000000, 0.218324, -1.000000, 0.236780, -1.000000
0.590000, 0.050000, 3.180001, 0.189438, 0.217127, -1.000000, 0.407458, -1.000000, 0.220491, -1.000000, 0.239075, -1.000000
0.590000, 0.060000, 3.170001, 0.197100, 0.219380, -1.000000, 0.407267, -1.000000, 0.222673, -1.000000, 0.241387, -1.000000
0.590000, 0.070000, 3.160001, 0.204688, 0.221650, -1.000000, 0.407077, -1.000000, 0.224871, -1.000000, 0.243713, -1.000000
0.590000, 0.080000, 3.150001, 0.212200, 0.223937, -1.000000, 0.406886, -1.000000, 0.227084, -1.000000, 0.246055, -1.000000
0.590000, 0.090000, 3.140001, 0.219638, 0.226241, -1.000000, 0.406696, -1.000000, 0.229312, -1.000000, 0.248411, -1.000000
0.590000, 0.100000, 3.130001, 0.227000, 0.228561, -1.000000, 0.406505, -1.000000, 0.231556, -1.000000, 0.250783, -1.000000
0.590000, 0.110000, 3.120001, 0.234288, 0.230898, -1.000000, 0.406315, -1.000000, 0.233815, -1.000000, 0.253170, -1.000000
0.590000, 0.120000, 3.110001, 0.241500, 0.233252, -1.000000, 0.406125, -1.000000, 0.236089, -1.000000, 0.255571, -1.000000
0.590000, 0.130000, 3.100001, 0.248638, 0.235622, -1.000000, 0.405934, -1.000000, 0.238378, -1.000000, 0.257988, -1.000000
0.590000, 0.140000, 3.090001, 0.255700, 0.238009, -1.000000, 0.405744, -1.000000, 0.240683, -1.000000, 0.260419, -1.000000
0.590000, 0.150000, 3.080001, 0.262688, 0.240413, -1.000000, 0.405554, -1.000000, 0.243003, -1.000000, 0.262865, -1.000000
0.590000, 0.160000, 3.070001, 0.269600, 0.242833, -1.000000, 0.405363, -1.000000, 0.245338, -1.000000, 0.265326, -1.000000
0.590000, 0.170000, 3.060001, 0.276438, 0.245270, -1.000000, 0.405173, -1.000000, 0.247688, -1.000000, 0.267802, -1.000000
0.590000, 0.180000, 3.050001, 0.283200, 0.247723, -1.000000, 0.404983, -1.000000, 0.250053, -1.000000, 0.270292, -1.000000
0.590000, 0.190000, 3.040001, 0.289888, 0.250192, -1.000000, 0.404793, -1.000000, 0.252433, -1.000000, 0.272797, -1.000000
0.590000, 0.200000, 3.030001, 0.296500, 0.252678, -1.000000, 0.404603, -1.000000, 0.254828, -1.000000, 0.275316, -1.000000
0.590000, 0.210000, 3.020001, 0.303038, 0.255180, -1.000000, 0.404413, -1.000000, 0.257238, -1.000000, 0.277850, -1.000000
0.590000, 0.220000, 3.010001, 0.309500, 0.257699, -1.000000, 0.404222, -1.000000, 0.259663, -1.000000, 0.280398, -1.000000
0.590000, 0.230000, 3.000001, 0.315888, 0.260233, -1.000000, 0.404032, -1.000000, 0.262102, -1.000000, 0.282960, -1.000000
0.590000, 0.240000, 2.990001, 0.322200, 0.262784, -1.000000, 0.403842, -1.000000, 0.264557, -1.000000, 0.285536, -1.000000
0.590000, 0.250000, 2.980001, 0.328438, 0.265350, -1.000000, 0.403652, -1.000000, 0.267026, -1.000000, 0.288126, -1.000000
0.590000, 0.260000, 2.970001, 0.334600, 0.267933, -1.000000, 0.403462, -1.000000, 0.269509, -1.000000, 0.290731, -1.000000
0.590000, 0.270000, 2.960001, 0.340688, 0.270531, -1.000000, 0.403272, -1.000000, 0.272007, -1.000000, 0.293349, -1.000000
0.590000, 0.280000, 2.950001, 0.346700, 0.273146, -1.000000, 0.403082, -1.000000, 0.274520, -1.000000, 0.295980, -1.000000
0.590000, 0.290000, 2.940001, 0.352638, 0.275776, -1.000000, 0.402893, -1.000000, 0.277047, -1.000000, 0.298626, -1.000000
0.590000, 0.300000, 2.930001, 0.358500, 0.278421, -1.000000, 0.402703, -1.000000, 0.279588, -1.000000, 0.301285, -1.000000
0.590000, 0.310000, 2.920001, 0.364288, 0.281083, -1.000000, 0.402513, -1.000000, 0.282144, -1.000000, 0.303957, -1.000000
0.590000, 0.320000, 2.910001, 0.370000, 0.283759, -1.000000, 0.402323, -1.000000, 0.284713, -1.000000, 0.306643, -1.000000
0.590000, 0.330000, 2.900001, 0.375638, 0.286451, -1.000000, 0.402133, -1.000000, 0.287297, -1.000000, 0.309341, -1.000000
0.590000, 0.340000, 2.890001, 0.381200, 0.289158, -1.000000, 0.401944, -1.000000, 0.289894, -1.000000, 0.312053, -1.000000
0.590000, 0.350000, 2.880001, 0.386688, 0.291880, -1.000000, 0.401754, -1.000000, 0.292506, -1.000000, 0.314778, -1.000000
0.590000, 0.360000, 2.870001, 0.392100, 0.294618, -1.000000, 0.401564, -1.000000, 0.295131, -1.000000, 0.317516, -1.000000
0.590000, 0.370000, 2.860001, 0.397438, 0.297370, -1.000000, 0.401374, -1.000000, 0.297770, -1.000000, 0.320266, -1.000000
0.590000, 0.380000, 2.850001, 0.402700, 0.300137, -1.000000, 0.401185, -1.000000, 0.300422, -1.000000, 0.323029, -1.000000
0.590000, 0.390000, 2.840001, 0.407888, 0.302918, -1.000000, 0.400995, -1.000000, 0.303088, -1.000000, 0.325804, -1.000000
0.590000, 0.400000, 2.830001, 0.413000, 0.305715, -1.000000, 0.400806, -1.000000, 0.305767, -1.000000, 0.328592, -1.000000
0.590000, 0.410000, 2.820001, 0.418038, 0.308525, -1.000000, 0.400616, -1.000000, 0.308459, -1.000000, 0.331391, -1.000000
0.590000, 0.420000, 2.810001, 0.423000, 0.311350, -1.000000, 0.400427, -1.000000, 0.311165, -1.000000, 0.334203, -1.000000
0.590000, 0.430000, 2.800001, 0.427888, 0.314189, -1.000000, 0.400237, -1.000000, 0.313883, -1.000000, 0.337027, -1.000000
0.590000, 0.440000, 2.790001, 0.432700, 0.317041, -1.000000, 0.400048, -1.000000, 0.316614, -1.000000, 0.339862, -1.000000
0.590000, 0.450000, 2.780001, 0.437438, 0.319908, -1.000000, 0.399858, -1.000000, 0.319358, -1.000000, 0.342708, -1.000000
0.590000, 0.460000, 2.770001, 0.442100, 0.322788, -1.000000, 0.399669, -1.000000, 0.322114, -1.000000, 0.345566, -1.000000
0.590000, 0.470000, 2.760001, 0.446688, 0.325682, -1.000000, 0.399480, -1.000000, 0.324883, -1.000000, 0.348436, -1.000000
0.590000, 0.480000, 2.750001, 0.451200, 0.328490, -1.000000, 0.399290, -1.000000, 0.327664, -1.000000, 0.351316, -1.000000
0.590000, 0.490000, 2.740001, 0.455638, 0.330498, -1.000000, 0.399101, -1.000000, 0.330458, -1.000000, 0.354207, -1.000000
0.590000, 0.500000, 2.730001, 0.460000, 0.332513, -1.000000, 0.398912, -1.000000, 0.333263, -1.000000, 0.357109, -1.000000
0.590000, 0.510000, 2.720001, 0.464288, 0.334534, -1.000000, 0.398722, -1.000000, 0.336080, -1.000000, 0.360021, -1.000000
0.590000, 0.520000, 2.710001, 0.468500, 0.336562, -1.000000, 0.398533, -1.000000, 0.338909, -1.000000, 0.362944, -1.000000
0.590000, 0.530000, 2.700001, 0.472638, 0.338595, -1.000000, 0.398344, -1.000000, 0.341750, -1.000000, 0.365877, -1.000000
0.590000, 0.540000, 2.690001, 0.476700, 0.340634, -1.000000, 0.398155, -1.000000, 0.344601, -1.000000, 0.368820, -1.000000
0.590000, 0.550000, 2.680001, 0.480688, 0.342679, -1.000000, 0.397966, -1.000000, 0.347464, -1.000000, 0.371772, -1.000000
0.590000, 0.560000, 2.670001, 0.484600, 0.344730, -1.000000, 0.397777, -1.000000, 0.350339, -1.000000, 0.374735, -1.000000
0.590000, 0.570000, 2.660001, 0.488438, 0.346787, -1.000000, 0.397588, -1.000000, 0.353224, -1.000000, 0.377706, -1.000000
0.590000, 0.580000, 2.650001, 0.492200, 0.348849, -1.000000, 0.397399, -1.000000, 0.356119, -1.000000, 0.380687, -1.000000
0.590000, 0.590000, 2.640001, 0.495888, 0.350918, -1.000000, 0.397210, -1.000000, 0.359026, -1.000000, 0.383677, -1.000000
0.590000, 0.600000, 2.630001, 0.499500, 0.352420, -1.000000, 0.397021, -1.000000, 0.361943, -1.000000, 0.386676, -1.000000
0.590000, 0.610000, 2.620001, 0.503038, 0.352457, -1.000000, 0.396832, -1.000000, 0.364869, -1.000000, 0.389683, -1.000000
0.590000, 0.620000, 2.610001, 0.506500, 0.352495, -1.000000, 0.396643, -1.000000, 0.367806, -1.000000, 0.392298, -1.000000
0.590000, 0.630000, 2.600001, 0.509888, 0.352532, -1.000000, 0.396454, -1.000000, 0.367869, -1.000000, 0.392298, -1.000000
0.590000, 0.640000, 2.590001, 0.513200, 0.352570, -1.000000, 0.396265, -1.000000, 0.367852, -1.000000, 0.392298, -1.000000
0.590000, 0.650000, 2.580001, 0.516438, 0.352608, -1.000000, 0.396076, -1.000000, 0.367835, -1.000000, 0.392298, -1.000000
0.590000, 0.660000, 2.570001, 0.519600, 0.352645, -1.000000, 0.395887, -1.000000, 0.367819, -1.000000, 0.392298, -1.000000
0.590000, 0.670000, 2.560001, 0.522688, 0.352683, -1.000000, 0.395699, -1.000000, 0.367802, -1.000000, 0.392298, -1.000000
0.590000, 0.680000, 2.550001, 0.525700, 0.352720, -1.000000, 0.395510, -1.000000, 0.367786, -1.000000, 0.392298, -1.000000
0.590000, 0.690000, 2.540001, 0.528638, 0.352758, -1.000000, 0.395321, -1.000000, 0.367769, -1.000000, 0.392298, -1.000000
0.590000, 0.700000, 2.530001, 0.531500, 0.352796, -1.000000, 0.395133, -1.000000, 0.367752, -1.000000, 0.392298, -1.000000
0.590000, 0.710000, 2.520001, 0.534288, 0.352833, -1.000000, 0.394944, -1.000000, 0.367720, -1.000000, 0.392298, -1.000000
0.590000, 0.720000, 2.510001, 0.537000, 0.352871, -1.000000, 0.394755, -1.000000, 0.367637, -1.000000, 0.392298, -1.000000
0.590000, 0.730000, 2.500001, 0.539638, 0.352908, -1.000000, 0.394567, -1.000000, 0.367555, -1.000000, 0.392298, -1.000000
0.590000, 0.740000, 2.490001, 0.542200, 0.352946, -1.000000, 0.394378, -1.000000, 0.367472, -1.000000, 0.392298, -1.000000
0.590000, 0.750000, 2.480001, 0.544688, 0.352984, -1.000000, 0.394190, -1.000000, 0.367390, -1.000000, 0.392298, -1.000000
0.590000, 0.760000, 2.470001, 0.547100, 0.353021, -1.000000, 0.394001, -1.000000, 0.367308, -1.000000, 0.392298, -1.000000
0.590000, 0.770000, 2.460001, 0.549438, 0.353059, -1.000000, 0.393813, -1.000000, 0.367225, -1.000000, 0.392298, -1.000000
0.590000, 0.780000, 2.450001, 0.551700, 0.353096, -1.000000, 0.393625, -1.000000, 0.367143, -1.000000, 0.392298, -1.000000
0.590000, 0.790000, 2.440001, 0.553888, 0.353134, -1.000000, 0.393436, -1.000000, 0.367060, -1.000000, 0.392298, -1.000000
0.590000, 0.800000, 2.430001, 0.556000, 0.353172, -1.000000, 0.393248, -1.000000, 0.366978, -1.000000, 0.392298, -1.000000
0.590000, 0.810000, 2.420001, 0.558038, 0.353209, -1.000000, 0.393060, -1.000000, 0.366896, -1.000000, 0.392298, -1.000000
0.590000, 0.820000, 2.410001, 0.560000, 0.353247, -1.000000, 0.392871, -1.000000, 0.366813, -1.000000, 0.392298, -1.000000
0.590000, 0.830000, 2.400001, 0.561888, 0.353284, -1.000000, 0.392683, -1.000000, 0.366731, -1.000000, 0.392298, -1.000000
0.590000, 0.839999, 2.390001, 0.563700, 0.353322, -1.000000, 0.392495, -1.000000, 0.366649, -1.000000, 0.392298, -1.000000
0.590000, 0.849999, 2.380001, 0.565438, 0.353360, -1.000000, 0.392307, -1.000000, 0.366566, -1.000000, 0.392298, -1.000000
0.590000, 0.859999, 2.370001, 0.567100, 0.353397, -1.000000, 0.392118, -1.000000, 0.366484, -1.000000, 0.392298, -1.000000
0.590000, 0.869999, 2.360001, 0.568688, 0.353435, -1.000000, 0.391930, -1.000000, 0.366402, -1.000000, 0.392298, -1.000000
0.590000, 0.879999, 2.350001, 0.570200, 0.353473, -1.000000, 0.391742, -1.000000, 0.366320, -1.000000, 0.392298, -1.000000
0.590000, 0.889999, 2.340001, 0.571638, 0.353510, -1.000000, 0.391554, -1.000000, 0.366237, -1.000000, 0.392298, -1.000000
0.590000, 0.899999, 2.330001, 0.573000, 0.353548, -1.000000, 0.391366, -1.000000, 0.366155, -1.000000, 0.392298, -1.000000
0.590000, 0.909999, 2.320001, 0.574288, 0.353585, -1.000000, 0.391178, -1.000000, 0.366073, -1.000000, 0.392298, -1.000000
0.590000, 0.919999, 2.310001, 0.575500, 0.353623, -1.000000, 0.390990, -1.000000, 0.365990, -1.000000, 0.392298, -1.000000
0.590000, 0.929999, 2.300001, 0.576638, 0.353661, -1.000000, 0.390802, -1.000000, 0.365908, -1.000000, 0.392298, -1.000000
0.590000, 0.939999, 2.290001, 0.577700, 0.353698, -1.000000, 0.390614, -1.000000, 0.365826, -1.000000, 0.392298, -1.000000
0.590000, 0.949999, 2.280001, 0.578688, 0.353736, -1.000000, 0.390427, -1.000000, 0.365744, -1.000000, 0.392298, -1.000000
0.590000, 0.959999, 2.270001, 0.579600, 0.353774, -1.000000, 0.390239, -1.000000, 0.365661, -1.000000, 0.392298, -1.000000
0.590000, 0.969999, 2.260001, 0.580438, 0.353811, -1.000000, 0.390051, -1.000000, 0.365579, -1.000000, 0.392298, -1.000000
0.590000, 0.979999, 2.250001, 0.581200, 0.353849, -1.000000, 0.389863, -1.000000, 0.365497, -1.000000, 0.392298, -1.000000
0.590000, 0.989999, 2.240001, 0.581888, 0.353887, -1.000000, 0.389675, -1.000000, 0.365415, -1.000000, 0.392298, -1.000000
0.590000, 0.999999, 2.230001, 0.582500, 0.353924, -1.000000, 0.389488, -1.000000, 0.365333, -1.000000, 0.392298, -1.000000
0.600000, 0.000000, 3.200001, 0.150000, 0.205955, 0.732923, 0.408521, 0.996059, 0.209715, 0.806334, 0.227404, 0.991191
0.600000, 0.010000, 3.190001, 0.157963, 0.208123, -1.000000, 0.408331, -1.000000, 0.211819, -1.000000, 0.229636, -1.000000
0.600000, 0.020000, 3.180001, 0.165850, 0.210308, -1.000000, 0.408140, -1.000000, 0.213939, -1.000000, 0.231884, -1.000000
0.600000, 0.030000, 3.170001, 0.173663, 0.212510, -1.000000, 0.407949, -1.000000, 0.216075, -1.000000, 0.234147, -1.000000
0.600000, 0.040000, 3.160001, 0.181400, 0.214729, -1.000000, 0.407759, -1.000000, 0.218226, -1.000000, 0.236425, -1.000000
0.600000, 0.050000, 3.150001, 0.189063, 0.216964, -1.000000, 0.407568, -1.000000, 0.220392, -1.000000, 0.238719, -1.000000
0.600000, 0.060000, 3.140001, 0.196650, 0.219216, -1.000000, 0.407378, -1.000000, 0.222573, -1.000000, 0.241028, -1.000000
0.600000, 0.070000, 3.130001, 0.204163, 0.221485, -1.000000, 0.407187, -1.000000, 0.224770, -1.000000, 0.243352, -1.000000
0.600000, 0.080000, 3.120001, 0.211600, 0.223771, -1.000000, 0.406997, -1.000000, 0.226983, -1.000000, 0.245691, -1.000000
0.600000, 0.090000, 3.110001, 0.218963, 0.226073, -1.000000, 0.406806, -1.000000, 0.229210, -1.000000, 0.248045, -1.000000
0.600000, 0.100000, 3.100001, 0.226250, 0.228393, -1.000000, 0.406616, -1.000000, 0.231453, -1.000000, 0.250415, -1.000000
0.600000, 0.110000, 3.090001, 0.233463, 0.230728, -1.000000, 0.406425, -1.000000, 0.233711, -1.000000, 0.252799, -1.000000
0.600000, 0.120000, 3.080001, 0.240600, 0.233081, -1.000000, 0.406235, -1.000000, 0.235985, -1.000000, 0.255198, -1.000000
0.600000, 0.130000, 3.070001, 0.247663, 0.235450, -1.000000, 0.406044, -1.000000, 0.238274, -1.000000, 0.257613, -1.000000
0.600000, 0.140000, 3.060001, 0.254650, 0.237836, -1.000000, 0.405854, -1.000000, 0.240578, -1.000000, 0.260042, -1.000000
0.600000, 0.150000, 3.050001, 0.261563, 0.240238, -1.000000, 0.405664, -1.000000, 0.242897, -1.000000, 0.262486, -1.000000
0.600000, 0.160000, 3.040001, 0.268400, 0.242657, -1.000000, 0.405473, -1.000000, 0.245231, -1.000000, 0.264945, -1.000000
0.600000, 0.170000, 3.030001, 0.275163, 0.245093, -1.000000, 0.405283, -1.000000, 0.247580, -1.000000, 0.267418, -1.000000
0.600000, 0.180000, 3.020001, 0.281850, 0.247545, -1.000000, 0.405093, -1.000000, 0.249945, -1.000000, 0.269906, -1.000000
0.600000, 0.190000, 3.010001, 0.288463, 0.250013, -1.000000, 0.404903, -1.000000, 0.252324, -1.000000, 0.272408, -1.000000
0.600000, 0.200000, 3.000001, 0.295000, 0.252498, -1.000000, 0.404713, -1.000000, 0.254718, -1.000000, 0.274925, -1.000000
0.600000, 0.210000, 2.990001, 0.301463, 0.254999, -1.000000, 0.404522, -1.000000, 0.257128, -1.000000, 0.277457, -1.000000
0.600000, 0.220000, 2.980001, 0.307850, 0.257516, -1.000000, 0.404332, -1.000000, 0.259552, -1.000000, 0.280002, -1.000000
0.600000, 0.230000, 2.970001, 0.314163, 0.260049, -1.000000, 0.404142, -1.000000, 0.261991, -1.000000, 0.282562, -1.000000
0.600000, 0.240000, 2.960001, 0.320400, 0.262599, -1.000000, 0.403952, -1.000000, 0.264444, -1.000000, 0.285136, -1.000000
0.600000, 0.250000, 2.950001, 0.326563, 0.265164, -1.000000, 0.403762, -1.000000, 0.266913, -1.000000, 0.287724, -1.000000
0.600000, 0.260000, 2.940001, 0.332650, 0.267745, -1.000000, 0.403572, -1.000000, 0.269396, -1.000000, 0.290327, -1.000000
0.600000, 0.270000, 2.930001, 0.338663, 0.270343, -1.000000, 0.403382, -1.000000, 0.271893, -1.000000, 0.292942, -1.000000
0.600000, 0.280000, 2.920001, 0.344600, 0.272956, -1.000000, 0.403192, -1.000000, 0.274405, -1.000000, 0.295572, -1.000000
0.600000, 0.290000, 2.910001, 0.350463, 0.275585, -1.000000, 0.403002, -1.000000, 0.276931, -1.000000, 0.298215, -1.000000
0.600000, 0.300000, 2.900001, 0.356250, 0.278229, -1.000000, 0.402813, -1.000000, 0.279472, -1.000000, 0.300872, -1.000000
0.600000, 0.310000, 2.890001, 0.361963, 0.280889, -1.000000, 0.402623, -1.000000, 0.282027, -1.000000, 0.303542, -1.000000
0.600000, 0.320000, 2.880001, 0.367600, 0.283565, -1.000000, 0.402433, -1.000000, 0.284596, -1.000000, 0.306226, -1.000000
0.600000, 0.330000, 2.870001, 0.373163, 0.286256, -1.000000, 0.402243, -1.000000, 0.287179, -1.000000, 0.308923, -1.000000
0.600000, 0.340000, 2.860001, 0.378650, 0.288962, -1.000000, 0.402053, -1.000000, 0.289776, -1.000000, 0.311633, -1.000000
0.600000, 0.350000, 2.850001, 0.384063, 0.291683, -1.000000, 0.401864, -1.000000, 0.292386, -1.000000, 0.314355, -1.000000
0.600000, 0.360000, 2.840001, 0.389400, 0.294419, -1.000000, 0.401674, -1.000000, 0.295011, -1.000000, 0.317091, -1.000000
0.600000, 0.370000, 2.830001, 0.394663, 0.297170, -1.000000, 0.401484, -1.000000, 0.297649, -1.000000, 0.319840, -1.000000
0.600000, 0.380000, 2.820001, 0.399850, 0.299936, -1.000000, 0.401295, -1.000000, 0.300301, -1.000000, 0.322600, -1.000000
0.600000, 0.390000, 2.810001, 0.404963, 0.302717, -1.000000, 0.401105, -1.000000, 0.302966, -1.000000, 0.325374, -1.000000
0.600000, 0.400000, 2.800001, 0.410000, 0.305512, -1.000000, 0.400915, -1.000000, 0.305644, -1.000000, 0.328159, -1.000000
0.600000, 0.410000, 2.790001, 0.414963, 0.308321, -1.000000, 0.400726, -1.000000, 0.308336, -1.000000, 0.330957, -1.000000
0.600000, 0.420000, 2.780001, 0.419850, 0.311145, -1.000000, 0.400536, -1.000000, 0.311041, -1.000000, 0.333767, -1.000000
0.600000, 0.430000, 2.770001, 0.424663, 0.313983, -1.000000, 0.400347, -1.000000, 0.313759, -1.000000, 0.336589, -1.000000
0.600000, 0.440000, 2.760001, 0.429400, 0.316834, -1.000000, 0.400157, -1.000000, 0.316489, -1.000000, 0.339422, -1.000000
0.600000, 0.450000, 2.750001, 0.434063, 0.319700, -1.000000, 0.399968, -1.000000, 0.319233, -1.000000, 0.342267, -1.000000
0.600000, 0.460000, 2.740001, 0.438650, 0.322579, -1.000000, 0.399778, -1.000000, 0.321988, -1.000000, 0.345123, -1.000000
0.600000, 0.470000, 2.730001, 0.443163, 0.325472, -1.000000, 0.399589, -1.000000, 0.324757, -1.000000, 0.347991, -1.000000
0.600000, 0.480000, 2.720001, 0.447600, 0.328194, -1.000000, 0.399400, -1.000000, 0.327537, -1.000000, 0.350869, -1.000000
0.600000, 0.490000, 2.710001, 0.451963, 0.330201, -1.000000, 0.399210, -1.000000, 0.330330, -1.000000, 0.353759, -1.000000
0.600000, 0.500000, 2.700001, 0.456250, 0.332215, -1.000000, 0.399021, -1.000000, 0.333135, -1.000000, 0.356659, -1.000000
0.600000, 0.510000, 2.690001, 0.460463, 0.334236, -1.000000, 0.398832, -1.000000, 0.335951, -1.000000, 0.359570, -1.000000
0.600000, 0.520000, 2.680001, 0.464600, 0.336262, -1.000000, 0.398643, -1.000000, 0.338780, -1.000000, 0.362491, -1.000000
0.600000, 0.530000, 2.670001, 0.468663, 0.338294, -1.000000, 0.398453, -1.000000, 0.341620, -1.000000, 0.365422, -1.000000
0.600000, 0.540000, 2.660001, 0.472650, 0.340333, -1.000000, 0.398264, -1.000000, 0.344471, -1.000000, 0.368363, -1.000000
0.600000, 0.550000, 2.650001, 0.476563, 0.342377, -1.000000, 0.398075, -1.000000, 0.347334, -1.000000, 0.371315, -1.000000
0.600000, 0.560000, 2.640001, 0.480400, 0.344427, -1.000000, 0.397886, -1.000000, 0.350207, -1.000000, 0.374275, -1.000000
0.600000, 0.570000, 2.630001, 0.484163, 0.346483, -1.000000, 0.397697, -1.000000, 0.353092, -1.000000, 0.377246, -1.000000
0.600000, 0.580000, 2.620001, 0.487850, 0.348544, -1.000000, 0.397508, -1.000000, 0.355987, -1.000000, 0.380225, -1.000000
0.600000, 0.590000, 2.610001, 0.491463, 0.350612, -1.000000, 0.397319, -1.000000, 0.358893, -1.000000, 0.383213, -1.000000
0.600000, 0.600000, 2.600001, 0.495000, 0.352401, -1.000000, 0.397130, -1.000000, 0.361809, -1.000000, 0.386211, -1.000000
0.600000, 0.610000, 2.590001, 0.498463, 0.352438, -1.000000, 0.396941, -1.000000, 0.364736, -1.000000, 0.389217, -1.000000
0.600000, 0.620000, 2.580001, 0.501850, 0.352476, -1.000000, 0.396752, -1.000000, 0.367672, -1.000000, 0.392231, -1.000000
0.600000, 0.630000, 2.570001, 0.505163, 0.352514, -1.000000, 0.396563, -1.000000, 0.367794, -1.000000, 0.392298, -1.000000
0.600000, 0.640000, 2.560001, 0.508400, 0.352551, -1.000000, 0.396374, -1.000000, 0.367777, -1.000000, 0.392298, -1.000000
0.600000, 0.650000, 2.550001, 0.511563, 0.352589, -1.000000, 0.396185, -1.000000, 0.367760, -1.000000, 0.392298, -1.000000
0.600000, 0.660000, 2.540001, 0.514650, 0.352626, -1.000000, 0.395997, -1.000000, 0.367744, -1.000000, 0.392298, -1.000000
0.600000, 0.670000, 2.530001, 0.517663, 0.352664, -1.000000, 0.395808, -1.000000, 0.367727, -1.000000, 0.392298, -1.000000
0.600000, 0.680000, 2.520001, 0.520600, 0.352701, -1.000000, 0.395619, -1.000000, 0.367710, -1.000000, 0.392298, -1.000000
0.600000, 0.690000, 2.510001, 0.523463, 0.352739, -1.000000, 0.395430, -1.000000, 0.367694, -1.000000, 0.392298, -1.000000
0.600000, 0.700000, 2.500001, 0.526250, 0.352777, -1.000000, 0.395242, -1.000000, 0.367677, -1.000000, 0.392298, -1.000000
0.600000, 0.710000, 2.490001, 0.528962, 0.352814, -1.000000, 0.395053, -1.000000, 0.367661, -1.000000, 0.392298, -1.000000
0.600000, 0.720000, 2.480001, 0.531600, 0.352852, -1.000000, 0.394865, -1.000000, 0.367591, -1.000000, 0.392298, -1.000000
0.600000, 0.730000, 2.470001, 0.534163, 0.352889, -1.000000, 0.394676, -1.000000, 0.367509, -1.000000, 0.392298, -1.000000
0.600000, 0.740000, 2.460001, 0.536650, 0.352927, -1.000000, 0.394487, -1.000000, 0.367426, -1.000000, 0.392298, -1.000000
0.600000, 0.750000, 2.450001, 0.539062, 0.352965, -1.000000, 0.394299, -1.000000, 0.367344, -1.000000, 0.392298, -1.000000
0.600000, 0.760000, 2.440001, 0.541400, 0.353002, -1.000000, 0.394110, -1.000000, 0.367261, -1.000000, 0.392298, -1.000000
0.600000, 0.770000, 2.430001, 0.543663, 0.353040, -1.000000, 0.393922, -1.000000, 0.367179, -1.000000, 0.392298, -1.000000
0.600000, 0.780000, 2.420001, 0.545850, 0.353078, -1.000000, 0.393734, -1.000000, 0.367097, -1.000000, 0.392298, -1.000000
0.600000, 0.790000, 2.410001, 0.547963, 0.353115, -1.000000, 0.393545, -1.000000, 0.367014, -1.000000, 0.392298, -1.000000
0.600000, 0.800000, 2.400001, 0.550000, 0.353153, -1.000000, 0.393357, -1.000000, 0.366932, -1.000000, 0.392298, -1.000000
0.600000, 0.810000, 2.390001, 0.551963, 0.353190, -1.000000, 0.393168, -1.000000, 0.366850, -1.000000, 0.392298, -1.000000
0.600000, 0.820000, 2.380001, 0.553850, 0.353228, -1.000000, 0.392980, -1.000000, 0.366767, -1.000000, 0.392298, -1.000000
0.600000, 0.830000, 2.370001, 0.555663, 0.353266, -1.000000, 0.392792, -1.000000, 0.366685, -1.000000, 0.392298, -1.000000
0.600000, 0.839999, 2.360001, 0.557400, 0.353303, -1.000000, 0.392604, -1.000000, 0.366603, -1.000000, 0.392298, -1.000000
0.600000, 0.849999, 2.350001, 0.559063, 0.353341, -1.000000, 0.392415, -1.000000, 0.366520, -1.000000, 0.392298, -1.000000
0.600000, 0.859999, 2.340001, 0.560650, 0.353378, -1.000000, 0.392227, -1.000000, 0.366438, -1.000000, 0.392298, -1.000000
0.600000, 0.869999, 2.330001, 0.562163, 0.353416, -1.000000, 0.392039, -1.000000, 0.366356, -1.000000, 0.392298, -1.000000
0.600000, 0.879999, 2.320001, 0.563600, 0.353454, -1.000000, 0.391851, -1.000000, 0.366273, -1.000000, 0.392298, -1.000000
0.600000, 0.889999, 2.310001, 0.564963, 0.353491, -1.000000, 0.391663, -1.000000, 0.366191, -1.000000, 0.392298, -1.000000
0.600000, 0.899999, 2.300001, 0.566250, 0.353529, -1.000000, 0.391475, -1.000000, 0.366109, -1.000000, 0.392298, -1.000000
0.600000, 0.909999, 2.290001, 0.567463, 0.353567, -1.000000, 0.391287, -1.000000, 0.366027, -1.000000, 0.392298, -1.000000
0.600000, 0.919999, 2.280001, 0.568600, 0.353604, -1.000000, 0.391099, -1.000000, 0.365944, -1.000000, 0.392298, -1.000000
0.600000, 0.929999, 2.270001, 0.569663, 0.353642, -1.000000, 0.390911, -1.000000, 0.365862, -1.000000, 0.392298, -1.000000
0.600000, 0.939999, 2.260001, 0.570650, 0.353680, -1.000000, 0.390723, -1.000000, 0.365780, -1.000000, 0.392298, -1.000000
0.600000, 0.949999, 2.250001, 0.571563, 0.353717, -1.000000, 0.390535, -1.000000, 0.365698, -1.000000, 0.392298, -1.000000
0.600000, 0.959999, 2.240001, 0.572400, 0.353755, -1.000000, 0.390347, -1.000000, 0.365615, -1.000000, 0.392298, -1.000000
0.600000, 0.969999, 2.230001, 0.573163, 0.353792, -1.000000, 0.390160, -1.000000, 0.365533, -1.000000, 0.392298, -1.000000
0.600000, 0.979999, 2.220001, 0.573850, 0.353830, -1.000000, 0.389972, -1.000000, 0.365451, -1.000000, 0.392298, -1.000000
0.600000, 0.989999, 2.210001, 0.574463, 0.353868, -1.000000, 0.389784, -1.000000, 0.365369, -1.000000, 0.392298, -1.000000
0.600000, 0.999999, 2.200001, 0.575000, 0.353905, -1.000000, 0.389596, -1.000000, 0.365286, -1.000000, 0.392298, -1.000000
0.610000, 0.000000, 3.170001, 0.150000, 0.205798, 0.732922, 0.408632, 0.996072, 0.209619, 0.806334, 0.227060, 0.991332
0.610000, 0.010000, 3.160001, 0.157888, 0.207966, -1.000000, 0.408441, -1.000000, 0.211723, -1.000000, 0.229290, -1.000000
0.610000, 0.020000, 3.150001, 0.165700, 0.210149, -1.000000, 0.408250, -1.000000, 0.213842, -1.000000, 0.231535, -1.000000
0.610000, 0.030000, 3.140001, 0.173438, 0.212350, -1.000000, 0.408060, -1.000000, 0.215977, -1.000000, 0.233796, -1.000000
0.610000, 0.040000, 3.130001, 0.181100, 0.214567, -1.000000, 0.407869, -1.000000, 0.218127, -1.000000, 0.236072, -1.000000
0.610000, 0.050000, 3.120001, 0.188688, 0.216802, -1.000000, 0.407678, -1.000000, 0.220293, -1.000000, 0.238363, -1.000000
0.610000, 0.060000, 3.110001, 0.196200, 0.219053, -1.000000, 0.407488, -1.000000, 0.222474, -1.000000, 0.240669, -1.000000
0.610000, 0.070000, 3.100001, 0.203638, 0.221320, -1.000000, 0.407297, -1.000000, 0.224670, -1.000000, 0.242991, -1.000000
0.610000, 0.080000, 3.090001, 0.211000, 0.223605, -1.000000, 0.407107, -1.000000, 0.226881, -1.000000, 0.245328, -1.000000
0.610000, 0.090000, 3.080001, 0.218288, 0.225906, -1.000000, 0.406916, -1.000000, 0.229108, -1.000000, 0.247680, -1.000000
0.610000, 0.100000, 3.070001, 0.225500, 0.228224, -1.000000, 0.406726, -1.000000, 0.231350, -1.000000, 0.250047, -1.000000
0.610000, 0.110000, 3.060001, 0.232638, 0.230559, -1.000000, 0.406535, -1.000000, 0.233608, -1.000000, 0.252429, -1.000000
0.610000, 0.120000, 3.050001, 0.239700, 0.232910, -1.000000, 0.406345, -1.000000, 0.235881, -1.000000, 0.254826, -1.000000
0.610000, 0.130000, 3.040001, 0.246688, 0.235278, -1.000000, 0.406155, -1.000000, 0.238169, -1.000000, 0.257238, -1.000000
0.610000, 0.140000, 3.030001, 0.253600, 0.237663, -1.000000, 0.405964, -1.000000, 0.240472, -1.000000, 0.259665, -1.000000
0.610000, 0.150000, 3.020001, 0.260438, 0.240064, -1.000000, 0.405774, -1.000000, 0.242791, -1.000000, 0.262107, -1.000000
0.610000, 0.160000, 3.010001, 0.267200, 0.242482, -1.000000, 0.405584, -1.000000, 0.245124, -1.000000, 0.264563, -1.000000
0.610000, 0.170000, 3.000001, 0.273888, 0.244916, -1.000000, 0.405393, -1.000000, 0.247473, -1.000000, 0.267034, -1.000000
0.610000, 0.180000, 2.990001, 0.280500, 0.247367, -1.000000, 0.405203, -1.000000, 0.249837, -1.000000, 0.269520, -1.000000
0.610000, 0.190000, 2.980001, 0.287038, 0.249834, -1.000000, 0.405013, -1.000000, 0.252215, -1.000000, 0.272020, -1.000000
0.610000, 0.200000, 2.970001, 0.293500, 0.252317, -1.000000, 0.404823, -1.000000, 0.254609, -1.000000, 0.274535, -1.000000
0.610000, 0.210000, 2.960001, 0.299888, 0.254817, -1.000000, 0.404632, -1.000000, 0.257018, -1.000000, 0.277064, -1.000000
0.610000, 0.220000, 2.950001, 0.306200, 0.257333, -1.000000, 0.404442, -1.000000, 0.259441, -1.000000, 0.279607, -1.000000
0.610000, 0.230000, 2.940001, 0.312438, 0.259865, -1.000000, 0.404252, -1.000000, 0.261879, -1.000000, 0.282165, -1.000000
0.610000, 0.240000, 2.930001, 0.318600, 0.262413, -1.000000, 0.404062, -1.000000, 0.264332, -1.000000, 0.284737, -1.000000
0.610000, 0.250000, 2.920001, 0.324688, 0.264978, -1.000000, 0.403872, -1.000000, 0.266800, -1.000000, 0.287323, -1.000000
0.610000, 0.260000, 2.910001, 0.330700, 0.267558, -1.000000, 0.403682, -1.000000, 0.269282, -1.000000, 0.289923, -1.000000
0.610000, 0.270000, 2.900001, 0.336638, 0.270154, -1.000000, 0.403492, -1.000000, 0.271779, -1.000000, 0.292537, -1.000000
0.610000, 0.280000, 2.890001, 0.342500, 0.272766, -1.000000, 0.403302, -1.000000, 0.274290, -1.000000, 0.295164, -1.000000
0.610000, 0.290000, 2.880001, 0.348288, 0.275394, -1.000000, 0.403112, -1.000000, 0.276816, -1.000000, 0.297805, -1.000000
0.610000, 0.300000, 2.870001, 0.354000, 0.278037, -1.000000, 0.402922, -1.000000, 0.279356, -1.000000, 0.300460, -1.000000
0.610000, 0.310000, 2.860001, 0.359638, 0.280696, -1.000000, 0.402732, -1.000000, 0.281910, -1.000000, 0.303128, -1.000000
0.610000, 0.320000, 2.850001, 0.365200, 0.283371, -1.000000, 0.402543, -1.000000, 0.284478, -1.000000, 0.305810, -1.000000
0.610000, 0.330000, 2.840001, 0.370688, 0.286060, -1.000000, 0.402353, -1.000000, 0.287061, -1.000000, 0.308504, -1.000000
0.610000, 0.340000, 2.830001, 0.376100, 0.288765, -1.000000, 0.402163, -1.000000, 0.289657, -1.000000, 0.311212, -1.000000
0.610000, 0.350000, 2.820001, 0.381438, 0.291485, -1.000000, 0.401973, -1.000000, 0.292267, -1.000000, 0.313933, -1.000000
0.610000, 0.360000, 2.810001, 0.386700, 0.294220, -1.000000, 0.401784, -1.000000, 0.294891, -1.000000, 0.316667, -1.000000
0.610000, 0.370000, 2.800001, 0.391888, 0.296970, -1.000000, 0.401594, -1.000000, 0.297529, -1.000000, 0.319413, -1.000000
0.610000, 0.380000, 2.790001, 0.397000, 0.299735, -1.000000, 0.401404, -1.000000, 0.300180, -1.000000, 0.322172, -1.000000
0.610000, 0.390000, 2.780001, 0.402038, 0.302515, -1.000000, 0.401215, -1.000000, 0.302844, -1.000000, 0.324944, -1.000000
0.610000, 0.400000, 2.770001, 0.407000, 0.305309, -1.000000, 0.401025, -1.000000, 0.305522, -1.000000, 0.327727, -1.000000
0.610000, 0.410000, 2.760001, 0.411888, 0.308117, -1.000000, 0.400835, -1.000000, 0.308213, -1.000000, 0.330523, -1.000000
0.610000, 0.420000, 2.750001, 0.416700, 0.310940, -1.000000, 0.400646, -1.000000, 0.310917, -1.000000, 0.333331, -1.000000
0.610000, 0.430000, 2.740001, 0.421438, 0.313777, -1.000000, 0.400456, -1.000000, 0.313634, -1.000000, 0.336151, -1.000000
0.610000, 0.440000, 2.730001, 0.426100, 0.316627, -1.000000, 0.400267, -1.000000, 0.316364, -1.000000, 0.338983, -1.000000
0.610000, 0.450000, 2.720001, 0.430688, 0.319492, -1.000000, 0.400077, -1.000000, 0.319107, -1.000000, 0.341826, -1.000000
0.610000, 0.460000, 2.710001, 0.435200, 0.322370, -1.000000, 0.399888, -1.000000, 0.321862, -1.000000, 0.344680, -1.000000
0.610000, 0.470000, 2.700001, 0.439638, 0.325262, -1.000000, 0.399699, -1.000000, 0.324630, -1.000000, 0.347546, -1.000000
0.610000, 0.480000, 2.690001, 0.444000, 0.327898, -1.000000, 0.399509, -1.000000, 0.327410, -1.000000, 0.350423, -1.000000
0.610000, 0.490000, 2.680001, 0.448288, 0.329904, -1.000000, 0.399320, -1.000000, 0.330202, -1.000000, 0.353311, -1.000000
0.610000, 0.500000, 2.670001, 0.452500, 0.331918, -1.000000, 0.399131, -1.000000, 0.333007, -1.000000, 0.356209, -1.000000
0.610000, 0.510000, 2.660001, 0.456638, 0.333937, -1.000000, 0.398941, -1.000000, 0.335823, -1.000000, 0.359118, -1.000000
0.610000, 0.520000, 2.650001, 0.460700, 0.335962, -1.000000, 0.398752, -1.000000, 0.338651, -1.000000, 0.362038, -1.000000
0.610000, 0.530000, 2.640001, 0.464688, 0.337994, -1.000000, 0.398563, -1.000000, 0.341490, -1.000000, 0.364968, -1.000000
0.610000, 0.540000, 2.630001, 0.468600, 0.340031, -1.000000, 0.398374, -1.000000, 0.344341, -1.000000, 0.367907, -1.000000
0.610000, 0.550000, 2.620001, 0.472438, 0.342075, -1.000000, 0.398185, -1.000000, 0.347203, -1.000000, 0.370857, -1.000000
0.610000, 0.560000, 2.610001, 0.476200, 0.344124, -1.000000, 0.397995, -1.000000, 0.350076, -1.000000, 0.373816, -1.000000
0.610000, 0.570000, 2.600001, 0.479888, 0.346179, -1.000000, 0.397806, -1.000000, 0.352960, -1.000000, 0.376785, -1.000000
0.610000, 0.580000, 2.590001, 0.483500, 0.348240, -1.000000, 0.397617, -1.000000, 0.355855, -1.000000, 0.379763, -1.000000
0.610000, 0.590000, 2.580001, 0.487038, 0.350306, -1.000000, 0.397428, -1.000000, 0.358760, -1.000000, 0.382750, -1.000000
0.610000, 0.600000, 2.570001, 0.490500, 0.352378, -1.000000, 0.397239, -1.000000, 0.361676, -1.000000, 0.385746, -1.000000
0.610000, 0.610000, 2.560001, 0.493888, 0.352420, -1.000000, 0.397050, -1.000000, 0.364602, -1.000000, 0.388751, -1.000000
0.610000, 0.620000, 2.550001, 0.497200, 0.352457, -1.000000, 0.396861, -1.000000, 0.367538, -1.000000, 0.391764, -1.000000
0.610000, 0.630000, 2.540001, 0.500437, 0.352495, -1.000000, 0.396672, -1.000000, 0.367719, -1.000000, 0.392298, -1.000000
0.610000, 0.640000, 2.530001, 0.503600, 0.352532, -1.000000, 0.396484, -1.000000, 0.367702, -1.000000, 0.392298, -1.000000
0.610000, 0.650000, 2.520001, 0.506688, 0.352570, -1.000000, 0.396295, -1.000000, 0.367685, -1.000000, 0.392298, -1.000000
0.610000, 0.660000, 2.510001, 0.509700, 0.352607, -1.000000, 0.396106, -1.000000, 0.367669, -1.000000, 0.392298, -1.000000
0.610000, 0.670000, 2.500001, 0.512638, 0.352645, -1.000000, 0.395917, -1.000000, 0.367652, -1.000000, 0.392298, -1.000000
0.610000, 0.680000, 2.490001, 0.515500, 0.352683, -1.000000, 0.395728, -1.000000, 0.367635, -1.000000, 0.392298, -1.000000
0.610000, 0.690000, 2.480001, 0.518288, 0.352720, -1.000000, 0.395540, -1.000000, 0.367619, -1.000000, 0.392298, -1.000000
0.610000, 0.700000, 2.470001, 0.521000, 0.352758, -1.000000, 0.395351, -1.000000, 0.367602, -1.000000, 0.392298, -1.000000
0.610000, 0.710000, 2.460001, 0.523638, 0.352795, -1.000000, 0.395162, -1.000000, 0.367586, -1.000000, 0.392298, -1.000000
0.610000, 0.720000, 2.450001, 0.526200, 0.352833, -1.000000, 0.394974, -1.000000, 0.367545, -1.000000, 0.392298, -1.000000
0.610000, 0.730000, 2.440001, 0.528688, 0.352871, -1.000000, 0.394785, -1.000000, 0.367462, -1.000000, 0.392298, -1.000000
0.610000, 0.740000, 2.430001, 0.531100, 0.352908, -1.000000, 0.394596, -1.000000, 0.367380, -1.000000, 0.392298, -1.000000
0.610000, 0.750000, 2.420001, 0.533438, 0.352946, -1.000000, 0.394408, -1.000000, 0.367298, -1.000000, 0.392298, -1.000000
0.610000, 0.760000, 2.410001, 0.535700, 0.352983, -1.000000, 0.394219, -1.000000, 0.367215, -1.000000, 0.392298, -1.000000
0.610000, 0.770000, 2.400001, 0.537888, 0.353021, -1.000000, 0.394031, -1.000000, 0.367133, -1.000000, 0.392298, -1.000000
0.610000, 0.780000, 2.390001, 0.540000, 0.353059, -1.000000, 0.393842, -1.000000, 0.367050, -1.000000, 0.392298, -1.000000
0.610000, 0.790000, 2.380001, 0.542038, 0.353096, -1.000000, 0.393654, -1.000000, 0.366968, -1.000000, 0.392298, -1.000000
0.610000, 0.800000, 2.370001, 0.544000, 0.353134, -1.000000, 0.393466, -1.000000, 0.366886, -1.000000, 0.392298, -1.000000
0.610000, 0.810000, 2.360001, 0.545888, 0.353172, -1.000000, 0.393277, -1.000000, 0.366803, -1.000000, 0.392298, -1.000000
0.610000, 0.820000, 2.350001, 0.547700, 0.353209, -1.000000, 0.393089, -1.000000, 0.366721, -1.000000, 0.392298, -1.000000
0.610000, 0.830000, 2.340001, 0.549438, 0.353247, -1.000000, 0.392901, -1.000000, 0.366639, -1.000000, 0.392298, -1.000000
0.610000, 0.839999, 2.330001, 0.551100, 0.353284, -1.000000, 0.392713, -1.000000, 0.366556, -1.000000, 0.392298, -1.000000
0.610000, 0.849999, 2.320001, 0.552688, 0.353322, -1.000000, 0.392524, -1.000000, 0.366474, -1.000000, 0.392298, -1.000000
0.610000, 0.859999, 2.310001, 0.554200, 0.353360, -1.000000, 0.392336, -1.000000, 0.366392, -1.000000, 0.392298, -1.000000
0.610000, 0.869999, 2.300001, 0.555638, 0.353397, -1.000000, 0.392148, -1.000000, 0.366309, -1.000000, 0.392298, -1.000000
0.610000, 0.879999, 2.290001, 0.557000, 0.353435, -1.000000, 0.391960, -1.000000, 0.366227, -1.000000, 0.392298, -1.000000
0.610000, 0.889999, 2.280001, 0.558288, 0.353472, -1.000000, 0.391772, -1.000000, 0.366145, -1.000000, 0.392298, -1.000000
0.610000, 0.899999, 2.270001, 0.559500, 0.353510, -1.000000, 0.391584, -1.000000, 0.366063, -1.000000, 0.392298, -1.000000
0.610000, 0.909999, 2.260001, 0.560638, 0.353548, -1.000000, 0.391396, -1.000000, 0.365980, -1.000000, 0.392298, -1.000000
0.610000, 0.919999, 2.250001, 0.561700, 0.353585, -1.000000, 0.391208, -1.000000, 0.365898, -1.000000, 0.392298, -1.000000
0.610000, 0.929999, 2.240001, 0.562688, 0.353623, -1.000000, 0.391020, -1.000000, 0.365816, -1.000000, 0.392298, -1.000000
0.610000, 0.939999, 2.230001, 0.563600, 0.353661, -1.000000, 0.390832, -1.000000, 0.365734, -1.000000, 0.392298, -1.000000
0.610000, 0.949999, 2.220001, 0.564438, 0.353698, -1.000000, 0.390644, -1.000000, 0.365651, -1.000000, 0.392298, -1.000000
0.610000, 0.959999, 2.210001, 0.565200, 0.353736, -1.000000, 0.390456, -1.000000, 0.365569, -1.000000, 0.392298, -1.000000
0.610000, 0.969999, 2.200001, 0.565888, 0.353774, -1.000000, 0.390268, -1.000000, 0.365487, -1.000000, 0.392298, -1.000000
0.610000, 0.979999, 2.190001, 0.566500, 0.353811, -1.000000, 0.390080, -1.000000, 0.365405, -1.000000, 0.392298, -1.000000
0.610000, 0.989999, 2.180001, 0.567038, 0.353849, -1.000000, 0.389893, -1.000000, 0.365323, -1.000000, 0.392298, -1.000000
0.610000, 0.999999, 2.170002, 0.567500, 0.353887, -1.000000, 0.389705, -1.000000, 0.365240, -1.000000, 0.392298, -1.000000
0.620000, 0.000000, 3.140001, 0.150000, 0.205642, 0.732920, 0.408742, 0.996085, 0.209524, 0.806333, 0.226716, 0.991470
0.620000, 0.010000, 3.130001, 0.157813, 0.207808, -1.000000, 0.408551, -1.000000, 0.211627, -1.000000, 0.228944, -1.000000
0.620000, 0.020000, 3.120001, 0.165550, 0.209991, -1.000000, 0.408361, -1.000000, 0.213745, -1.000000, 0.231187, -1.000000
0.620000, 0.030000, 3.110001, 0.173213, 0.212190, -1.000000, 0.408170, -1.000000, 0.215879, -1.000000, 0.233445, -1.000000
0.620000, 0.040000, 3.100001, 0.180800, 0.214406, -1.000000, 0.407979, -1.000000, 0.218029, -1.000000, 0.235718, -1.000000
0.620000, 0.050000, 3.090001, 0.188313, 0.216639, -1.000000, 0.407789, -1.000000, 0.220194, -1.000000, 0.238007, -1.000000
0.620000, 0.060000, 3.080001, 0.195750, 0.218889, -1.000000, 0.407598, -1.000000, 0.222374, -1.000000, 0.240311, -1.000000
0.620000, 0.070000, 3.070001, 0.203113, 0.221156, -1.000000, 0.407407, -1.000000, 0.224569, -1.000000, 0.242631, -1.000000
0.620000, 0.080000, 3.060001, 0.210400, 0.223439, -1.000000, 0.407217, -1.000000, 0.226780, -1.000000, 0.244965, -1.000000
0.620000, 0.090000, 3.050001, 0.217613, 0.225739, -1.000000, 0.407026, -1.000000, 0.229006, -1.000000, 0.247315, -1.000000
0.620000, 0.100000, 3.040001, 0.224750, 0.228056, -1.000000, 0.406836, -1.000000, 0.231248, -1.000000, 0.249680, -1.000000
0.620000, 0.110000, 3.030001, 0.231813, 0.230389, -1.000000, 0.406645, -1.000000, 0.233505, -1.000000, 0.252059, -1.000000
0.620000, 0.120000, 3.020001, 0.238800, 0.232739, -1.000000, 0.406455, -1.000000, 0.235777, -1.000000, 0.254454, -1.000000
0.620000, 0.130000, 3.010001, 0.245713, 0.235106, -1.000000, 0.406265, -1.000000, 0.238064, -1.000000, 0.256864, -1.000000
0.620000, 0.140000, 3.000001, 0.252550, 0.237490, -1.000000, 0.406074, -1.000000, 0.240367, -1.000000, 0.259288, -1.000000
0.620000, 0.150000, 2.990001, 0.259313, 0.239890, -1.000000, 0.405884, -1.000000, 0.242684, -1.000000, 0.261728, -1.000000
0.620000, 0.160000, 2.980001, 0.266000, 0.242306, -1.000000, 0.405694, -1.000000, 0.245017, -1.000000, 0.264182, -1.000000
0.620000, 0.170000, 2.970001, 0.272613, 0.244739, -1.000000, 0.405503, -1.000000, 0.247365, -1.000000, 0.266651, -1.000000
0.620000, 0.180000, 2.960001, 0.279150, 0.247189, -1.000000, 0.405313, -1.000000, 0.249728, -1.000000, 0.269134, -1.000000
0.620000, 0.190000, 2.950001, 0.285613, 0.249655, -1.000000, 0.405123, -1.000000, 0.252106, -1.000000, 0.271632, -1.000000
0.620000, 0.200000, 2.940001, 0.292000, 0.252137, -1.000000, 0.404933, -1.000000, 0.254499, -1.000000, 0.274145, -1.000000
0.620000, 0.210000, 2.930001, 0.298313, 0.254635, -1.000000, 0.404742, -1.000000, 0.256907, -1.000000, 0.276671, -1.000000
0.620000, 0.220000, 2.920001, 0.304550, 0.257150, -1.000000, 0.404552, -1.000000, 0.259330, -1.000000, 0.279213, -1.000000
0.620000, 0.230000, 2.910001, 0.310713, 0.259681, -1.000000, 0.404362, -1.000000, 0.261768, -1.000000, 0.281768, -1.000000
0.620000, 0.240000, 2.900001, 0.316800, 0.262228, -1.000000, 0.404172, -1.000000, 0.264220, -1.000000, 0.284338, -1.000000
0.620000, 0.250000, 2.890001, 0.322813, 0.264792, -1.000000, 0.403982, -1.000000, 0.266687, -1.000000, 0.286922, -1.000000
0.620000, 0.260000, 2.880001, 0.328750, 0.267371, -1.000000, 0.403792, -1.000000, 0.269169, -1.000000, 0.289519, -1.000000
0.620000, 0.270000, 2.870001, 0.334613, 0.269966, -1.000000, 0.403602, -1.000000, 0.271665, -1.000000, 0.292131, -1.000000
0.620000, 0.280000, 2.860001, 0.340400, 0.272577, -1.000000, 0.403412, -1.000000, 0.274175, -1.000000, 0.294756, -1.000000
0.620000, 0.290000, 2.850001, 0.346113, 0.275203, -1.000000, 0.403222, -1.000000, 0.276700, -1.000000, 0.297396, -1.000000
0.620000, 0.300000, 2.840001, 0.351750, 0.277845, -1.000000, 0.403032, -1.000000, 0.279240, -1.000000, 0.300048, -1.000000
0.620000, 0.310000, 2.830001, 0.357313, 0.280503, -1.000000, 0.402842, -1.000000, 0.281793, -1.000000, 0.302714, -1.000000
0.620000, 0.320000, 2.820001, 0.362800, 0.283177, -1.000000, 0.402652, -1.000000, 0.284361, -1.000000, 0.305394, -1.000000
0.620000, 0.330000, 2.810001, 0.368213, 0.285865, -1.000000, 0.402463, -1.000000, 0.286943, -1.000000, 0.308086, -1.000000
0.620000, 0.340000, 2.800001, 0.373550, 0.288569, -1.000000, 0.402273, -1.000000, 0.289538, -1.000000, 0.310792, -1.000000
0.620000, 0.350000, 2.790001, 0.378813, 0.291288, -1.000000, 0.402083, -1.000000, 0.292148, -1.000000, 0.313511, -1.000000
0.620000, 0.360000, 2.780001, 0.384000, 0.294022, -1.000000, 0.401893, -1.000000, 0.294771, -1.000000, 0.316243, -1.000000
0.620000, 0.370000, 2.770001, 0.389113, 0.296771, -1.000000, 0.401704, -1.000000, 0.297408, -1.000000, 0.318987, -1.000000
0.620000, 0.380000, 2.760001, 0.394150, 0.299535, -1.000000, 0.401514, -1.000000, 0.300058, -1.000000, 0.321744, -1.000000
0.620000, 0.390000, 2.750001, 0.399113, 0.302313, -1.000000, 0.401324, -1.000000, 0.302722, -1.000000, 0.324514, -1.000000
0.620000, 0.400000, 2.740001, 0.404000, 0.305106, -1.000000, 0.401135, -1.000000, 0.305400, -1.000000, 0.327296, -1.000000
0.620000, 0.410000, 2.730001, 0.408813, 0.307913, -1.000000, 0.400945, -1.000000, 0.308090, -1.000000, 0.330090, -1.000000
0.620000, 0.420000, 2.720001, 0.413550, 0.310735, -1.000000, 0.400755, -1.000000, 0.310794, -1.000000, 0.332896, -1.000000
0.620000, 0.430000, 2.710001, 0.418213, 0.313571, -1.000000, 0.400566, -1.000000, 0.313510, -1.000000, 0.335714, -1.000000
0.620000, 0.440000, 2.700001, 0.422800, 0.316421, -1.000000, 0.400376, -1.000000, 0.316240, -1.000000, 0.338544, -1.000000
0.620000, 0.450000, 2.690001, 0.427313, 0.319284, -1.000000, 0.400187, -1.000000, 0.318982, -1.000000, 0.341385, -1.000000
0.620000, 0.460000, 2.680001, 0.431750, 0.322162, -1.000000, 0.399998, -1.000000, 0.321736, -1.000000, 0.344238, -1.000000
0.620000, 0.470000, 2.670001, 0.436113, 0.325052, -1.000000, 0.399808, -1.000000, 0.324504, -1.000000, 0.347102, -1.000000
0.620000, 0.480000, 2.660001, 0.440400, 0.327602, -1.000000, 0.399619, -1.000000, 0.327283, -1.000000, 0.349977, -1.000000
0.620000, 0.490000, 2.650001, 0.444613, 0.329608, -1.000000, 0.399429, -1.000000, 0.330075, -1.000000, 0.352863, -1.000000
0.620000, 0.500000, 2.640001, 0.448750, 0.331620, -1.000000, 0.399240, -1.000000, 0.332878, -1.000000, 0.355760, -1.000000
0.620000, 0.510000, 2.630001, 0.452813, 0.333638, -1.000000, 0.399051, -1.000000, 0.335694, -1.000000, 0.358667, -1.000000
0.620000, 0.520000, 2.620001, 0.456800, 0.335663, -1.000000, 0.398861, -1.000000, 0.338521, -1.000000, 0.361585, -1.000000
0.620000, 0.530000, 2.610001, 0.460713, 0.337693, -1.000000, 0.398672, -1.000000, 0.341360, -1.000000, 0.364514, -1.000000
0.620000, 0.540000, 2.600001, 0.464550, 0.339730, -1.000000, 0.398483, -1.000000, 0.344210, -1.000000, 0.367452, -1.000000
0.620000, 0.550000, 2.590001, 0.468313, 0.341772, -1.000000, 0.398294, -1.000000, 0.347072, -1.000000, 0.370400, -1.000000
0.620000, 0.560000, 2.580001, 0.472000, 0.343821, -1.000000, 0.398105, -1.000000, 0.349945, -1.000000, 0.373358, -1.000000
0.620000, 0.570000, 2.570001, 0.475613, 0.345875, -1.000000, 0.397916, -1.000000, 0.352828, -1.000000, 0.376325, -1.000000
0.620000, 0.580000, 2.560001, 0.479150, 0.347935, -1.000000, 0.397727, -1.000000, 0.355723, -1.000000, 0.379302, -1.000000
0.620000, 0.590000, 2.550001, 0.482613, 0.350001, -1.000000, 0.397538, -1.000000, 0.358627, -1.000000, 0.382287, -1.000000
0.620000, 0.600000, 2.540001, 0.486000, 0.352072, -1.000000, 0.397348, -1.000000, 0.361543, -1.000000, 0.385282, -1.000000
0.620000, 0.610000, 2.530001, 0.489313, 0.352401, -1.000000, 0.397160, -1.000000, 0.364468, -1.000000, 0.388285, -1.000000
0.620000, 0.620000, 2.520001, 0.492550, 0.352438, -1.000000, 0.396971, -1.000000, 0.367404, -1.000000, 0.391297, -1.000000
0.620000, 0.630000, 2.510001, 0.495713, 0.352476, -1.000000, 0.396782, -1.000000, 0.367643, -1.000000, 0.392298, -1.000000
0.620000, 0.640000, 2.500001, 0.498800, 0.352513, -1.000000, 0.396593, -1.000000, 0.367627, -1.000000, 0.392298, -1.000000
0.620000, 0.650000, 2.490001, 0.501813, 0.352551, -1.000000, 0.396404, -1.000000, 0.367610, -1.000000, 0.392298, -1.000000
0.620000, 0.660000, 2.480001, 0.504750, 0.352589, -1.000000, 0.396215, -1.000000, 0.367594, -1.000000, 0.392298, -1.000000
0.620000, 0.670000, 2.470001, 0.507613, 0.352626, -1.000000, 0.396026, -1.000000, 0.367577, -1.000000, 0.392298, -1.000000
0.620000, 0.680000, 2.460001, 0.510400, 0.352664, -1.000000, 0.395837, -1.000000, 0.367560, -1.000000, 0.392298, -1.000000
0.620000, 0.690000, 2.450001, 0.513113, 0.352701, -1.000000, 0.395649, -1.000000, 0.367544, -1.000000, 0.392298, -1.000000
0.620000, 0.700000, 2.440001, 0.515750, 0.352739, -1.000000, 0.395460, -1.000000, 0.367527, -1.000000, 0.392298, -1.000000
0.620000, 0.710000, 2.430001, 0.518313, 0.352777, -1.000000, 0.395271, -1.000000, 0.367511, -1.000000, 0.392298, -1.000000
0.620000, 0.720000, 2.420001, 0.520800, 0.352814, -1.000000, 0.395083, -1.000000, 0.367494, -1.000000, 0.392298, -1.000000
0.620000, 0.730000, 2.410001, 0.523213, 0.352852, -1.000000, 0.394894, -1.000000, 0.367416, -1.000000, 0.392298, -1.000000
0.620000, 0.740000, 2.400001, 0.525550, 0.352889, -1.000000, 0.394706, -1.000000, 0.367334, -1.000000, 0.392298, -1.000000
0.620000, 0.750000, 2.390001, 0.527813, 0.352927, -1.000000, 0.394517, -1.000000, 0.367251, -1.000000, 0.392298, -1.000000
0.620000, 0.760000, 2.380001, 0.530000, 0.352965, -1.000000, 0.394328, -1.000000, 0.367169, -1.000000, 0.392298, -1.000000
0.620000, 0.770000, 2.370001, 0.532113, 0.353002, -1.000000, 0.394140, -1.000000, 0.367087, -1.000000, 0.392298, -1.000000
0.620000, 0.780000, 2.360001, 0.534150, 0.353040, -1.000000, 0.393951, -1.000000, 0.367004, -1.000000, 0.392298, -1.000000
0.620000, 0.790000, 2.350001, 0.536113, 0.353077, -1.000000, 0.393763, -1.000000, 0.366922, -1.000000, 0.392298, -1.000000
0.620000, 0.800000, 2.340001, 0.538000, 0.353115, -1.000000, 0.393575, -1.000000, 0.366839, -1.000000, 0.392298, -1.000000
0.620000, 0.810000, 2.330001, 0.539813, 0.353153, -1.000000, 0.393386, -1.000000, 0.366757, -1.000000, 0.392298, -1.000000
0.620000, 0.820000, 2.320001, 0.541550, 0.353190, -1.000000, 0.393198, -1.000000, 0.366675, -1.000000, 0.392298, -1.000000
0.620000, 0.830000, 2.310001, 0.543213, 0.353228, -1.000000, 0.393010, -1.000000, 0.366592, -1.000000, 0.392298, -1.000000
0.620000, 0.839999, 2.300001, 0.544800, 0.353265, -1.000000, 0.392821, -1.000000, 0.366510, -1.000000, 0.392298, -1.000000
0.620000, 0.849999, 2.290001, 0.546313, 0.353303, -1.000000, 0.392633, -1.000000, 0.366428, -1.000000, 0.392298, -1.000000
0.620000, 0.859999, 2.280001, 0.547750, 0.353341, -1.000000, 0.392445, -1.000000, 0.366346, -1.000000, 0.392298, -1.000000
0.620000, 0.869999, 2.270001, 0.549113, 0.353378, -1.000000, 0.392257, -1.000000, 0.366263, -1.000000, 0.392298, -1.000000
0.620000, 0.879999, 2.260001, 0.550400, 0.353416, -1.000000, 0.392069, -1.000000, 0.366181, -1.000000, 0.392298, -1.000000
0.620000, 0.889999, 2.250001, 0.551613, 0.353454, -1.000000, 0.391880, -1.000000, 0.366099, -1.000000, 0.392298, -1.000000
0.620000, 0.899999, 2.240001, 0.552750, 0.353491, -1.000000, 0.391692, -1.000000, 0.366016, -1.000000, 0.392298, -1.000000
0.620000, 0.909999, 2.230001, 0.553813, 0.353529, -1.000000, 0.391504, -1.000000, 0.365934, -1.000000, 0.392298, -1.000000
0.620000, 0.919999, 2.220001, 0.554800, 0.353566, -1.000000, 0.391316, -1.000000, 0.365852, -1.000000, 0.392298, -1.000000
0.620000, 0.929999, 2.210001, 0.555713, 0.353604, -1.000000, 0.391128, -1.000000, 0.365770, -1.000000, 0.392298, -1.000000
0.620000, 0.939999, 2.200001, 0.556550, 0.353642, -1.000000, 0.390940, -1.000000, 0.365687, -1.000000, 0.392298, -1.000000
0.620000, 0.949999, 2.190001, 0.557313, 0.353679, -1.000000, 0.390753, -1.000000, 0.365605, -1.000000, 0.392298, -1.000000
0.620000, 0.959999, 2.180001, 0.558000, 0.353717, -1.000000, 0.390565, -1.000000, 0.365523, -1.000000, 0.392298, -1.000000
0.620000, 0.969999, 2.170002, 0.558613, 0.353755, -1.000000, 0.390377, -1.000000, 0.365441, -1.000000, 0.392298, -1.000000
0.620000, 0.979999, 2.160002, 0.559150, 0.353792, -1.000000, 0.390189, -1.000000, 0.365359, -1.000000, 0.392298, -1.000000
0.620000, 0.989999, 2.150002, 0.559613, 0.353830, -1.000000, 0.390001, -1.000000, 0.365276, -1.000000, 0.392298, -1.000000
0.620000, 0.999999, 2.140002, 0.560000, 0.353868, -1.000000, 0.389813, -1.000000, 0.365194, -1.000000, 0.392296, -1.000000
0.630000, 0.000000, 3.110001, 0.150000, 0.205486, 0.732919, 0.408852, 0.996098, 0.209428, 0.806333, 0.226372, 0.991606
0.630000, 0.010000, 3.100001, 0.157738, 0.207651, -1.000000, 0.408662, -1.000000, 0.211531, -1.000000, 0.228598, -1.000000
0.630000, 0.020000, 3.090001, 0.165400, 0.209832, -1.000000, 0.408471, -1.000000, 0.213648, -1.000000, 0.230838, -1.000000
0.630000, 0.030000, 3.080001, 0.172988, 0.212030, -1.000000, 0.408280, -1.000000, 0.215782, -1.000000, 0.233094, -1.000000
0.630000, 0.040000, 3.070001, 0.180500, 0.214245, -1.000000, 0.408089, -1.000000, 0.217930, -1.000000, 0.235365, -1.000000
0.630000, 0.050000, 3.060001, 0.187938, 0.216477, -1.000000, 0.407899, -1.000000, 0.220095, -1.000000, 0.237652, -1.000000
0.630000, 0.060000, 3.050001, 0.195300, 0.218726, -1.000000, 0.407708, -1.000000, 0.222274, -1.000000, 0.239954, -1.000000
0.630000, 0.070000, 3.040001, 0.202588, 0.220991, -1.000000, 0.407518, -1.000000, 0.224469, -1.000000, 0.242271, -1.000000
0.630000, 0.080000, 3.030001, 0.209800, 0.223273, -1.000000, 0.407327, -1.000000, 0.226679, -1.000000, 0.244603, -1.000000
0.630000, 0.090000, 3.020001, 0.216938, 0.225572, -1.000000, 0.407137, -1.000000, 0.228904, -1.000000, 0.246950, -1.000000
0.630000, 0.100000, 3.010001, 0.224000, 0.227887, -1.000000, 0.406946, -1.000000, 0.231145, -1.000000, 0.249312, -1.000000
0.630000, 0.110000, 3.000001, 0.230988, 0.230220, -1.000000, 0.406756, -1.000000, 0.233401, -1.000000, 0.251690, -1.000000
0.630000, 0.120000, 2.990001, 0.237900, 0.232569, -1.000000, 0.406565, -1.000000, 0.235673, -1.000000, 0.254082, -1.000000
0.630000, 0.130000, 2.980001, 0.244738, 0.234934, -1.000000, 0.406375, -1.000000, 0.237960, -1.000000, 0.256490, -1.000000
0.630000, 0.140000, 2.970001, 0.251500, 0.237316, -1.000000, 0.406184, -1.000000, 0.240261, -1.000000, 0.258912, -1.000000
0.630000, 0.150000, 2.960001, 0.258188, 0.239715, -1.000000, 0.405994, -1.000000, 0.242578, -1.000000, 0.261349, -1.000000
0.630000, 0.160000, 2.950001, 0.264800, 0.242131, -1.000000, 0.405804, -1.000000, 0.244911, -1.000000, 0.263801, -1.000000
0.630000, 0.170000, 2.940001, 0.271338, 0.244562, -1.000000, 0.405613, -1.000000, 0.247258, -1.000000, 0.266267, -1.000000
0.630000, 0.180000, 2.930001, 0.277800, 0.247011, -1.000000, 0.405423, -1.000000, 0.249620, -1.000000, 0.268749, -1.000000
0.630000, 0.190000, 2.920001, 0.284188, 0.249475, -1.000000, 0.405233, -1.000000, 0.251998, -1.000000, 0.271244, -1.000000
0.630000, 0.200000, 2.910001, 0.290500, 0.251957, -1.000000, 0.405043, -1.000000, 0.254390, -1.000000, 0.273755, -1.000000
0.630000, 0.210000, 2.900001, 0.296738, 0.254454, -1.000000, 0.404852, -1.000000, 0.256797, -1.000000, 0.276279, -1.000000
0.630000, 0.220000, 2.890001, 0.302900, 0.256968, -1.000000, 0.404662, -1.000000, 0.259219, -1.000000, 0.278818, -1.000000
0.630000, 0.230000, 2.880001, 0.308988, 0.259497, -1.000000, 0.404472, -1.000000, 0.261656, -1.000000, 0.281372, -1.000000
0.630000, 0.240000, 2.870001, 0.315000, 0.262043, -1.000000, 0.404282, -1.000000, 0.264108, -1.000000, 0.283939, -1.000000
0.630000, 0.250000, 2.860001, 0.320938, 0.264605, -1.000000, 0.404092, -1.000000, 0.266574, -1.000000, 0.286521, -1.000000
0.630000, 0.260000, 2.850001, 0.326800, 0.267183, -1.000000, 0.403902, -1.000000, 0.269055, -1.000000, 0.289116, -1.000000
0.630000, 0.270000, 2.840001, 0.332588, 0.269777, -1.000000, 0.403712, -1.000000, 0.271551, -1.000000, 0.291726, -1.000000
0.630000, 0.280000, 2.830001, 0.338300, 0.272387, -1.000000, 0.403522, -1.000000, 0.274061, -1.000000, 0.294349, -1.000000
0.630000, 0.290000, 2.820001, 0.343938, 0.275013, -1.000000, 0.403332, -1.000000, 0.276585, -1.000000, 0.296986, -1.000000
0.630000, 0.300000, 2.810001, 0.349500, 0.277654, -1.000000, 0.403142, -1.000000, 0.279124, -1.000000, 0.299637, -1.000000
0.630000, 0.310000, 2.800001, 0.354988, 0.280310, -1.000000, 0.402952, -1.000000, 0.281676, -1.000000, 0.302301, -1.000000
0.630000, 0.320000, 2.790001, 0.360400, 0.282982, -1.000000, 0.402762, -1.000000, 0.284243, -1.000000, 0.304978, -1.000000
0.630000, 0.330000, 2.780001, 0.365738, 0.285670, -1.000000, 0.402572, -1.000000, 0.286824, -1.000000, 0.307669, -1.000000
0.630000, 0.340000, 2.770001, 0.371000, 0.288373, -1.000000, 0.402383, -1.000000, 0.289419, -1.000000, 0.310373, -1.000000
0.630000, 0.350000, 2.760001, 0.376188, 0.291091, -1.000000, 0.402193, -1.000000, 0.292028, -1.000000, 0.313089, -1.000000
0.630000, 0.360000, 2.750001, 0.381300, 0.293824, -1.000000, 0.402003, -1.000000, 0.294651, -1.000000, 0.315819, -1.000000
0.630000, 0.370000, 2.740001, 0.386338, 0.296571, -1.000000, 0.401813, -1.000000, 0.297287, -1.000000, 0.318562, -1.000000
0.630000, 0.380000, 2.730001, 0.391300, 0.299334, -1.000000, 0.401624, -1.000000, 0.299937, -1.000000, 0.321317, -1.000000
0.630000, 0.390000, 2.720001, 0.396188, 0.302111, -1.000000, 0.401434, -1.000000, 0.302601, -1.000000, 0.324084, -1.000000
0.630000, 0.400000, 2.710001, 0.401000, 0.304903, -1.000000, 0.401244, -1.000000, 0.305277, -1.000000, 0.326864, -1.000000
0.630000, 0.410000, 2.700001, 0.405738, 0.307710, -1.000000, 0.401055, -1.000000, 0.307967, -1.000000, 0.329656, -1.000000
0.630000, 0.420000, 2.690001, 0.410400, 0.310530, -1.000000, 0.400865, -1.000000, 0.310670, -1.000000, 0.332461, -1.000000
0.630000, 0.430000, 2.680001, 0.414988, 0.313365, -1.000000, 0.400676, -1.000000, 0.313386, -1.000000, 0.335277, -1.000000
0.630000, 0.440000, 2.670001, 0.419500, 0.316214, -1.000000, 0.400486, -1.000000, 0.316115, -1.000000, 0.338105, -1.000000
0.630000, 0.450000, 2.660001, 0.423938, 0.319076, -1.000000, 0.400297, -1.000000, 0.318856, -1.000000, 0.340944, -1.000000
0.630000, 0.460000, 2.650001, 0.428300, 0.321953, -1.000000, 0.400107, -1.000000, 0.321611, -1.000000, 0.343795, -1.000000
0.630000, 0.470000, 2.640001, 0.432588, 0.324843, -1.000000, 0.399918, -1.000000, 0.324377, -1.000000, 0.346658, -1.000000
0.630000, 0.480000, 2.630001, 0.436800, 0.327306, -1.000000, 0.399728, -1.000000, 0.327156, -1.000000, 0.349531, -1.000000
0.630000, 0.490000, 2.620001, 0.440938, 0.329311, -1.000000, 0.399539, -1.000000, 0.329947, -1.000000, 0.352416, -1.000000
0.630000, 0.500000, 2.610001, 0.445000, 0.331322, -1.000000, 0.399350, -1.000000, 0.332750, -1.000000, 0.355311, -1.000000
0.630000, 0.510000, 2.600001, 0.448988, 0.333340, -1.000000, 0.399160, -1.000000, 0.335565, -1.000000, 0.358217, -1.000000
0.630000, 0.520000, 2.590001, 0.452900, 0.335364, -1.000000, 0.398971, -1.000000, 0.338392, -1.000000, 0.361133, -1.000000
0.630000, 0.530000, 2.580001, 0.456738, 0.337393, -1.000000, 0.398782, -1.000000, 0.341230, -1.000000, 0.364060, -1.000000
0.630000, 0.540000, 2.570001, 0.460500, 0.339429, -1.000000, 0.398593, -1.000000, 0.344080, -1.000000, 0.366996, -1.000000
0.630000, 0.550000, 2.560001, 0.464188, 0.341471, -1.000000, 0.398403, -1.000000, 0.346941, -1.000000, 0.369943, -1.000000
0.630000, 0.560000, 2.550001, 0.467800, 0.343518, -1.000000, 0.398214, -1.000000, 0.349813, -1.000000, 0.372899, -1.000000
0.630000, 0.570000, 2.540001, 0.471338, 0.345571, -1.000000, 0.398025, -1.000000, 0.352696, -1.000000, 0.375865, -1.000000
0.630000, 0.580000, 2.530001, 0.474800, 0.347631, -1.000000, 0.397836, -1.000000, 0.355590, -1.000000, 0.378840, -1.000000
0.630000, 0.590000, 2.520001, 0.478188, 0.349695, -1.000000, 0.397647, -1.000000, 0.358495, -1.000000, 0.381824, -1.000000
0.630000, 0.600000, 2.510001, 0.481500, 0.351766, -1.000000, 0.397458, -1.000000, 0.361410, -1.000000, 0.384818, -1.000000
0.630000, 0.610000, 2.500001, 0.484738, 0.352382, -1.000000, 0.397269, -1.000000, 0.364335, -1.000000, 0.387820, -1.000000
0.630000, 0.620000, 2.490001, 0.487900, 0.352420, -1.000000, 0.397080, -1.000000, 0.367270, -1.000000, 0.390830, -1.000000
0.630000, 0.630000, 2.480001, 0.490988, 0.352457, -1.000000, 0.396891, -1.000000, 0.367568, -1.000000, 0.392298, -1.000000
0.630000, 0.640000, 2.470001, 0.494000, 0.352495, -1.000000, 0.396702, -1.000000, 0.367552, -1.000000, 0.392298, -1.000000
0.630000, 0.650000, 2.460001, 0.496938, 0.352532, -1.000000, 0.396513, -1.000000, 0.367535, -1.000000, 0.392298, -1.000000
0.630000, 0.660000, 2.450001, 0.499800, 0.352570, -1.000000, 0.396324, -1.000000, 0.367519, -1.000000, 0.392298, -1.000000
0.630000, 0.670000, 2.440001, 0.502588, 0.352607, -1.000000, 0.396135, -1.000000, 0.367502, -1.000000, 0.392298, -1.000000
0.630000, 0.680000, 2.430001, 0.505300, 0.352645, -1.000000, 0.395947, -1.000000, 0.367485, -1.000000, 0.392298, -1.000000
0.630000, 0.690000, 2.420001, 0.507938, 0.352683, -1.000000, 0.395758, -1.000000, 0.367469, -1.000000, 0.392298, -1.000000
0.630000, 0.700000, 2.410001, 0.510500, 0.352720, -1.000000, 0.395569, -1.000000, 0.367452, -1.000000, 0.392298, -1.000000
0.630000, 0.710000, 2.400001, 0.512988, 0.352758, -1.000000, 0.395380, -1.000000, 0.367435, -1.000000, 0.392298, -1.000000
0.630000, 0.720000, 2.390001, 0.515400, 0.352795, -1.000000, 0.395192, -1.000000, 0.367419, -1.000000, 0.392298, -1.000000
0.630000, 0.730000, 2.380001, 0.517738, 0.352833, -1.000000, 0.395003, -1.000000, 0.367370, -1.000000, 0.392298, -1.000000
0.630000, 0.740000, 2.370001, 0.520000, 0.352871, -1.000000, 0.394815, -1.000000, 0.367287, -1.000000, 0.392298, -1.000000
0.630000, 0.750000, 2.360001, 0.522188, 0.352908, -1.000000, 0.394626, -1.000000, 0.367205, -1.000000, 0.392298, -1.000000
0.630000, 0.760000, 2.350001, 0.524300, 0.352946, -1.000000, 0.394437, -1.000000, 0.367123, -1.000000, 0.392298, -1.000000
0.630000, 0.770000, 2.340001, 0.526338, 0.352983, -1.000000, 0.394249, -1.000000, 0.367040, -1.000000, 0.392298, -1.000000
0.630000, 0.780000, 2.330001, 0.528300, 0.353021, -1.000000, 0.394060, -1.000000, 0.366958, -1.000000, 0.392298, -1.000000
0.630000, 0.790000, 2.320001, 0.530188, 0.353059, -1.000000, 0.393872, -1.000000, 0.366876, -1.000000, 0.392298, -1.000000
0.630000, 0.800000, 2.310001, 0.532000, 0.353096, -1.000000, 0.393684, -1.000000, 0.366793, -1.000000, 0.392298, -1.000000
0.630000, 0.810000, 2.300001, 0.533738, 0.353134, -1.000000, 0.393495, -1.000000, 0.366711, -1.000000, 0.392298, -1.000000
0.630000, 0.820000, 2.290001, 0.535400, 0.353171, -1.000000, 0.393307, -1.000000, 0.366629, -1.000000, 0.392298, -1.000000
0.630000, 0.830000, 2.280001, 0.536988, 0.353209, -1.000000, 0.393119, -1.000000, 0.366546, -1.000000, 0.392298, -1.000000
0.630000, 0.839999, 2.270001, 0.538500, 0.353247, -1.000000, 0.392930, -1.000000, 0.366464, -1.000000, 0.392298, -1.000000
0.630000, 0.849999, 2.260001, 0.539938, 0.353284, -1.000000, 0.392742, -1.000000, 0.366382, -1.000000, 0.392298, -1.000000
0.630000, 0.859999, 2.250001, 0.541300, 0.353322, -1.000000, 0.392554, -1.000000, 0.366299, -1.000000, 0.392298, -1.000000
0.630000, 0.869999, 2.240001, 0.542588, 0.353360, -1.000000, 0.392366, -1.000000, 0.366217, -1.000000, 0.392298, -1.000000
0.630000, 0.879999, 2.230001, 0.543800, 0.353397, -1.000000, 0.392177, -1.000000, 0.366135, -1.000000, 0.392298, -1.000000
0.630000, 0.889999, 2.220001, 0.544938, 0.353435, -1.000000, 0.391989, -1.000000, 0.366053, -1.000000, 0.392298, -1.000000
0.630000, 0.899999, 2.210001, 0.546000, 0.353472, -1.000000, 0.391801, -1.000000, 0.365970, -1.000000, 0.392298, -1.000000
0.630000, 0.909999, 2.200001, 0.546988, 0.353510, -1.000000, 0.391613, -1.000000, 0.365888, -1.000000, 0.392298, -1.000000
0.630000, 0.919999, 2.190001, 0.547900, 0.353548, -1.000000, 0.391425, -1.000000, 0.365806, -1.000000, 0.392298, -1.000000
0.630000, 0.929999, 2.180001, 0.548738, 0.353585, -1.000000, 0.391237, -1.000000, 0.365724, -1.000000, 0.392298, -1.000000
0.630000, 0.939999, 2.170002, 0.549500, 0.353623, -1.000000, 0.391049, -1.000000, 0.365641, -1.000000, 0.392298, -1.000000
0.630000, 0.949999, 2.160002, 0.550188, 0.353661, -1.000000, 0.390861, -1.000000, 0.365559, -1.000000, 0.392298, -1.000000
0.630000, 0.959999, 2.150002, 0.550800, 0.353698, -1.000000, 0.390673, -1.000000, 0.365477, -1.000000, 0.392298, -1.000000
0.630000, 0.969999, 2.140002, 0.551338, 0.353736, -1.000000, 0.390485, -1.000000, 0.365395, -1.000000, 0.392295, -1.000000
0.630000, 0.979999, 2.130002, 0.551800, 0.353774, -1.000000, 0.390298, -1.000000, 0.365312, -1.000000, 0.392291, -1.000000
0.630000, 0.989999, 2.120002, 0.552188, 0.353811, -1.000000, 0.390110, -1.000000, 0.365230, -1.000000, 0.392287, -1.000000
0.630000, 0.999999, 2.110002, 0.552500, 0.353849, -1.000000, 0.389922, -1.000000, 0.365148, -1.000000, 0.392283, -1.000000
0.640000, 0.000000, 3.080001, 0.150000, 0.205330, 0.732918, 0.408963, 0.996111, 0.209333, 0.806333, 0.226029, 0.991740
0.640000, 0.010000, 3.070001, 0.157663, 0.207493, -1.000000, 0.408772, -1.000000, 0.211434, -1.000000, 0.228252, -1.000000
0.640000, 0.020000, 3.060001, 0.165250, 0.209674, -1.000000, 0.408581, -1.000000, 0.213552, -1.000000, 0.230490, -1.000000
0.640000, 0.030000, 3.050001, 0.172763, 0.211871, -1.000000, 0.408390, -1.000000, 0.215684, -1.000000, 0.232744, -1.000000
0.640000, 0.040000, 3.040001, 0.180200, 0.214084, -1.000000, 0.408200, -1.000000, 0.217832, -1.000000, 0.235013, -1.000000
0.640000, 0.050000, 3.030001, 0.187563, 0.216315, -1.000000, 0.408009, -1.000000, 0.219995, -1.000000, 0.237297, -1.000000
0.640000, 0.060000, 3.020001, 0.194850, 0.218562, -1.000000, 0.407818, -1.000000, 0.222174, -1.000000, 0.239596, -1.000000
0.640000, 0.070000, 3.010001, 0.202063, 0.220826, -1.000000, 0.407628, -1.000000, 0.224368, -1.000000, 0.241911, -1.000000
0.640000, 0.080000, 3.000001, 0.209200, 0.223107, -1.000000, 0.407437, -1.000000, 0.226578, -1.000000, 0.244241, -1.000000
0.640000, 0.090000, 2.990001, 0.216263, 0.225405, -1.000000, 0.407247, -1.000000, 0.228803, -1.000000, 0.246586, -1.000000
0.640000, 0.100000, 2.980001, 0.223250, 0.227719, -1.000000, 0.407056, -1.000000, 0.231043, -1.000000, 0.248946, -1.000000
0.640000, 0.110000, 2.970001, 0.230163, 0.230050, -1.000000, 0.406866, -1.000000, 0.233298, -1.000000, 0.251321, -1.000000
0.640000, 0.120000, 2.960001, 0.237000, 0.232398, -1.000000, 0.406675, -1.000000, 0.235569, -1.000000, 0.253711, -1.000000
0.640000, 0.130000, 2.950001, 0.243763, 0.234762, -1.000000, 0.406485, -1.000000, 0.237855, -1.000000, 0.256116, -1.000000
0.640000, 0.140000, 2.940001, 0.250450, 0.237143, -1.000000, 0.406294, -1.000000, 0.240156, -1.000000, 0.258536, -1.000000
0.640000, 0.150000, 2.930001, 0.257063, 0.239541, -1.000000, 0.406104, -1.000000, 0.242472, -1.000000, 0.260971, -1.000000
0.640000, 0.160000, 2.920001, 0.263600, 0.241955, -1.000000, 0.405914, -1.000000, 0.244804, -1.000000, 0.263420, -1.000000
0.640000, 0.170000, 2.910001, 0.270063, 0.244386, -1.000000, 0.405723, -1.000000, 0.247151, -1.000000, 0.265885, -1.000000
0.640000, 0.180000, 2.900001, 0.276450, 0.246833, -1.000000, 0.405533, -1.000000, 0.249512, -1.000000, 0.268364, -1.000000
0.640000, 0.190000, 2.890001, 0.282763, 0.249297, -1.000000, 0.405343, -1.000000, 0.251889, -1.000000, 0.270857, -1.000000
0.640000, 0.200000, 2.880001, 0.289000, 0.251776, -1.000000, 0.405153, -1.000000, 0.254281, -1.000000, 0.273365, -1.000000
0.640000, 0.210000, 2.870001, 0.295163, 0.254273, -1.000000, 0.404962, -1.000000, 0.256687, -1.000000, 0.275888, -1.000000
0.640000, 0.220000, 2.860001, 0.301250, 0.256785, -1.000000, 0.404772, -1.000000, 0.259108, -1.000000, 0.278424, -1.000000
0.640000, 0.230000, 2.850001, 0.307263, 0.259314, -1.000000, 0.404582, -1.000000, 0.261545, -1.000000, 0.280976, -1.000000
0.640000, 0.240000, 2.840001, 0.313200, 0.261859, -1.000000, 0.404392, -1.000000, 0.263996, -1.000000, 0.283541, -1.000000
0.640000, 0.250000, 2.830001, 0.319063, 0.264419, -1.000000, 0.404202, -1.000000, 0.266461, -1.000000, 0.286120, -1.000000
0.640000, 0.260000, 2.820001, 0.324850, 0.266996, -1.000000, 0.404012, -1.000000, 0.268942, -1.000000, 0.288714, -1.000000
0.640000, 0.270000, 2.810001, 0.330563, 0.269589, -1.000000, 0.403822, -1.000000, 0.271436, -1.000000, 0.291321, -1.000000
0.640000, 0.280000, 2.800001, 0.336200, 0.272198, -1.000000, 0.403632, -1.000000, 0.273946, -1.000000, 0.293942, -1.000000
0.640000, 0.290000, 2.790001, 0.341763, 0.274822, -1.000000, 0.403442, -1.000000, 0.276469, -1.000000, 0.296577, -1.000000
0.640000, 0.300000, 2.780001, 0.347250, 0.277462, -1.000000, 0.403252, -1.000000, 0.279007, -1.000000, 0.299225, -1.000000
0.640000, 0.310000, 2.770001, 0.352663, 0.280117, -1.000000, 0.403062, -1.000000, 0.281560, -1.000000, 0.301887, -1.000000
0.640000, 0.320000, 2.760001, 0.358000, 0.282788, -1.000000, 0.402872, -1.000000, 0.284126, -1.000000, 0.304563, -1.000000
0.640000, 0.330000, 2.750001, 0.363263, 0.285475, -1.000000, 0.402682, -1.000000, 0.286706, -1.000000, 0.307251, -1.000000
0.640000, 0.340000, 2.740001, 0.368450, 0.288176, -1.000000, 0.402492, -1.000000, 0.289301, -1.000000, 0.309953, -1.000000
0.640000, 0.350000, 2.730001, 0.373563, 0.290893, -1.000000, 0.402303, -1.000000, 0.291909, -1.000000, 0.312668, -1.000000
0.640000, 0.360000, 2.720001, 0.378600, 0.293625, -1.000000, 0.402113, -1.000000, 0.294531, -1.000000, 0.315396, -1.000000
0.640000, 0.370000, 2.710001, 0.383563, 0.296372, -1.000000, 0.401923, -1.000000, 0.297167, -1.000000, 0.318136, -1.000000
0.640000, 0.380000, 2.700001, 0.388450, 0.299134, -1.000000, 0.401733, -1.000000, 0.299816, -1.000000, 0.320889, -1.000000
0.640000, 0.390000, 2.690001, 0.393263, 0.301910, -1.000000, 0.401544, -1.000000, 0.302479, -1.000000, 0.323655, -1.000000
0.640000, 0.400000, 2.680001, 0.398000, 0.304701, -1.000000, 0.401354, -1.000000, 0.305155, -1.000000, 0.326433, -1.000000
0.640000, 0.410000, 2.670001, 0.402663, 0.307506, -1.000000, 0.401164, -1.000000, 0.307844, -1.000000, 0.329223, -1.000000
0.640000, 0.420000, 2.660001, 0.407250, 0.310326, -1.000000, 0.400975, -1.000000, 0.310546, -1.000000, 0.332026, -1.000000
0.640000, 0.430000, 2.650001, 0.411763, 0.313159, -1.000000, 0.400785, -1.000000, 0.313262, -1.000000, 0.334840, -1.000000
0.640000, 0.440000, 2.640001, 0.416200, 0.316007, -1.000000, 0.400596, -1.000000, 0.315990, -1.000000, 0.337666, -1.000000
0.640000, 0.450000, 2.630001, 0.420563, 0.318869, -1.000000, 0.400406, -1.000000, 0.318731, -1.000000, 0.340504, -1.000000
0.640000, 0.460000, 2.620001, 0.424850, 0.321744, -1.000000, 0.400217, -1.000000, 0.321485, -1.000000, 0.343353, -1.000000
0.640000, 0.470000, 2.610001, 0.429063, 0.324633, -1.000000, 0.400027, -1.000000, 0.324251, -1.000000, 0.346214, -1.000000
0.640000, 0.480000, 2.600001, 0.433200, 0.327011, -1.000000, 0.399838, -1.000000, 0.327029, -1.000000, 0.349086, -1.000000
0.640000, 0.490000, 2.590001, 0.437263, 0.329015, -1.000000, 0.399648, -1.000000, 0.329820, -1.000000, 0.351968, -1.000000
0.640000, 0.500000, 2.580001, 0.441250, 0.331025, -1.000000, 0.399459, -1.000000, 0.332622, -1.000000, 0.354862, -1.000000
0.640000, 0.510000, 2.570001, 0.445163, 0.333042, -1.000000, 0.399270, -1.000000, 0.335437, -1.000000, 0.357766, -1.000000
0.640000, 0.520000, 2.560001, 0.449000, 0.335064, -1.000000, 0.399080, -1.000000, 0.338263, -1.000000, 0.360681, -1.000000
0.640000, 0.530000, 2.550001, 0.452763, 0.337093, -1.000000, 0.398891, -1.000000, 0.341101, -1.000000, 0.363606, -1.000000
0.640000, 0.540000, 2.540001, 0.456450, 0.339128, -1.000000, 0.398702, -1.000000, 0.343950, -1.000000, 0.366541, -1.000000
0.640000, 0.550000, 2.530001, 0.460063, 0.341169, -1.000000, 0.398513, -1.000000, 0.346810, -1.000000, 0.369486, -1.000000
0.640000, 0.560000, 2.520001, 0.463600, 0.343215, -1.000000, 0.398324, -1.000000, 0.349682, -1.000000, 0.372441, -1.000000
0.640000, 0.570000, 2.510001, 0.467063, 0.345268, -1.000000, 0.398134, -1.000000, 0.352565, -1.000000, 0.375405, -1.000000
0.640000, 0.580000, 2.500001, 0.470450, 0.347326, -1.000000, 0.397945, -1.000000, 0.355458, -1.000000, 0.378379, -1.000000
0.640000, 0.590000, 2.490001, 0.473763, 0.349390, -1.000000, 0.397756, -1.000000, 0.358362, -1.000000, 0.381362, -1.000000
0.640000, 0.600000, 2.480001, 0.477000, 0.351460, -1.000000, 0.397567, -1.000000, 0.361276, -1.000000, 0.384354, -1.000000
0.640000, 0.610000, 2.470001, 0.480163, 0.352363, -1.000000, 0.397378, -1.000000, 0.364201, -1.000000, 0.387354, -1.000000
0.640000, 0.620000, 2.460001, 0.483250, 0.352401, -1.000000, 0.397189, -1.000000, 0.367136, -1.000000, 0.390364, -1.000000
0.640000, 0.630000, 2.450001, 0.486263, 0.352438, -1.000000, 0.397000, -1.000000, 0.367493, -1.000000, 0.392298, -1.000000
0.640000, 0.640000, 2.440001, 0.489200, 0.352476, -1.000000, 0.396811, -1.000000, 0.367477, -1.000000, 0.392298, -1.000000
0.640000, 0.650000, 2.430001, 0.492063, 0.352513, -1.000000, 0.396622, -1.000000, 0.367460, -1.000000, 0.392298, -1.000000
0.640000, 0.660000, 2.420001, 0.494850, 0.352551, -1.000000, 0.396433, -1.000000, 0.367444, -1.000000, 0.392298, -1.000000
0.640000, 0.670000, 2.410001, 0.497563, 0.352589, -1.000000, 0.396245, -1.000000, 0.367427, -1.000000, 0.392298, -1.000000
0.640000, 0.680000, 2.400001, 0.500200, 0.352626, -1.000000, 0.396056, -1.000000, 0.367410, -1.000000, 0.392298, -1.000000
0.640000, 0.690000, 2.390001, 0.502763, 0.352664, -1.000000, 0.395867, -1.000000, 0.367394, -1.000000, 0.392298, -1.000000
0.640000, 0.700000, 2.380001, 0.505250, 0.352701, -1.000000, 0.395678, -1.000000, 0.367377, -1.000000, 0.392298, -1.000000
0.640000, 0.710000, 2.370001, 0.507663, 0.352739, -1.000000, 0.395490, -1.000000, 0.367361, -1.000000, 0.392298, -1.000000
0.640000, 0.720000, 2.360001, 0.510000, 0.352777, -1.000000, 0.395301, -1.000000, 0.367344, -1.000000, 0.392298, -1.000000
0.640000, 0.730000, 2.350001, 0.512263, 0.352814, -1.000000, 0.395112, -1.000000, 0.367324, -1.000000, 0.392298, -1.000000
0.640000, 0.740000, 2.340001, 0.514450, 0.352852, -1.000000, 0.394924, -1.000000, 0.367241, -1.000000, 0.392298, -1.000000
0.640000, 0.750000, 2.330001, 0.516563, 0.352889, -1.000000, 0.394735, -1.000000, 0.367159, -1.000000, 0.392298, -1.000000
0.640000, 0.760000, 2.320001, 0.518600, 0.352927, -1.000000, 0.394546, -1.000000, 0.367076, -1.000000, 0.392298, -1.000000
0.640000, 0.770000, 2.310001, 0.520563, 0.352965, -1.000000, 0.394358, -1.000000, 0.366994, -1.000000, 0.392298, -1.000000
0.640000, 0.780000, 2.300001, 0.522450, 0.353002, -1.000000, 0.394169, -1.000000, 0.366912, -1.000000, 0.392298, -1.000000
0.640000, 0.790000, 2.290001, 0.524263, 0.353040, -1.000000, 0.393981, -1.000000, 0.366829, -1.000000, 0.392298, -1.000000
0.640000, 0.800000, 2.280001, 0.526000, 0.353077, -1.000000, 0.393793, -1.000000, 0.366747, -1.000000, 0.392298, -1.000000
0.640000, 0.810000, 2.270001, 0.527663, 0.353115, -1.000000, 0.393604, -1.000000, 0.366665, -1.000000, 0.392298, -1.000000
0.640000, 0.820000, 2.260001, 0.529250, 0.353153, -1.000000, 0.393416, -1.000000, 0.366582, -1.000000, 0.392298, -1.000000
0.640000, 0.830000, 2.250001, 0.530763, 0.353190, -1.000000, 0.393227, -1.000000, 0.366500, -1.000000, 0.392298, -1.000000
0.640000, 0.839999, 2.240001, 0.532200, 0.353228, -1.000000, 0.393039, -1.000000, 0.366418, -1.000000, 0.392298, -1.000000
0.640000, 0.849999, 2.230001, 0.533563, 0.353265, -1.000000, 0.392851, -1.000000, 0.366335, -1.000000, 0.392298, -1.000000
0.640000, 0.859999, 2.220001, 0.534850, 0.353303, -1.000000, 0.392663, -1.000000, 0.366253, -1.000000, 0.392298, -1.000000
0.640000, 0.869999, 2.210001, 0.536063, 0.353341, -1.000000, 0.392474, -1.000000, 0.366171, -1.000000, 0.392298, -1.000000
0.640000, 0.879999, 2.200001, 0.537200, 0.353378, -1.000000, 0.392286, -1.000000, 0.366089, -1.000000, 0.392298, -1.000000
0.640000, 0.889999, 2.190001, 0.538263, 0.353416, -1.000000, 0.392098, -1.000000, 0.366006, -1.000000, 0.392298, -1.000000
0.640000, 0.899999, 2.180001, 0.539250, 0.353454, -1.000000, 0.391910, -1.000000, 0.365924, -1.000000, 0.392298, -1.000000
0.640000, 0.909999, 2.170002, 0.540163, 0.353491, -1.000000, 0.391722, -1.000000, 0.365842, -1.000000, 0.392298, -1.000000
0.640000, 0.919999, 2.160002, 0.541000, 0.353529, -1.000000, 0.391534, -1.000000, 0.365760, -1.000000, 0.392298, -1.000000
0.640000, 0.929999, 2.150002, 0.541763, 0.353566, -1.000000, 0.391346, -1.000000, 0.365677, -1.000000, 0.392298, -1.000000
0.640000, 0.939999, 2.140002, 0.542450, 0.353604, -1.000000, 0.391158, -1.000000, 0.365595, -1.000000, 0.392294, -1.000000
0.640000, 0.949999, 2.130002, 0.543063, 0.353642, -1.000000, 0.390970, -1.000000, 0.365513, -1.000000, 0.392290, -1.000000
0.640000, 0.959999, 2.120002, 0.543600, 0.353679, -1.000000, 0.390782, -1.000000, 0.365431, -1.000000, 0.392286, -1.000000
0.640000, 0.969999, 2.110002, 0.544063, 0.353717, -1.000000, 0.390594, -1.000000, 0.365349, -1.000000, 0.392282, -1.000000
0.640000, 0.979999, 2.100002, 0.544450, 0.353755, -1.000000, 0.390406, -1.000000, 0.365266, -1.000000, 0.392278, -1.000000
0.640000, 0.989999, 2.090002, 0.544763, 0.353792, -1.000000, 0.390218, -1.000000, 0.365184, -1.000000, 0.392274, -1.000000
0.640000, 0.999999, 2.080002, 0.545000, 0.353830, -1.000000, 0.390031, -1.000000, 0.365102, -1.000000, 0.392271, -1.000000
0.650000, 0.000000, 3.050001, 0.150000, 0.205174, 0.732916, 0.409073, 0.996124, 0.209237, 0.806333, 0.225687, 0.991872
0.650000, 0.010000, 3.040001, 0.157588, 0.207336, -1.000000, 0.408882, -1.000000, 0.211338, -1.000000, 0.227907, -1.000000
0.650000, 0.020000, 3.030001, 0.165100, 0.209515, -1.000000, 0.408691, -1.000000, 0.213455, -1.000000, 0.230143, -1.000000
0.650000, 0.030000, 3.020001, 0.172538, 0.211711, -1.000000, 0.408501, -1.000000, 0.215586, -1.000000, 0.232394, -1.000000
0.650000, 0.040000, 3.010001, 0.179900, 0.213924, -1.000000, 0.408310, -1.000000, 0.217734, -1.000000, 0.234661, -1.000000
0.650000, 0.050000, 3.000001, 0.187188, 0.216153, -1.000000, 0.408119, -1.000000, 0.219896, -1.000000, 0.236942, -1.000000
0.650000, 0.060000, 2.990001, 0.194400, 0.218399, -1.000000, 0.407929, -1.000000, 0.222074, -1.000000, 0.239239, -1.000000
0.650000, 0.070000, 2.980001, 0.201538, 0.220662, -1.000000, 0.407738, -1.000000, 0.224268, -1.000000, 0.241552, -1.000000
0.650000, 0.080000, 2.970001, 0.208600, 0.222942, -1.000000, 0.407547, -1.000000, 0.226477, -1.000000, 0.243879, -1.000000
0.650000, 0.090000, 2.960001, 0.215588, 0.225238, -1.000000, 0.407357, -1.000000, 0.228701, -1.000000, 0.246222, -1.000000
0.650000, 0.100000, 2.950001, 0.222500, 0.227551, -1.000000, 0.407166, -1.000000, 0.230940, -1.000000, 0.248579, -1.000000
0.650000, 0.110000, 2.940001, 0.229338, 0.229881, -1.000000, 0.406976, -1.000000, 0.233195, -1.000000, 0.250952, -1.000000
0.650000, 0.120000, 2.930001, 0.236100, 0.232228, -1.000000, 0.406785, -1.000000, 0.235465, -1.000000, 0.253340, -1.000000
0.650000, 0.130000, 2.920001, 0.242788, 0.234591, -1.000000, 0.406595, -1.000000, 0.237750, -1.000000, 0.255743, -1.000000
0.650000, 0.140000, 2.910001, 0.249400, 0.236970, -1.000000, 0.406405, -1.000000, 0.240051, -1.000000, 0.258160, -1.000000
0.650000, 0.150000, 2.900001, 0.255938, 0.239367, -1.000000, 0.406214, -1.000000, 0.242366, -1.000000, 0.260593, -1.000000
0.650000, 0.160000, 2.890001, 0.262400, 0.241780, -1.000000, 0.406024, -1.000000, 0.244697, -1.000000, 0.263040, -1.000000
0.650000, 0.170000, 2.880001, 0.268788, 0.244209, -1.000000, 0.405833, -1.000000, 0.247043, -1.000000, 0.265502, -1.000000
0.650000, 0.180000, 2.870001, 0.275100, 0.246655, -1.000000, 0.405643, -1.000000, 0.249404, -1.000000, 0.267979, -1.000000
0.650000, 0.190000, 2.860001, 0.281338, 0.249118, -1.000000, 0.405453, -1.000000, 0.251780, -1.000000, 0.270470, -1.000000
0.650000, 0.200000, 2.850001, 0.287500, 0.251596, -1.000000, 0.405263, -1.000000, 0.254171, -1.000000, 0.272976, -1.000000
0.650000, 0.210000, 2.840001, 0.293588, 0.254091, -1.000000, 0.405072, -1.000000, 0.256577, -1.000000, 0.275496, -1.000000
0.650000, 0.220000, 2.830001, 0.299600, 0.256603, -1.000000, 0.404882, -1.000000, 0.258998, -1.000000, 0.278031, -1.000000
0.650000, 0.230000, 2.820001, 0.305538, 0.259130, -1.000000, 0.404692, -1.000000, 0.261433, -1.000000, 0.280580, -1.000000
0.650000, 0.240000, 2.810001, 0.311400, 0.261674, -1.000000, 0.404502, -1.000000, 0.263884, -1.000000, 0.283143, -1.000000
0.650000, 0.250000, 2.800001, 0.317188, 0.264233, -1.000000, 0.404312, -1.000000, 0.266349, -1.000000, 0.285720, -1.000000
0.650000, 0.260000, 2.790001, 0.322900, 0.266809, -1.000000, 0.404122, -1.000000, 0.268828, -1.000000, 0.288311, -1.000000
0.650000, 0.270000, 2.780001, 0.328538, 0.269401, -1.000000, 0.403932, -1.000000, 0.271322, -1.000000, 0.290916, -1.000000
0.650000, 0.280000, 2.770001, 0.334100, 0.272008, -1.000000, 0.403742, -1.000000, 0.273831, -1.000000, 0.293535, -1.000000
0.650000, 0.290000, 2.760001, 0.339588, 0.274631, -1.000000, 0.403552, -1.000000, 0.276354, -1.000000, 0.296168, -1.000000
0.650000, 0.300000, 2.750001, 0.345000, 0.277270, -1.000000, 0.403362, -1.000000, 0.278891, -1.000000, 0.298815, -1.000000
0.650000, 0.310000, 2.740001, 0.350338, 0.279925, -1.000000, 0.403172, -1.000000, 0.281443, -1.000000, 0.301474, -1.000000
0.650000, 0.320000, 2.730001, 0.355600, 0.282595, -1.000000, 0.402982, -1.000000, 0.284009, -1.000000, 0.304148, -1.000000
0.650000, 0.330000, 2.720001, 0.360788, 0.285280, -1.000000, 0.402792, -1.000000, 0.286588, -1.000000, 0.306834, -1.000000
0.650000, 0.340000, 2.710001, 0.365900, 0.287980, -1.000000, 0.402602, -1.000000, 0.289182, -1.000000, 0.309534, -1.000000
0.650000, 0.350000, 2.700001, 0.370938, 0.290696, -1.000000, 0.402412, -1.000000, 0.291790, -1.000000, 0.312247, -1.000000
0.650000, 0.360000, 2.690001, 0.375900, 0.293427, -1.000000, 0.402223, -1.000000, 0.294411, -1.000000, 0.314973, -1.000000
0.650000, 0.370000, 2.680001, 0.380788, 0.296173, -1.000000, 0.402033, -1.000000, 0.297046, -1.000000, 0.317711, -1.000000
0.650000, 0.380000, 2.670001, 0.385600, 0.298933, -1.000000, 0.401843, -1.000000, 0.299695, -1.000000, 0.320462, -1.000000
0.650000, 0.390000, 2.660001, 0.390338, 0.301708, -1.000000, 0.401653, -1.000000, 0.302357, -1.000000, 0.323226, -1.000000
0.650000, 0.400000, 2.650001, 0.395000, 0.304498, -1.000000, 0.401464, -1.000000, 0.305032, -1.000000, 0.326002, -1.000000
0.650000, 0.410000, 2.640001, 0.399588, 0.307302, -1.000000, 0.401274, -1.000000, 0.307721, -1.000000, 0.328791, -1.000000
0.650000, 0.420000, 2.630001, 0.404100, 0.310121, -1.000000, 0.401084, -1.000000, 0.310423, -1.000000, 0.331591, -1.000000
0.650000, 0.430000, 2.620001, 0.408538, 0.312954, -1.000000, 0.400895, -1.000000, 0.313138, -1.000000, 0.334404, -1.000000
0.650000, 0.440000, 2.610001, 0.412900, 0.315800, -1.000000, 0.400705, -1.000000, 0.315865, -1.000000, 0.337228, -1.000000
0.650000, 0.450000, 2.600001, 0.417188, 0.318661, -1.000000, 0.400516, -1.000000, 0.318606, -1.000000, 0.340064, -1.000000
0.650000, 0.460000, 2.590001, 0.421400, 0.321535, -1.000000, 0.400326, -1.000000, 0.321359, -1.000000, 0.342911, -1.000000
0.650000, 0.470000, 2.580001, 0.425538, 0.324423, -1.000000, 0.400137, -1.000000, 0.324124, -1.000000, 0.345770, -1.000000
0.650000, 0.480000, 2.570001, 0.429600, 0.326715, -1.000000, 0.399947, -1.000000, 0.326902, -1.000000, 0.348640, -1.000000
0.650000, 0.490000, 2.560001, 0.433588, 0.328718, -1.000000, 0.399758, -1.000000, 0.329692, -1.000000, 0.351521, -1.000000
0.650000, 0.500000, 2.550001, 0.437500, 0.330728, -1.000000, 0.399569, -1.000000, 0.332494, -1.000000, 0.354413, -1.000000
0.650000, 0.510000, 2.540001, 0.441338, 0.332743, -1.000000, 0.399379, -1.000000, 0.335308, -1.000000, 0.357316, -1.000000
0.650000, 0.520000, 2.530001, 0.445100, 0.334765, -1.000000, 0.399190, -1.000000, 0.338134, -1.000000, 0.360229, -1.000000
0.650000, 0.530000, 2.520001, 0.448788, 0.336793, -1.000000, 0.399001, -1.000000, 0.340971, -1.000000, 0.363152, -1.000000
0.650000, 0.540000, 2.510001, 0.452400, 0.338827, -1.000000, 0.398811, -1.000000, 0.343820, -1.000000, 0.366086, -1.000000
0.650000, 0.550000, 2.500001, 0.455938, 0.340867, -1.000000, 0.398622, -1.000000, 0.346680, -1.000000, 0.369029, -1.000000
0.650000, 0.560000, 2.490001, 0.459400, 0.342913, -1.000000, 0.398433, -1.000000, 0.349551, -1.000000, 0.371983, -1.000000
0.650000, 0.570000, 2.480001, 0.462788, 0.344964, -1.000000, 0.398244, -1.000000, 0.352433, -1.000000, 0.374946, -1.000000
0.650000, 0.580000, 2.470001, 0.466100, 0.347022, -1.000000, 0.398055, -1.000000, 0.355326, -1.000000, 0.377918, -1.000000
0.650000, 0.590000, 2.460001, 0.469338, 0.349085, -1.000000, 0.397866, -1.000000, 0.358229, -1.000000, 0.380900, -1.000000
0.650000, 0.600000, 2.450001, 0.472500, 0.351154, -1.000000, 0.397676, -1.000000, 0.361143, -1.000000, 0.383890, -1.000000
0.650000, 0.610000, 2.440001, 0.475588, 0.352344, -1.000000, 0.397487, -1.000000, 0.364067, -1.000000, 0.386889, -1.000000
0.650000, 0.620000, 2.430001, 0.478600, 0.352382, -1.000000, 0.397298, -1.000000, 0.367002, -1.000000, 0.389897, -1.000000
0.650000, 0.630000, 2.420001, 0.481538, 0.352419, -1.000000, 0.397109, -1.000000, 0.367418, -1.000000, 0.392298, -1.000000
0.650000, 0.640000, 2.410001, 0.484400, 0.352457, -1.000000, 0.396920, -1.000000, 0.367402, -1.000000, 0.392298, -1.000000
0.650000, 0.650000, 2.400001, 0.487188, 0.352495, -1.000000, 0.396732, -1.000000, 0.367385, -1.000000, 0.392298, -1.000000
0.650000, 0.660000, 2.390001, 0.489900, 0.352532, -1.000000, 0.396543, -1.000000, 0.367369, -1.000000, 0.392298, -1.000000
0.650000, 0.670000, 2.380001, 0.492538, 0.352570, -1.000000, 0.396354, -1.000000, 0.367352, -1.000000, 0.392298, -1.000000
0.650000, 0.680000, 2.370001, 0.495100, 0.352607, -1.000000, 0.396165, -1.000000, 0.367335, -1.000000, 0.392298, -1.000000
0.650000, 0.690000, 2.360001, 0.497588, 0.352645, -1.000000, 0.395976, -1.000000, 0.367319, -1.000000, 0.392298, -1.000000
0.650000, 0.700000, 2.350001, 0.500000, 0.352683, -1.000000, 0.395787, -1.000000, 0.367302, -1.000000, 0.392298, -1.000000
0.650000, 0.710000, 2.340001, 0.502338, 0.352720, -1.000000, 0.395599, -1.000000, 0.367285, -1.000000, 0.392298, -1.000000
0.650000, 0.720000, 2.330001, 0.504600, 0.352758, -1.000000, 0.395410, -1.000000, 0.367269, -1.000000, 0.392298, -1.000000
0.650000, 0.730000, 2.320001, 0.506788, 0.352795, -1.000000, 0.395221, -1.000000, 0.367252, -1.000000, 0.392298, -1.000000
0.650000, 0.740000, 2.310001, 0.508900, 0.352833, -1.000000, 0.395033, -1.000000, 0.367195, -1.000000, 0.392298, -1.000000
0.650000, 0.750000, 2.300001, 0.510938, 0.352871, -1.000000, 0.394844, -1.000000, 0.367113, -1.000000, 0.392298, -1.000000
0.650000, 0.760000, 2.290001, 0.512900, 0.352908, -1.000000, 0.394655, -1.000000, 0.367030, -1.000000, 0.392298, -1.000000
0.650000, 0.770000, 2.280001, 0.514788, 0.352946, -1.000000, 0.394467, -1.000000, 0.366948, -1.000000, 0.392298, -1.000000
0.650000, 0.780000, 2.270001, 0.516600, 0.352983, -1.000000, 0.394278, -1.000000, 0.366866, -1.000000, 0.392298, -1.000000
0.650000, 0.790000, 2.260001, 0.518338, 0.353021, -1.000000, 0.394090, -1.000000, 0.366783, -1.000000, 0.392298, -1.000000
0.650000, 0.800000, 2.250001, 0.520000, 0.353059, -1.000000, 0.393901, -1.000000, 0.366701, -1.000000, 0.392298, -1.000000
0.650000, 0.810000, 2.240001, 0.521588, 0.353096, -1.000000, 0.393713, -1.000000, 0.366619, -1.000000, 0.392298, -1.000000
0.650000, 0.820000, 2.230001, 0.523100, 0.353134, -1.000000, 0.393525, -1.000000, 0.366536, -1.000000, 0.392298, -1.000000
0.650000, 0.830000, 2.220001, 0.524538, 0.353171, -1.000000, 0.393336, -1.000000, 0.366454, -1.000000, 0.392298, -1.000000
0.650000, 0.839999, 2.210001, 0.525900, 0.353209, -1.000000, 0.393148, -1.000000, 0.366372, -1.000000, 0.392298, -1.000000
0.650000, 0.849999, 2.200001, 0.527188, 0.353247, -1.000000, 0.392960, -1.000000, 0.366289, -1.000000, 0.392298, -1.000000
0.650000, 0.859999, 2.190001, 0.528400, 0.353284, -1.000000, 0.392771, -1.000000, 0.366207, -1.000000, 0.392298, -1.000000
0.650000, 0.869999, 2.180001, 0.529538, 0.353322, -1.000000, 0.392583, -1.000000, 0.366125, -1.000000, 0.392298, -1.000000
0.650000, 0.879999, 2.170002, 0.530600, 0.353359, -1.000000, 0.392395, -1.000000, 0.366042, -1.000000, 0.392298, -1.000000
0.650000, 0.889999, 2.160002, 0.531588, 0.353397, -1.000000, 0.392207, -1.000000, 0.365960, -1.000000, 0.392298, -1.000000
0.650000, 0.899999, 2.150002, 0.532500, 0.353435, -1.000000, 0.392019, -1.000000, 0.365878, -1.000000, 0.392297, -1.000000
0.650000, 0.909999, 2.140002, 0.533338, 0.353472, -1.000000, 0.391831, -1.000000, 0.365796, -1.000000, 0.392293, -1.000000
0.650000, 0.919999, 2.130002, 0.534100, 0.353510, -1.000000, 0.391643, -1.000000, 0.365713, -1.000000, 0.392289, -1.000000
0.650000, 0.929999, 2.120002, 0.534788, 0.353548, -1.000000, 0.391455, -1.000000, 0.365631, -1.000000, 0.392285, -1.000000
0.650000, 0.939999, 2.110002, 0.535400, 0.353585, -1.000000, 0.391267, -1.000000, 0.365549, -1.000000, 0.392282, -1.000000
0.650000, 0.949999, 2.100002, 0.535938, 0.353623, -1.000000, 0.391079, -1.000000, 0.365467, -1.000000, 0.392278, -1.000000
0.650000, 0.959999, 2.090002, 0.536400, 0.353660, -1.000000, 0.390891, -1.000000, 0.365385, -1.000000, 0.392274, -1.000000
0.650000, 0.969999, 2.080002, 0.536788, 0.353698, -1.000000, 0.390703, -1.000000, 0.365302, -1.000000, 0.392270, -1.000000
0.650000, 0.979999, 2.070002, 0.537100, 0.353736, -1.000000, 0.390515, -1.000000, 0.365220, -1.000000, 0.392266, -1.000000
0.650000, 0.989999, 2.060002, 0.537338, 0.353773, -1.000000, 0.390327, -1.000000, 0.365138, -1.000000, 0.392262, -1.000000
0.650000, 0.999999, 2.050002, 0.537500, 0.353811, -1.000000, 0.390139, -1.000000, 0.365056, -1.000000, 0.392258, -1.000000
0.660000, 0.000000, 3.020001, 0.150000, 0.205018, 0.732915, 0.409183, 0.996137, 0.209142, 0.806333, 0.225344, 0.992002
0.660000, 0.010000, 3.010001, 0.157513, 0.207179, -1.000000, 0.408992, -1.000000, 0.211242, -1.000000, 0.227562, -1.000000
0.660000, 0.020000, 3.000001, 0.164950, 0.209357, -1.000000, 0.408802, -1.000000, 0.213358, -1.000000, 0.229796, -1.000000
0.660000, 0.030000, 2.990001, 0.172313, 0.211551, -1.000000, 0.408611, -1.000000, 0.215489, -1.000000, 0.232045, -1.000000
0.660000, 0.040000, 2.980001, 0.179600, 0.213763, -1.000000, 0.408420, -1.000000, 0.217635, -1.000000, 0.234309, -1.000000
0.660000, 0.050000, 2.970001, 0.186813, 0.215991, -1.000000, 0.408230, -1.000000, 0.219797, -1.000000, 0.236588, -1.000000
0.660000, 0.060000, 2.960001, 0.193950, 0.218236, -1.000000, 0.408039, -1.000000, 0.221975, -1.000000, 0.238883, -1.000000
0.660000, 0.070000, 2.950001, 0.201013, 0.220498, -1.000000, 0.407848, -1.000000, 0.224168, -1.000000, 0.241193, -1.000000
0.660000, 0.080000, 2.940001, 0.208000, 0.222776, -1.000000, 0.407658, -1.000000, 0.226376, -1.000000, 0.243518, -1.000000
0.660000, 0.090000, 2.930001, 0.214913, 0.225071, -1.000000, 0.407467, -1.000000, 0.228599, -1.000000, 0.245858, -1.000000
0.660000, 0.100000, 2.920001, 0.221750, 0.227383, -1.000000, 0.407277, -1.000000, 0.230838, -1.000000, 0.248214, -1.000000
0.660000, 0.110000, 2.910001, 0.228513, 0.229712, -1.000000, 0.407086, -1.000000, 0.233092, -1.000000, 0.250584, -1.000000
0.660000, 0.120000, 2.900001, 0.235200, 0.232057, -1.000000, 0.406896, -1.000000, 0.235361, -1.000000, 0.252969, -1.000000
0.660000, 0.130000, 2.890001, 0.241813, 0.234419, -1.000000, 0.406705, -1.000000, 0.237646, -1.000000, 0.255370, -1.000000
0.660000, 0.140000, 2.880001, 0.248350, 0.236798, -1.000000, 0.406515, -1.000000, 0.239946, -1.000000, 0.257785, -1.000000
0.660000, 0.150000, 2.870001, 0.254813, 0.239193, -1.000000, 0.406324, -1.000000, 0.242260, -1.000000, 0.260215, -1.000000
0.660000, 0.160000, 2.860001, 0.261200, 0.241605, -1.000000, 0.406134, -1.000000, 0.244591, -1.000000, 0.262660, -1.000000
0.660000, 0.170000, 2.850001, 0.267513, 0.244033, -1.000000, 0.405943, -1.000000, 0.246936, -1.000000, 0.265120, -1.000000
0.660000, 0.180000, 2.840001, 0.273750, 0.246478, -1.000000, 0.405753, -1.000000, 0.249296, -1.000000, 0.267594, -1.000000
0.660000, 0.190000, 2.830001, 0.279913, 0.248939, -1.000000, 0.405563, -1.000000, 0.251671, -1.000000, 0.270083, -1.000000
0.660000, 0.200000, 2.820001, 0.286000, 0.251416, -1.000000, 0.405373, -1.000000, 0.254062, -1.000000, 0.272587, -1.000000
0.660000, 0.210000, 2.810001, 0.292013, 0.253910, -1.000000, 0.405182, -1.000000, 0.256467, -1.000000, 0.275105, -1.000000
0.660000, 0.220000, 2.800001, 0.297950, 0.256420, -1.000000, 0.404992, -1.000000, 0.258887, -1.000000, 0.277637, -1.000000
0.660000, 0.230000, 2.790001, 0.303813, 0.258947, -1.000000, 0.404802, -1.000000, 0.261322, -1.000000, 0.280184, -1.000000
0.660000, 0.240000, 2.780001, 0.309600, 0.261489, -1.000000, 0.404612, -1.000000, 0.263771, -1.000000, 0.282745, -1.000000
0.660000, 0.250000, 2.770001, 0.315313, 0.264048, -1.000000, 0.404422, -1.000000, 0.266236, -1.000000, 0.285320, -1.000000
0.660000, 0.260000, 2.760001, 0.320950, 0.266622, -1.000000, 0.404232, -1.000000, 0.268715, -1.000000, 0.287909, -1.000000
0.660000, 0.270000, 2.750001, 0.326513, 0.269213, -1.000000, 0.404042, -1.000000, 0.271208, -1.000000, 0.290512, -1.000000
0.660000, 0.280000, 2.740001, 0.332000, 0.271819, -1.000000, 0.403852, -1.000000, 0.273716, -1.000000, 0.293129, -1.000000
0.660000, 0.290000, 2.730001, 0.337413, 0.274441, -1.000000, 0.403662, -1.000000, 0.276239, -1.000000, 0.295760, -1.000000
0.660000, 0.300000, 2.720001, 0.342750, 0.277079, -1.000000, 0.403472, -1.000000, 0.278775, -1.000000, 0.298404, -1.000000
0.660000, 0.310000, 2.710001, 0.348013, 0.279732, -1.000000, 0.403282, -1.000000, 0.281326, -1.000000, 0.301062, -1.000000
0.660000, 0.320000, 2.700001, 0.353200, 0.282401, -1.000000, 0.403092, -1.000000, 0.283891, -1.000000, 0.303733, -1.000000
0.660000, 0.330000, 2.690001, 0.358313, 0.285085, -1.000000, 0.402902, -1.000000, 0.286470, -1.000000, 0.306418, -1.000000
0.660000, 0.340000, 2.680001, 0.363350, 0.287784, -1.000000, 0.402712, -1.000000, 0.289064, -1.000000, 0.309115, -1.000000
0.660000, 0.350000, 2.670001, 0.368313, 0.290499, -1.000000, 0.402522, -1.000000, 0.291671, -1.000000, 0.311826, -1.000000
0.660000, 0.360000, 2.660001, 0.373200, 0.293229, -1.000000, 0.402332, -1.000000, 0.294291, -1.000000, 0.314550, -1.000000
0.660000, 0.370000, 2.650001, 0.378013, 0.295973, -1.000000, 0.402142, -1.000000, 0.296926, -1.000000, 0.317286, -1.000000
0.660000, 0.380000, 2.640001, 0.382750, 0.298733, -1.000000, 0.401953, -1.000000, 0.299574, -1.000000, 0.320036, -1.000000
0.660000, 0.390000, 2.630001, 0.387413, 0.301507, -1.000000, 0.401763, -1.000000, 0.302235, -1.000000, 0.322797, -1.000000
0.660000, 0.400000, 2.620001, 0.392000, 0.304296, -1.000000, 0.401573, -1.000000, 0.304910, -1.000000, 0.325572, -1.000000
0.660000, 0.410000, 2.610001, 0.396513, 0.307099, -1.000000, 0.401384, -1.000000, 0.307598, -1.000000, 0.328358, -1.000000
0.660000, 0.420000, 2.600001, 0.400950, 0.309916, -1.000000, 0.401194, -1.000000, 0.310299, -1.000000, 0.331157, -1.000000
0.660000, 0.430000, 2.590001, 0.405313, 0.312748, -1.000000, 0.401004, -1.000000, 0.313014, -1.000000, 0.333968, -1.000000
0.660000, 0.440000, 2.580001, 0.409600, 0.315594, -1.000000, 0.400815, -1.000000, 0.315741, -1.000000, 0.336790, -1.000000
0.660000, 0.450000, 2.570001, 0.413813, 0.318454, -1.000000, 0.400625, -1.000000, 0.318480, -1.000000, 0.339624, -1.000000
0.660000, 0.460000, 2.560001, 0.417950, 0.321327, -1.000000, 0.400436, -1.000000, 0.321233, -1.000000, 0.342470, -1.000000
0.660000, 0.470000, 2.550001, 0.422013, 0.324214, -1.000000, 0.400246, -1.000000, 0.323998, -1.000000, 0.345327, -1.000000
0.660000, 0.480000, 2.540001, 0.426000, 0.326420, -1.000000, 0.400057, -1.000000, 0.326775, -1.000000, 0.348195, -1.000000
0.660000, 0.490000, 2.530001, 0.429913, 0.328422, -1.000000, 0.399867, -1.000000, 0.329564, -1.000000, 0.351075, -1.000000
0.660000, 0.500000, 2.520001, 0.433750, 0.330431, -1.000000, 0.399678, -1.000000, 0.332366, -1.000000, 0.353965, -1.000000
0.660000, 0.510000, 2.510001, 0.437513, 0.332446, -1.000000, 0.399489, -1.000000, 0.335179, -1.000000, 0.356866, -1.000000
0.660000, 0.520000, 2.500001, 0.441200, 0.334466, -1.000000, 0.399299, -1.000000, 0.338005, -1.000000, 0.359777, -1.000000
0.660000, 0.530000, 2.490001, 0.444813, 0.336493, -1.000000, 0.399110, -1.000000, 0.340841, -1.000000, 0.362699, -1.000000
0.660000, 0.540000, 2.480001, 0.448350, 0.338526, -1.000000, 0.398921, -1.000000, 0.343690, -1.000000, 0.365631, -1.000000
0.660000, 0.550000, 2.470001, 0.451813, 0.340565, -1.000000, 0.398732, -1.000000, 0.346549, -1.000000, 0.368573, -1.000000
0.660000, 0.560000, 2.460001, 0.455200, 0.342610, -1.000000, 0.398542, -1.000000, 0.349420, -1.000000, 0.371525, -1.000000
0.660000, 0.570000, 2.450001, 0.458513, 0.344661, -1.000000, 0.398353, -1.000000, 0.352301, -1.000000, 0.374486, -1.000000
0.660000, 0.580000, 2.440001, 0.461750, 0.346718, -1.000000, 0.398164, -1.000000, 0.355194, -1.000000, 0.377457, -1.000000
0.660000, 0.590000, 2.430001, 0.464913, 0.348780, -1.000000, 0.397975, -1.000000, 0.358097, -1.000000, 0.380437, -1.000000
0.660000, 0.600000, 2.420001, 0.468000, 0.350848, -1.000000, 0.397786, -1.000000, 0.361010, -1.000000, 0.383427, -1.000000
0.660000, 0.610000, 2.410001, 0.471013, 0.352325, -1.000000, 0.397597, -1.000000, 0.363934, -1.000000, 0.386424, -1.000000
0.660000, 0.620000, 2.400001, 0.473950, 0.352363, -1.000000, 0.397408, -1.000000, 0.366868, -1.000000, 0.389431, -1.000000
0.660000, 0.630000, 2.390001, 0.476813, 0.352401, -1.000000, 0.397219, -1.000000, 0.367343, -1.000000, 0.392298, -1.000000
0.660000, 0.640000, 2.380001, 0.479600, 0.352438, -1.000000, 0.397030, -1.000000, 0.367327, -1.000000, 0.392298, -1.000000
0.660000, 0.650000, 2.370001, 0.482313, 0.352476, -1.000000, 0.396841, -1.000000, 0.367310, -1.000000, 0.392298, -1.000000
0.660000, 0.660000, 2.360001, 0.484950, 0.352513, -1.000000, 0.396652, -1.000000, 0.367294, -1.000000, 0.392298, -1.000000
0.660000, 0.670000, 2.350001, 0.487513, 0.352551, -1.000000, 0.396463, -1.000000, 0.367277, -1.000000, 0.392298, -1.000000
0.660000, 0.680000, 2.340001, 0.490000, 0.352589, -1.000000, 0.396274, -1.000000, 0.367260, -1.000000, 0.392298, -1.000000
0.660000, 0.690000, 2.330001, 0.492413, 0.352626, -1.000000, 0.396085, -1.000000, 0.367244, -1.000000, 0.392298, -1.000000
0.660000, 0.700000, 2.320001, 0.494750, 0.352664, -1.000000, 0.395897, -1.000000, 0.367227, -1.000000, 0.392298, -1.000000
0.660000, 0.710000, 2.310001, 0.497013, 0.352701, -1.000000, 0.395708, -1.000000, 0.367210, -1.000000, 0.392298, -1.000000
0.660000, 0.720000, 2.300001, 0.499200, 0.352739, -1.000000, 0.395519, -1.000000, 0.367194, -1.000000, 0.392298, -1.000000
0.660000, 0.730000, 2.290001, 0.501313, 0.352776, -1.000000, 0.395330, -1.000000, 0.367177, -1.000000, 0.392298, -1.000000
0.660000, 0.740000, 2.280001, 0.503350, 0.352814, -1.000000, 0.395142, -1.000000, 0.367149, -1.000000, 0.392298, -1.000000
0.660000, 0.750000, 2.270001, 0.505313, 0.352852, -1.000000, 0.394953, -1.000000, 0.367066, -1.000000, 0.392298, -1.000000
0.660000, 0.760000, 2.260001, 0.507200, 0.352889, -1.000000, 0.394765, -1.000000, 0.366984, -1.000000, 0.392298, -1.000000
0.660000, 0.770000, 2.250001, 0.509013, 0.352927, -1.000000, 0.394576, -1.000000, 0.366902, -1.000000, 0.392298, -1.000000
0.660000, 0.780000, 2.240001, 0.510750, 0.352964, -1.000000, 0.394387, -1.000000, 0.366819, -1.000000, 0.392298, -1.000000
0.660000, 0.790000, 2.230001, 0.512413, 0.353002, -1.000000, 0.394199, -1.000000, 0.366737, -1.000000, 0.392298, -1.000000
0.660000, 0.800000, 2.220001, 0.514000, 0.353040, -1.000000, 0.394010, -1.000000, 0.366655, -1.000000, 0.392298, -1.000000
0.660000, 0.810000, 2.210001, 0.515513, 0.353077, -1.000000, 0.393822, -1.000000, 0.366572, -1.000000, 0.392298, -1.000000
0.660000, 0.820000, 2.200001, 0.516950, 0.353115, -1.000000, 0.393634, -1.000000, 0.366490, -1.000000, 0.392298, -1.000000
0.660000, 0.830000, 2.190001, 0.518313, 0.353153, -1.000000, 0.393445, -1.000000, 0.366408, -1.000000, 0.392298, -1.000000
0.660000, 0.839999, 2.180001, 0.519600, 0.353190, -1.000000, 0.393257, -1.000000, 0.366325, -1.000000, 0.392298, -1.000000
0.660000, 0.849999, 2.170002, 0.520813, 0.353228, -1.000000, 0.393069, -1.000000, 0.366243, -1.000000, 0.392298, -1.000000
0.660000, 0.859999, 2.160002, 0.521950, 0.353265, -1.000000, 0.392880, -1.000000, 0.366161, -1.000000, 0.392298, -1.000000
0.660000, 0.869999, 2.150002, 0.523013, 0.353303, -1.000000, 0.392692, -1.000000, 0.366079, -1.000000, 0.392296, -1.000000
0.660000, 0.879999, 2.140002, 0.524000, 0.353341, -1.000000, 0.392504, -1.000000, 0.365996, -1.000000, 0.392292, -1.000000
0.660000, 0.889999, 2.130002, 0.524913, 0.353378, -1.000000, 0.392316, -1.000000, 0.365914, -1.000000, 0.392289, -1.000000
0.660000, 0.899999, 2.120002, 0.525750, 0.353416, -1.000000, 0.392128, -1.000000, 0.365832, -1.000000, 0.392285, -1.000000
0.660000, 0.909999, 2.110002, 0.526513, 0.353453, -1.000000, 0.391939, -1.000000, 0.365750, -1.000000, 0.392281, -1.000000
0.660000, 0.919999, 2.100002, 0.527200, 0.353491, -1.000000, 0.391751, -1.000000, 0.365667, -1.000000, 0.392277, -1.000000
0.660000, 0.929999, 2.090002, 0.527813, 0.353529, -1.000000, 0.391563, -1.000000, 0.365585, -1.000000, 0.392273, -1.000000
0.660000, 0.939999, 2.080002, 0.528350, 0.353566, -1.000000, 0.391375, -1.000000, 0.365503, -1.000000, 0.392269, -1.000000
0.660000, 0.949999, 2.070002, 0.528813, 0.353604, -1.000000, 0.391187, -1.000000, 0.365421, -1.000000, 0.392265, -1.000000
0.660000, 0.959999, 2.060002, 0.529200, 0.353642, -1.000000, 0.390999, -1.000000, 0.365338, -1.000000, 0.392261, -1.000000
0.660000, 0.969999, 2.050002, 0.529513, 0.353679, -1.000000, 0.390811, -1.000000, 0.365256, -1.000000, 0.392257, -1.000000
0.660000, 0.979999, 2.040002, 0.529750, 0.353717, -1.000000, 0.390623, -1.000000, 0.365174, -1.000000, 0.392253, -1.000000
0.660000, 0.989999, 2.030002, 0.529913, 0.353755, -1.000000, 0.390436, -1.000000, 0.365092, -1.000000, 0.392249, -1.000000
0.660000, 0.999999, 2.020002, 0.530000, 0.353792, -1.000000, 0.390248, -1.000000, 0.365010, -1.000000, 0.392245, -1.000000
0.670000, 0.000000, 2.990001, 0.150000, 0.204862, 0.732914, 0.409294, 0.996150, 0.209046, 0.806333, 0.225002, 0.992129
0.670000, 0.010000, 2.980001, 0.157438, 0.207022, -1.000000, 0.409103, -1.000000, 0.211146, -1.000000, 0.227218, -1.000000
0.670000, 0.020000, 2.970001, 0.164800, 0.209199, -1.000000, 0.408912, -1.000000, 0.213261, -1.000000, 0.229449, -1.000000
0.670000, 0.030000, 2.960001, 0.172088, 0.211392, -1.000000, 0.408721, -1.000000, 0.215391, -1.000000, 0.231696, -1.000000
0.670000, 0.040000, 2.950001, 0.179300, 0.213602, -1.000000, 0.408531, -1.000000, 0.217537, -1.000000, 0.233957, -1.000000
0.670000, 0.050000, 2.940001, 0.186438, 0.215829, -1.000000, 0.408340, -1.000000, 0.219699, -1.000000, 0.236234, -1.000000
0.670000, 0.060000, 2.930001, 0.193500, 0.218073, -1.000000, 0.408149, -1.000000, 0.221875, -1.000000, 0.238527, -1.000000
0.670000, 0.070000, 2.920001, 0.200488, 0.220333, -1.000000, 0.407959, -1.000000, 0.224067, -1.000000, 0.240834, -1.000000
0.670000, 0.080000, 2.910001, 0.207400, 0.222611, -1.000000, 0.407768, -1.000000, 0.226275, -1.000000, 0.243157, -1.000000
0.670000, 0.090000, 2.900001, 0.214238, 0.224904, -1.000000, 0.407577, -1.000000, 0.228497, -1.000000, 0.245495, -1.000000
0.670000, 0.100000, 2.890001, 0.221000, 0.227215, -1.000000, 0.407387, -1.000000, 0.230735, -1.000000, 0.247848, -1.000000
0.670000, 0.110000, 2.880001, 0.227688, 0.229543, -1.000000, 0.407196, -1.000000, 0.232989, -1.000000, 0.250216, -1.000000
0.670000, 0.120000, 2.870001, 0.234300, 0.231887, -1.000000, 0.407006, -1.000000, 0.235257, -1.000000, 0.252599, -1.000000
0.670000, 0.130000, 2.860001, 0.240838, 0.234247, -1.000000, 0.406815, -1.000000, 0.237541, -1.000000, 0.254997, -1.000000
0.670000, 0.140000, 2.850001, 0.247300, 0.236625, -1.000000, 0.406625, -1.000000, 0.239840, -1.000000, 0.257410, -1.000000
0.670000, 0.150000, 2.840001, 0.253688, 0.239019, -1.000000, 0.406434, -1.000000, 0.242155, -1.000000, 0.259838, -1.000000
0.670000, 0.160000, 2.830001, 0.260000, 0.241429, -1.000000, 0.406244, -1.000000, 0.244484, -1.000000, 0.262281, -1.000000
0.670000, 0.170000, 2.820001, 0.266238, 0.243856, -1.000000, 0.406054, -1.000000, 0.246829, -1.000000, 0.264738, -1.000000
0.670000, 0.180000, 2.810001, 0.272400, 0.246300, -1.000000, 0.405863, -1.000000, 0.249188, -1.000000, 0.267210, -1.000000
0.670000, 0.190000, 2.800001, 0.278488, 0.248760, -1.000000, 0.405673, -1.000000, 0.251563, -1.000000, 0.269697, -1.000000
0.670000, 0.200000, 2.790001, 0.284500, 0.251236, -1.000000, 0.405483, -1.000000, 0.253952, -1.000000, 0.272199, -1.000000
0.670000, 0.210000, 2.780001, 0.290438, 0.253729, -1.000000, 0.405292, -1.000000, 0.256357, -1.000000, 0.274714, -1.000000
0.670000, 0.220000, 2.770001, 0.296300, 0.256238, -1.000000, 0.405102, -1.000000, 0.258776, -1.000000, 0.277244, -1.000000
0.670000, 0.230000, 2.760001, 0.302088, 0.258763, -1.000000, 0.404912, -1.000000, 0.261210, -1.000000, 0.279789, -1.000000
0.670000, 0.240000, 2.750001, 0.307800, 0.261304, -1.000000, 0.404722, -1.000000, 0.263659, -1.000000, 0.282348, -1.000000
0.670000, 0.250000, 2.740001, 0.313438, 0.263862, -1.000000, 0.404532, -1.000000, 0.266123, -1.000000, 0.284921, -1.000000
0.670000, 0.260000, 2.730001, 0.319000, 0.266435, -1.000000, 0.404342, -1.000000, 0.268601, -1.000000, 0.287508, -1.000000
0.670000, 0.270000, 2.720001, 0.324488, 0.269025, -1.000000, 0.404151, -1.000000, 0.271094, -1.000000, 0.290108, -1.000000
0.670000, 0.280000, 2.710001, 0.329900, 0.271630, -1.000000, 0.403961, -1.000000, 0.273602, -1.000000, 0.292723, -1.000000
0.670000, 0.290000, 2.700001, 0.335238, 0.274251, -1.000000, 0.403771, -1.000000, 0.276123, -1.000000, 0.295352, -1.000000
0.670000, 0.300000, 2.690001, 0.340500, 0.276887, -1.000000, 0.403581, -1.000000, 0.278659, -1.000000, 0.297994, -1.000000
0.670000, 0.310000, 2.680001, 0.345688, 0.279539, -1.000000, 0.403391, -1.000000, 0.281209, -1.000000, 0.300649, -1.000000
0.670000, 0.320000, 2.670001, 0.350800, 0.282207, -1.000000, 0.403201, -1.000000, 0.283774, -1.000000, 0.303319, -1.000000
0.670000, 0.330000, 2.660001, 0.355838, 0.284890, -1.000000, 0.403012, -1.000000, 0.286352, -1.000000, 0.306001, -1.000000
0.670000, 0.340000, 2.650001, 0.360800, 0.287588, -1.000000, 0.402822, -1.000000, 0.288945, -1.000000, 0.308697, -1.000000
0.670000, 0.350000, 2.640001, 0.365688, 0.290302, -1.000000, 0.402632, -1.000000, 0.291551, -1.000000, 0.311406, -1.000000
0.670000, 0.360000, 2.630001, 0.370500, 0.293031, -1.000000, 0.402442, -1.000000, 0.294171, -1.000000, 0.314127, -1.000000
0.670000, 0.370000, 2.620001, 0.375238, 0.295774, -1.000000, 0.402252, -1.000000, 0.296805, -1.000000, 0.316862, -1.000000
0.670000, 0.380000, 2.610001, 0.379900, 0.298532, -1.000000, 0.402062, -1.000000, 0.299453, -1.000000, 0.319609, -1.000000
0.670000, 0.390000, 2.600001, 0.384488, 0.301306, -1.000000, 0.401873, -1.000000, 0.302114, -1.000000, 0.322369, -1.000000
0.670000, 0.400000, 2.590001, 0.389000, 0.304093, -1.000000, 0.401683, -1.000000, 0.304788, -1.000000, 0.325141, -1.000000
0.670000, 0.410000, 2.580001, 0.393438, 0.306895, -1.000000, 0.401493, -1.000000, 0.307475, -1.000000, 0.327926, -1.000000
0.670000, 0.420000, 2.570001, 0.397800, 0.309712, -1.000000, 0.401304, -1.000000, 0.310176, -1.000000, 0.330723, -1.000000
0.670000, 0.430000, 2.560001, 0.402088, 0.312543, -1.000000, 0.401114, -1.000000, 0.312889, -1.000000, 0.333532, -1.000000
0.670000, 0.440000, 2.550001, 0.406300, 0.315387, -1.000000, 0.400924, -1.000000, 0.315616, -1.000000, 0.336352, -1.000000
0.670000, 0.450000, 2.540001, 0.410438, 0.318246, -1.000000, 0.400735, -1.000000, 0.318355, -1.000000, 0.339185, -1.000000
0.670000, 0.460000, 2.530001, 0.414500, 0.321118, -1.000000, 0.400545, -1.000000, 0.321107, -1.000000, 0.342029, -1.000000
0.670000, 0.470000, 2.520001, 0.418488, 0.324004, -1.000000, 0.400356, -1.000000, 0.323871, -1.000000, 0.344884, -1.000000
0.670000, 0.480000, 2.510001, 0.422400, 0.326125, -1.000000, 0.400166, -1.000000, 0.326648, -1.000000, 0.347751, -1.000000
0.670000, 0.490000, 2.500001, 0.426238, 0.328126, -1.000000, 0.399977, -1.000000, 0.329437, -1.000000, 0.350628, -1.000000
0.670000, 0.500000, 2.490001, 0.430000, 0.330134, -1.000000, 0.399788, -1.000000, 0.332238, -1.000000, 0.353517, -1.000000
0.670000, 0.510000, 2.480001, 0.433688, 0.332148, -1.000000, 0.399598, -1.000000, 0.335051, -1.000000, 0.356416, -1.000000
0.670000, 0.520000, 2.470001, 0.437300, 0.334168, -1.000000, 0.399409, -1.000000, 0.337875, -1.000000, 0.359326, -1.000000
0.670000, 0.530000, 2.460001, 0.440838, 0.336194, -1.000000, 0.399220, -1.000000, 0.340712, -1.000000, 0.362246, -1.000000
0.670000, 0.540000, 2.450001, 0.444300, 0.338226, -1.000000, 0.399030, -1.000000, 0.343559, -1.000000, 0.365177, -1.000000
0.670000, 0.550000, 2.440001, 0.447688, 0.340264, -1.000000, 0.398841, -1.000000, 0.346418, -1.000000, 0.368117, -1.000000
0.670000, 0.560000, 2.430001, 0.451000, 0.342308, -1.000000, 0.398652, -1.000000, 0.349289, -1.000000, 0.371067, -1.000000
0.670000, 0.570000, 2.420001, 0.454238, 0.344358, -1.000000, 0.398463, -1.000000, 0.352170, -1.000000, 0.374027, -1.000000
0.670000, 0.580000, 2.410001, 0.457400, 0.346414, -1.000000, 0.398273, -1.000000, 0.355062, -1.000000, 0.376997, -1.000000
0.670000, 0.590000, 2.400001, 0.460488, 0.348475, -1.000000, 0.398084, -1.000000, 0.357964, -1.000000, 0.379975, -1.000000
0.670000, 0.600000, 2.390001, 0.463500, 0.350542, -1.000000, 0.397895, -1.000000, 0.360877, -1.000000, 0.382963, -1.000000
0.670000, 0.610000, 2.380001, 0.466438, 0.352307, -1.000000, 0.397706, -1.000000, 0.363800, -1.000000, 0.385960, -1.000000
0.670000, 0.620000, 2.370001, 0.469300, 0.352344, -1.000000, 0.397517, -1.000000, 0.366734, -1.000000, 0.388965, -1.000000
0.670000, 0.630000, 2.360001, 0.472088, 0.352382, -1.000000, 0.397328, -1.000000, 0.367268, -1.000000, 0.391979, -1.000000
0.670000, 0.640000, 2.350001, 0.474800, 0.352419, -1.000000, 0.397139, -1.000000, 0.367252, -1.000000, 0.392298, -1.000000
0.670000, 0.650000, 2.340001, 0.477438, 0.352457, -1.000000, 0.396950, -1.000000, 0.367235, -1.000000, 0.392298, -1.000000
0.670000, 0.660000, 2.330001, 0.480000, 0.352495, -1.000000, 0.396761, -1.000000, 0.367218, -1.000000, 0.392298, -1.000000
0.670000, 0.670000, 2.320001, 0.482488, 0.352532, -1.000000, 0.396572, -1.000000, 0.367202, -1.000000, 0.392298, -1.000000
0.670000, 0.680000, 2.310001, 0.484900, 0.352570, -1.000000, 0.396383, -1.000000, 0.367185, -1.000000, 0.392298, -1.000000
0.670000, 0.690000, 2.300001, 0.487238, 0.352607, -1.000000, 0.396195, -1.000000, 0.367169, -1.000000, 0.392298, -1.000000
0.670000, 0.700000, 2.290001, 0.489500, 0.352645, -1.000000, 0.396006, -1.000000, 0.367152, -1.000000, 0.392298, -1.000000
0.670000, 0.710000, 2.280001, 0.491688, 0.352683, -1.000000, 0.395817, -1.000000, 0.367135, -1.000000, 0.392298, -1.000000
0.670000, 0.720000, 2.270001, 0.493800, 0.352720, -1.000000, 0.395628, -1.000000, 0.367119, -1.000000, 0.392298, -1.000000
0.670000, 0.730000, 2.260001, 0.495838, 0.352758, -1.000000, 0.395440, -1.000000, 0.367102, -1.000000, 0.392298, -1.000000
0.670000, 0.740000, 2.250001, 0.497800, 0.352795, -1.000000, 0.395251, -1.000000, 0.367086, -1.000000, 0.392298, -1.000000
0.670000, 0.750000, 2.240001, 0.499688, 0.352833, -1.000000, 0.395062, -1.000000, 0.367020, -1.000000, 0.392298, -1.000000
0.670000, 0.760000, 2.230001, 0.501500, 0.352870, -1.000000, 0.394874, -1.000000, 0.366938, -1.000000, 0.392298, -1.000000
0.670000, 0.770000, 2.220001, 0.503238, 0.352908, -1.000000, 0.394685, -1.000000, 0.366855, -1.000000, 0.392298, -1.000000
0.670000, 0.780000, 2.210001, 0.504900, 0.352946, -1.000000, 0.394497, -1.000000, 0.366773, -1.000000, 0.392298, -1.000000
0.670000, 0.790000, 2.200001, 0.506488, 0.352983, -1.000000, 0.394308, -1.000000, 0.366691, -1.000000, 0.392298, -1.000000
0.670000, 0.800000, 2.190001, 0.508000, 0.353021, -1.000000, 0.394120, -1.000000, 0.366608, -1.000000, 0.392298, -1.000000
0.670000, 0.810000, 2.180001, 0.509438, 0.353058, -1.000000, 0.393931, -1.000000, 0.366526, -1.000000, 0.392298, -1.000000
0.670000, 0.820000, 2.170002, 0.510800, 0.353096, -1.000000, 0.393743, -1.000000, 0.366444, -1.000000, 0.392298, -1.000000
0.670000, 0.830000, 2.160002, 0.512088, 0.353134, -1.000000, 0.393554, -1.000000, 0.366362, -1.000000, 0.392298, -1.000000
0.670000, 0.839999, 2.150002, 0.513300, 0.353171, -1.000000, 0.393366, -1.000000, 0.366279, -1.000000, 0.392296, -1.000000
0.670000, 0.849999, 2.140002, 0.514438, 0.353209, -1.000000, 0.393178, -1.000000, 0.366197, -1.000000, 0.392292, -1.000000
0.670000, 0.859999, 2.130002, 0.515500, 0.353247, -1.000000, 0.392989, -1.000000, 0.366115, -1.000000, 0.392288, -1.000000
0.670000, 0.869999, 2.120002, 0.516488, 0.353284, -1.000000, 0.392801, -1.000000, 0.366032, -1.000000, 0.392284, -1.000000
0.670000, 0.879999, 2.110002, 0.517400, 0.353322, -1.000000, 0.392613, -1.000000, 0.365950, -1.000000, 0.392280, -1.000000
0.670000, 0.889999, 2.100002, 0.518238, 0.353359, -1.000000, 0.392425, -1.000000, 0.365868, -1.000000, 0.392276, -1.000000
0.670000, 0.899999, 2.090002, 0.519000, 0.353397, -1.000000, 0.392236, -1.000000, 0.365786, -1.000000, 0.392272, -1.000000
0.670000, 0.909999, 2.080002, 0.519688, 0.353435, -1.000000, 0.392048, -1.000000, 0.365703, -1.000000, 0.392268, -1.000000
0.670000, 0.919999, 2.070002, 0.520300, 0.353472, -1.000000, 0.391860, -1.000000, 0.365621, -1.000000, 0.392264, -1.000000
0.670000, 0.929999, 2.060002, 0.520838, 0.353510, -1.000000, 0.391672, -1.000000, 0.365539, -1.000000, 0.392260, -1.000000
0.670000, 0.939999, 2.050002, 0.521300, 0.353548, -1.000000, 0.391484, -1.000000, 0.365457, -1.000000, 0.392256, -1.000000
0.670000, 0.949999, 2.040002, 0.521688, 0.353585, -1.000000, 0.391296, -1.000000, 0.365375, -1.000000, 0.392252, -1.000000
0.670000, 0.959999, 2.030002, 0.522000, 0.353623, -1.000000, 0.391108, -1.000000, 0.365292, -1.000000, 0.392248, -1.000000
0.670000, 0.969999, 2.020002, 0.522238, 0.353660, -1.000000, 0.390920, -1.000000, 0.365210, -1.000000, 0.392244, -1.000000
0.670000, 0.979999, 2.010002, 0.522400, 0.353698, -1.000000, 0.390732, -1.000000, 0.365128, -1.000000, 0.392240, -1.000000
0.670000, 0.989999, 2.000002, 0.522488, 0.353736, -1.000000, 0.390544, -1.000000, 0.365046, -1.000000, 0.392236, -1.000000
0.670000, 0.999999, 1.990002, 0.522500, 0.353773, -1.000000, 0.390356, -1.000000, 0.364964, -1.000000, 0.392232, -1.000000
0.680000, 0.000000, 2.960001, 0.150000, 0.204707, 0.732912, 0.409404, 0.996162, 0.208951, 0.806332, 0.224661, 0.992255
0.680000, 0.010000, 2.950001, 0.157363, 0.206865, -1.000000, 0.409213, -1.000000, 0.211050, -1.000000, 0.226874, -1.000000
0.680000, 0.020000, 2.940001, 0.164650, 0.209041, -1.000000, 0.409022, -1.000000, 0.213164, -1.000000, 0.229103, -1.000000
0.680000, 0.030000, 2.930001, 0.171863, 0.211233, -1.000000, 0.408832, -1.000000, 0.215294, -1.000000, 0.231347, -1.000000
0.680000, 0.040000, 2.920001, 0.179000, 0.213442, -1.000000, 0.408641, -1.000000, 0.217439, -1.000000, 0.233606, -1.000000
0.680000, 0.050000, 2.910001, 0.186063, 0.215667, -1.000000, 0.408450, -1.000000, 0.219600, -1.000000, 0.235881, -1.000000
0.680000, 0.060000, 2.900001, 0.193050, 0.217910, -1.000000, 0.408259, -1.000000, 0.221776, -1.000000, 0.238171, -1.000000
0.680000, 0.070000, 2.890001, 0.199963, 0.220169, -1.000000, 0.408069, -1.000000, 0.223967, -1.000000, 0.240476, -1.000000
0.680000, 0.080000, 2.880001, 0.206800, 0.222445, -1.000000, 0.407878, -1.000000, 0.226174, -1.000000, 0.242796, -1.000000
0.680000, 0.090000, 2.870001, 0.213563, 0.224738, -1.000000, 0.407688, -1.000000, 0.228396, -1.000000, 0.245132, -1.000000
0.680000, 0.100000, 2.860001, 0.220250, 0.227047, -1.000000, 0.407497, -1.000000, 0.230633, -1.000000, 0.247483, -1.000000
0.680000, 0.110000, 2.850001, 0.226863, 0.229374, -1.000000, 0.407306, -1.000000, 0.232886, -1.000000, 0.249848, -1.000000
0.680000, 0.120000, 2.840001, 0.233400, 0.231716, -1.000000, 0.407116, -1.000000, 0.235153, -1.000000, 0.252229, -1.000000
0.680000, 0.130000, 2.830001, 0.239863, 0.234076, -1.000000, 0.406925, -1.000000, 0.237437, -1.000000, 0.254625, -1.000000
0.680000, 0.140000, 2.820001, 0.246250, 0.236452, -1.000000, 0.406735, -1.000000, 0.239735, -1.000000, 0.257036, -1.000000
0.680000, 0.150000, 2.810001, 0.252563, 0.238845, -1.000000, 0.406544, -1.000000, 0.242049, -1.000000, 0.259461, -1.000000
0.680000, 0.160000, 2.800001, 0.258800, 0.241254, -1.000000, 0.406354, -1.000000, 0.244377, -1.000000, 0.261902, -1.000000
0.680000, 0.170000, 2.790001, 0.264963, 0.243680, -1.000000, 0.406164, -1.000000, 0.246721, -1.000000, 0.264357, -1.000000
0.680000, 0.180000, 2.780001, 0.271050, 0.246123, -1.000000, 0.405973, -1.000000, 0.249080, -1.000000, 0.266827, -1.000000
0.680000, 0.190000, 2.770001, 0.277063, 0.248581, -1.000000, 0.405783, -1.000000, 0.251454, -1.000000, 0.269311, -1.000000
0.680000, 0.200000, 2.760001, 0.283000, 0.251057, -1.000000, 0.405593, -1.000000, 0.253843, -1.000000, 0.271810, -1.000000
0.680000, 0.210000, 2.750001, 0.288863, 0.253548, -1.000000, 0.405402, -1.000000, 0.256247, -1.000000, 0.274324, -1.000000
0.680000, 0.220000, 2.740001, 0.294650, 0.256056, -1.000000, 0.405212, -1.000000, 0.258666, -1.000000, 0.276852, -1.000000
0.680000, 0.230000, 2.730001, 0.300363, 0.258580, -1.000000, 0.405022, -1.000000, 0.261099, -1.000000, 0.279394, -1.000000
0.680000, 0.240000, 2.720001, 0.306000, 0.261120, -1.000000, 0.404832, -1.000000, 0.263547, -1.000000, 0.281951, -1.000000
0.680000, 0.250000, 2.710001, 0.311563, 0.263676, -1.000000, 0.404642, -1.000000, 0.266010, -1.000000, 0.284521, -1.000000
0.680000, 0.260000, 2.700001, 0.317050, 0.266248, -1.000000, 0.404451, -1.000000, 0.268488, -1.000000, 0.287106, -1.000000
0.680000, 0.270000, 2.690001, 0.322463, 0.268837, -1.000000, 0.404261, -1.000000, 0.270980, -1.000000, 0.289705, -1.000000
0.680000, 0.280000, 2.680001, 0.327800, 0.271441, -1.000000, 0.404071, -1.000000, 0.273487, -1.000000, 0.292317, -1.000000
0.680000, 0.290000, 2.670001, 0.333063, 0.274060, -1.000000, 0.403881, -1.000000, 0.276008, -1.000000, 0.294944, -1.000000
0.680000, 0.300000, 2.660001, 0.338250, 0.276696, -1.000000, 0.403691, -1.000000, 0.278543, -1.000000, 0.297584, -1.000000
0.680000, 0.310000, 2.650001, 0.343363, 0.279347, -1.000000, 0.403501, -1.000000, 0.281093, -1.000000, 0.300237, -1.000000
0.680000, 0.320000, 2.640001, 0.348400, 0.282013, -1.000000, 0.403311, -1.000000, 0.283657, -1.000000, 0.302905, -1.000000
0.680000, 0.330000, 2.630001, 0.353363, 0.284695, -1.000000, 0.403121, -1.000000, 0.286235, -1.000000, 0.305585, -1.000000
0.680000, 0.340000, 2.620001, 0.358250, 0.287393, -1.000000, 0.402931, -1.000000, 0.288826, -1.000000, 0.308279, -1.000000
0.680000, 0.350000, 2.610001, 0.363063, 0.290105, -1.000000, 0.402742, -1.000000, 0.291432, -1.000000, 0.310985, -1.000000
0.680000, 0.360000, 2.600001, 0.367800, 0.292832, -1.000000, 0.402552, -1.000000, 0.294052, -1.000000, 0.313705, -1.000000
0.680000, 0.370000, 2.590001, 0.372463, 0.295575, -1.000000, 0.402362, -1.000000, 0.296685, -1.000000, 0.316438, -1.000000
0.680000, 0.380000, 2.580001, 0.377050, 0.298332, -1.000000, 0.402172, -1.000000, 0.299332, -1.000000, 0.319183, -1.000000
0.680000, 0.390000, 2.570001, 0.381563, 0.301104, -1.000000, 0.401982, -1.000000, 0.301992, -1.000000, 0.321941, -1.000000
0.680000, 0.400000, 2.560001, 0.386000, 0.303891, -1.000000, 0.401793, -1.000000, 0.304666, -1.000000, 0.324711, -1.000000
0.680000, 0.410000, 2.550001, 0.390363, 0.306692, -1.000000, 0.401603, -1.000000, 0.307352, -1.000000, 0.327494, -1.000000
0.680000, 0.420000, 2.540001, 0.394650, 0.309508, -1.000000, 0.401413, -1.000000, 0.310052, -1.000000, 0.330289, -1.000000
0.680000, 0.430000, 2.530001, 0.398863, 0.312337, -1.000000, 0.401224, -1.000000, 0.312765, -1.000000, 0.333096, -1.000000
0.680000, 0.440000, 2.520001, 0.403000, 0.315181, -1.000000, 0.401034, -1.000000, 0.315491, -1.000000, 0.335915, -1.000000
0.680000, 0.450000, 2.510001, 0.407063, 0.318039, -1.000000, 0.400845, -1.000000, 0.318230, -1.000000, 0.338745, -1.000000
0.680000, 0.460000, 2.500001, 0.411050, 0.320910, -1.000000, 0.400655, -1.000000, 0.320981, -1.000000, 0.341588, -1.000000
0.680000, 0.470000, 2.490001, 0.414963, 0.323795, -1.000000, 0.400465, -1.000000, 0.323745, -1.000000, 0.344441, -1.000000
0.680000, 0.480000, 2.480001, 0.418800, 0.325830, -1.000000, 0.400276, -1.000000, 0.326521, -1.000000, 0.347306, -1.000000
0.680000, 0.490000, 2.470001, 0.422563, 0.327830, -1.000000, 0.400087, -1.000000, 0.329310, -1.000000, 0.350182, -1.000000
0.680000, 0.500000, 2.460001, 0.426250, 0.329837, -1.000000, 0.399897, -1.000000, 0.332110, -1.000000, 0.353069, -1.000000
0.680000, 0.510000, 2.450001, 0.429863, 0.331850, -1.000000, 0.399708, -1.000000, 0.334922, -1.000000, 0.355967, -1.000000
0.680000, 0.520000, 2.440001, 0.433400, 0.333869, -1.000000, 0.399518, -1.000000, 0.337746, -1.000000, 0.358875, -1.000000
0.680000, 0.530000, 2.430001, 0.436863, 0.335894, -1.000000, 0.399329, -1.000000, 0.340582, -1.000000, 0.361793, -1.000000
0.680000, 0.540000, 2.420001, 0.440250, 0.337925, -1.000000, 0.399140, -1.000000, 0.343429, -1.000000, 0.364722, -1.000000
0.680000, 0.550000, 2.410001, 0.443563, 0.339963, -1.000000, 0.398950, -1.000000, 0.346288, -1.000000, 0.367661, -1.000000
0.680000, 0.560000, 2.400001, 0.446800, 0.342006, -1.000000, 0.398761, -1.000000, 0.349157, -1.000000, 0.370610, -1.000000
0.680000, 0.570000, 2.390001, 0.449963, 0.344055, -1.000000, 0.398572, -1.000000, 0.352038, -1.000000, 0.373569, -1.000000
0.680000, 0.580000, 2.380001, 0.453050, 0.346110, -1.000000, 0.398383, -1.000000, 0.354929, -1.000000, 0.376536, -1.000000
0.680000, 0.590000, 2.370001, 0.456063, 0.348170, -1.000000, 0.398194, -1.000000, 0.357831, -1.000000, 0.379514, -1.000000
0.680000, 0.600000, 2.360001, 0.459000, 0.350237, -1.000000, 0.398005, -1.000000, 0.360744, -1.000000, 0.382500, -1.000000
0.680000, 0.610000, 2.350001, 0.461863, 0.352288, -1.000000, 0.397815, -1.000000, 0.363667, -1.000000, 0.385495, -1.000000
0.680000, 0.620000, 2.340001, 0.464650, 0.352325, -1.000000, 0.397626, -1.000000, 0.366600, -1.000000, 0.388499, -1.000000
0.680000, 0.630000, 2.330001, 0.467363, 0.352363, -1.000000, 0.397437, -1.000000, 0.367193, -1.000000, 0.391512, -1.000000
0.680000, 0.640000, 2.320001, 0.470000, 0.352401, -1.000000, 0.397248, -1.000000, 0.367177, -1.000000, 0.392298, -1.000000
0.680000, 0.650000, 2.310001, 0.472563, 0.352438, -1.000000, 0.397059, -1.000000, 0.367160, -1.000000, 0.392298, -1.000000
0.680000, 0.660000, 2.300001, 0.475050, 0.352476, -1.000000, 0.396870, -1.000000, 0.367143, -1.000000, 0.392298, -1.000000
0.680000, 0.670000, 2.290001, 0.477463, 0.352513, -1.000000, 0.396682, -1.000000, 0.367127, -1.000000, 0.392298, -1.000000
0.680000, 0.680000, 2.280001, 0.479800, 0.352551, -1.000000, 0.396493, -1.000000, 0.367110, -1.000000, 0.392298, -1.000000
0.680000, 0.690000, 2.270001, 0.482063, 0.352588, -1.000000, 0.396304, -1.000000, 0.367094, -1.000000, 0.392298, -1.000000
0.680000, 0.700000, 2.260001, 0.484250, 0.352626, -1.000000, 0.396115, -1.000000, 0.367077, -1.000000, 0.392298, -1.000000
0.680000, 0.710000, 2.250001, 0.486363, 0.352664, -1.000000, 0.395926, -1.000000, 0.367060, -1.000000, 0.392298, -1.000000
0.680000, 0.720000, 2.240001, 0.488400, 0.352701, -1.000000, 0.395737, -1.000000, 0.367044, -1.000000, 0.392298, -1.000000
0.680000, 0.730000, 2.230001, 0.490363, 0.352739, -1.000000, 0.395549, -1.000000, 0.367027, -1.000000, 0.392298, -1.000000
0.680000, 0.740000, 2.220001, 0.492250, 0.352776, -1.000000, 0.395360, -1.000000, 0.367011, -1.000000, 0.392298, -1.000000
0.680000, 0.750000, 2.210001, 0.494063, 0.352814, -1.000000, 0.395171, -1.000000, 0.366974, -1.000000, 0.392298, -1.000000
0.680000, 0.760000, 2.200001, 0.495800, 0.352852, -1.000000, 0.394983, -1.000000, 0.366892, -1.000000, 0.392298, -1.000000
0.680000, 0.770000, 2.190001, 0.497463, 0.352889, -1.000000, 0.394794, -1.000000, 0.366809, -1.000000, 0.392298, -1.000000
0.680000, 0.780000, 2.180001, 0.499050, 0.352927, -1.000000, 0.394606, -1.000000, 0.366727, -1.000000, 0.392298, -1.000000
0.680000, 0.790000, 2.170002, 0.500563, 0.352964, -1.000000, 0.394417, -1.000000, 0.366645, -1.000000, 0.392298, -1.000000
0.680000, 0.800000, 2.160002, 0.502000, 0.353002, -1.000000, 0.394228, -1.000000, 0.366562, -1.000000, 0.392298, -1.000000
0.680000, 0.810000, 2.150002, 0.503363, 0.353040, -1.000000, 0.394040, -1.000000, 0.366480, -1.000000, 0.392295, -1.000000
0.680000, 0.820000, 2.140002, 0.504650, 0.353077, -1.000000, 0.393852, -1.000000, 0.366398, -1.000000, 0.392291, -1.000000
0.680000, 0.830000, 2.130002, 0.505863, 0.353115, -1.000000, 0.393663, -1.000000, 0.366315, -1.000000, 0.392287, -1.000000
0.680000, 0.839999, 2.120002, 0.507000, 0.353152, -1.000000, 0.393475, -1.000000, 0.366233, -1.000000, 0.392283, -1.000000
0.680000, 0.849999, 2.110002, 0.508063, 0.353190, -1.000000, 0.393286, -1.000000, 0.366151, -1.000000, 0.392279, -1.000000
0.680000, 0.859999, 2.100002, 0.509050, 0.353228, -1.000000, 0.393098, -1.000000, 0.366069, -1.000000, 0.392275, -1.000000
0.680000, 0.869999, 2.090002, 0.509963, 0.353265, -1.000000, 0.392910, -1.000000, 0.365986, -1.000000, 0.392271, -1.000000
0.680000, 0.879999, 2.080002, 0.510800, 0.353303, -1.000000, 0.392722, -1.000000, 0.365904, -1.000000, 0.392267, -1.000000
0.680000, 0.889999, 2.070002, 0.511563, 0.353341, -1.000000, 0.392533, -1.000000, 0.365822, -1.000000, 0.392263, -1.000000
0.680000, 0.899999, 2.060002, 0.512250, 0.353378, -1.000000, 0.392345, -1.000000, 0.365739, -1.000000, 0.392259, -1.000000
0.680000, 0.909999, 2.050002, 0.512863, 0.353416, -1.000000, 0.392157, -1.000000, 0.365657, -1.000000, 0.392255, -1.000000
0.680000, 0.919999, 2.040002, 0.513400, 0.353453, -1.000000, 0.391969, -1.000000, 0.365575, -1.000000, 0.392251, -1.000000
0.680000, 0.929999, 2.030002, 0.513863, 0.353491, -1.000000, 0.391781, -1.000000, 0.365493, -1.000000, 0.392247, -1.000000
0.680000, 0.939999, 2.020002, 0.514250, 0.353529, -1.000000, 0.391593, -1.000000, 0.365411, -1.000000, 0.392243, -1.000000
0.680000, 0.949999, 2.010002, 0.514563, 0.353566, -1.000000, 0.391405, -1.000000, 0.365328, -1.000000, 0.392239, -1.000000
0.680000, 0.959999, 2.000002, 0.514800, 0.353604, -1.000000, 0.391217, -1.000000, 0.365246, -1.000000, 0.392236, -1.000000
0.680000, 0.969999, 1.990002, 0.514963, 0.353642, -1.000000, 0.391029, -1.000000, 0.365164, -1.000000, 0.392232, -1.000000
0.680000, 0.979999, 1.980002, 0.515050, 0.353679, -1.000000, 0.390841, -1.000000, 0.365082, -1.000000, 0.392228, -1.000000
0.680000, 0.989999, 1.970002, 0.515063, 0.353717, -1.000000, 0.390653, -1.000000, 0.365000, -1.000000, 0.392224, -1.000000
0.680000, 0.999999, 1.960002, 0.515000, 0.353755, -1.000000, 0.390465, -1.000000, 0.364918, -1.000000, 0.392220, -1.000000
0.690000, 0.000000, 2.930001, 0.150000, 0.204551, 0.732911, 0.409514, 0.996175, 0.208855, 0.806332, 0.224319, 0.992379
0.690000, 0.010000, 2.920001, 0.157288, 0.206708, -1.000000, 0.409324, -1.000000, 0.210954, -1.000000, 0.226530, -1.000000
0.690000, 0.020000, 2.910001, 0.164500, 0.208882, -1.000000, 0.409133, -1.000000, 0.213067, -1.000000, 0.228757, -1.000000
0.690000, 0.030000, 2.900001, 0.171638, 0.211073, -1.000000, 0.408942, -1.000000, 0.215196, -1.000000, 0.230998, -1.000000
0.690000, 0.040000, 2.890001, 0.178700, 0.213281, -1.000000, 0.408751, -1.000000, 0.217341, -1.000000, 0.233255, -1.000000
0.690000, 0.050000, 2.880001, 0.185688, 0.215506, -1.000000, 0.408560, -1.000000, 0.219501, -1.000000, 0.235528, -1.000000
0.690000, 0.060000, 2.870001, 0.192600, 0.217747, -1.000000, 0.408370, -1.000000, 0.221676, -1.000000, 0.237815, -1.000000
0.690000, 0.070000, 2.860001, 0.199438, 0.220005, -1.000000, 0.408179, -1.000000, 0.223867, -1.000000, 0.240118, -1.000000
0.690000, 0.080000, 2.850001, 0.206200, 0.222280, -1.000000, 0.407988, -1.000000, 0.226073, -1.000000, 0.242436, -1.000000
0.690000, 0.090000, 2.840001, 0.212888, 0.224571, -1.000000, 0.407798, -1.000000, 0.228294, -1.000000, 0.244769, -1.000000
0.690000, 0.100000, 2.830001, 0.219500, 0.226880, -1.000000, 0.407607, -1.000000, 0.230531, -1.000000, 0.247118, -1.000000
0.690000, 0.110000, 2.820001, 0.226038, 0.229205, -1.000000, 0.407417, -1.000000, 0.232782, -1.000000, 0.249481, -1.000000
0.690000, 0.120000, 2.810001, 0.232500, 0.231546, -1.000000, 0.407226, -1.000000, 0.235050, -1.000000, 0.251860, -1.000000
0.690000, 0.130000, 2.800001, 0.238888, 0.233905, -1.000000, 0.407036, -1.000000, 0.237332, -1.000000, 0.254253, -1.000000
0.690000, 0.140000, 2.790001, 0.245200, 0.236280, -1.000000, 0.406845, -1.000000, 0.239630, -1.000000, 0.256662, -1.000000
0.690000, 0.150000, 2.780001, 0.251438, 0.238671, -1.000000, 0.406655, -1.000000, 0.241943, -1.000000, 0.259085, -1.000000
0.690000, 0.160000, 2.770001, 0.257600, 0.241079, -1.000000, 0.406464, -1.000000, 0.244271, -1.000000, 0.261523, -1.000000
0.690000, 0.170000, 2.760001, 0.263688, 0.243504, -1.000000, 0.406274, -1.000000, 0.246614, -1.000000, 0.263976, -1.000000
0.690000, 0.180000, 2.750001, 0.269700, 0.245945, -1.000000, 0.406083, -1.000000, 0.248972, -1.000000, 0.266443, -1.000000
0.690000, 0.190000, 2.740001, 0.275638, 0.248403, -1.000000, 0.405893, -1.000000, 0.251345, -1.000000, 0.268926, -1.000000
0.690000, 0.200000, 2.730001, 0.281500, 0.250877, -1.000000, 0.405703, -1.000000, 0.253734, -1.000000, 0.271423, -1.000000
0.690000, 0.210000, 2.720001, 0.287288, 0.253367, -1.000000, 0.405512, -1.000000, 0.256137, -1.000000, 0.273934, -1.000000
0.690000, 0.220000, 2.710001, 0.293000, 0.255874, -1.000000, 0.405322, -1.000000, 0.258555, -1.000000, 0.276460, -1.000000
0.690000, 0.230000, 2.700001, 0.298638, 0.258397, -1.000000, 0.405132, -1.000000, 0.260988, -1.000000, 0.279000, -1.000000
0.690000, 0.240000, 2.690001, 0.304200, 0.260936, -1.000000, 0.404942, -1.000000, 0.263435, -1.000000, 0.281554, -1.000000
0.690000, 0.250000, 2.680001, 0.309688, 0.263491, -1.000000, 0.404752, -1.000000, 0.265898, -1.000000, 0.284122, -1.000000
0.690000, 0.260000, 2.670001, 0.315100, 0.266062, -1.000000, 0.404561, -1.000000, 0.268375, -1.000000, 0.286705, -1.000000
0.690000, 0.270000, 2.660001, 0.320438, 0.268649, -1.000000, 0.404371, -1.000000, 0.270866, -1.000000, 0.289302, -1.000000
0.690000, 0.280000, 2.650001, 0.325700, 0.271252, -1.000000, 0.404181, -1.000000, 0.273372, -1.000000, 0.291912, -1.000000
0.690000, 0.290000, 2.640001, 0.330888, 0.273870, -1.000000, 0.403991, -1.000000, 0.275893, -1.000000, 0.294536, -1.000000
0.690000, 0.300000, 2.630001, 0.336000, 0.276504, -1.000000, 0.403801, -1.000000, 0.278427, -1.000000, 0.297174, -1.000000
0.690000, 0.310000, 2.620001, 0.341038, 0.279154, -1.000000, 0.403611, -1.000000, 0.280976, -1.000000, 0.299826, -1.000000
0.690000, 0.320000, 2.610001, 0.346000, 0.281820, -1.000000, 0.403421, -1.000000, 0.283539, -1.000000, 0.302491, -1.000000
0.690000, 0.330000, 2.600001, 0.350888, 0.284501, -1.000000, 0.403231, -1.000000, 0.286117, -1.000000, 0.305169, -1.000000
0.690000, 0.340000, 2.590001, 0.355700, 0.287197, -1.000000, 0.403041, -1.000000, 0.288708, -1.000000, 0.307861, -1.000000
0.690000, 0.350000, 2.580001, 0.360438, 0.289908, -1.000000, 0.402851, -1.000000, 0.291313, -1.000000, 0.310566, -1.000000
0.690000, 0.360000, 2.570001, 0.365100, 0.292635, -1.000000, 0.402662, -1.000000, 0.293932, -1.000000, 0.313283, -1.000000
0.690000, 0.370000, 2.560001, 0.369688, 0.295376, -1.000000, 0.402472, -1.000000, 0.296564, -1.000000, 0.316014, -1.000000
0.690000, 0.380000, 2.550001, 0.374200, 0.298132, -1.000000, 0.402282, -1.000000, 0.299211, -1.000000, 0.318757, -1.000000
0.690000, 0.390000, 2.540001, 0.378638, 0.300903, -1.000000, 0.402092, -1.000000, 0.301870, -1.000000, 0.321513, -1.000000
0.690000, 0.400000, 2.530001, 0.383000, 0.303689, -1.000000, 0.401902, -1.000000, 0.304543, -1.000000, 0.324282, -1.000000
0.690000, 0.410000, 2.520001, 0.387288, 0.306489, -1.000000, 0.401713, -1.000000, 0.307230, -1.000000, 0.327063, -1.000000
0.690000, 0.420000, 2.510001, 0.391500, 0.309303, -1.000000, 0.401523, -1.000000, 0.309929, -1.000000, 0.329856, -1.000000
0.690000, 0.430000, 2.500001, 0.395638, 0.312132, -1.000000, 0.401333, -1.000000, 0.312641, -1.000000, 0.332661, -1.000000
0.690000, 0.440000, 2.490001, 0.399700, 0.314975, -1.000000, 0.401144, -1.000000, 0.315367, -1.000000, 0.335478, -1.000000
0.690000, 0.450000, 2.480001, 0.403688, 0.317831, -1.000000, 0.400954, -1.000000, 0.318105, -1.000000, 0.338306, -1.000000
0.690000, 0.460000, 2.470001, 0.407600, 0.320702, -1.000000, 0.400765, -1.000000, 0.320855, -1.000000, 0.341147, -1.000000
0.690000, 0.470000, 2.460001, 0.411438, 0.323542, -1.000000, 0.400575, -1.000000, 0.323619, -1.000000, 0.343999, -1.000000
0.690000, 0.480000, 2.450001, 0.415200, 0.325535, -1.000000, 0.400386, -1.000000, 0.326394, -1.000000, 0.346862, -1.000000
0.690000, 0.490000, 2.440001, 0.418888, 0.327534, -1.000000, 0.400196, -1.000000, 0.329182, -1.000000, 0.349736, -1.000000
0.690000, 0.500000, 2.430001, 0.422500, 0.329540, -1.000000, 0.400007, -1.000000, 0.331982, -1.000000, 0.352621, -1.000000
0.690000, 0.510000, 2.420001, 0.426038, 0.331552, -1.000000, 0.399817, -1.000000, 0.334794, -1.000000, 0.355517, -1.000000
0.690000, 0.520000, 2.410001, 0.429500, 0.333570, -1.000000, 0.399628, -1.000000, 0.337617, -1.000000, 0.358424, -1.000000
0.690000, 0.530000, 2.400001, 0.432888, 0.335595, -1.000000, 0.399439, -1.000000, 0.340452, -1.000000, 0.361341, -1.000000
0.690000, 0.540000, 2.390001, 0.436200, 0.337625, -1.000000, 0.399249, -1.000000, 0.343299, -1.000000, 0.364268, -1.000000
0.690000, 0.550000, 2.380001, 0.439438, 0.339661, -1.000000, 0.399060, -1.000000, 0.346157, -1.000000, 0.367206, -1.000000
0.690000, 0.560000, 2.370001, 0.442600, 0.341704, -1.000000, 0.398871, -1.000000, 0.349026, -1.000000, 0.370153, -1.000000
0.690000, 0.570000, 2.360001, 0.445688, 0.343752, -1.000000, 0.398681, -1.000000, 0.351906, -1.000000, 0.373110, -1.000000
0.690000, 0.580000, 2.350001, 0.448700, 0.345806, -1.000000, 0.398492, -1.000000, 0.354797, -1.000000, 0.376076, -1.000000
0.690000, 0.590000, 2.340001, 0.451638, 0.347866, -1.000000, 0.398303, -1.000000, 0.357699, -1.000000, 0.379052, -1.000000
0.690000, 0.600000, 2.330001, 0.454500, 0.349931, -1.000000, 0.398114, -1.000000, 0.360611, -1.000000, 0.382037, -1.000000
0.690000, 0.610000, 2.320001, 0.457288, 0.352002, -1.000000, 0.397925, -1.000000, 0.363533, -1.000000, 0.385031, -1.000000
0.690000, 0.620000, 2.310001, 0.460000, 0.352307, -1.000000, 0.397736, -1.000000, 0.366466, -1.000000, 0.388034, -1.000000
0.690000, 0.630000, 2.300001, 0.462638, 0.352344, -1.000000, 0.397547, -1.000000, 0.367118, -1.000000, 0.391045, -1.000000
0.690000, 0.640000, 2.290001, 0.465200, 0.352382, -1.000000, 0.397358, -1.000000, 0.367102, -1.000000, 0.392298, -1.000000
0.690000, 0.650000, 2.280001, 0.467688, 0.352419, -1.000000, 0.397169, -1.000000, 0.367085, -1.000000, 0.392298, -1.000000
0.690000, 0.660000, 2.270001, 0.470100, 0.352457, -1.000000, 0.396980, -1.000000, 0.367069, -1.000000, 0.392298, -1.000000
0.690000, 0.670000, 2.260001, 0.472438, 0.352494, -1.000000, 0.396791, -1.000000, 0.367052, -1.000000, 0.392298, -1.000000
0.690000, 0.680000, 2.250001, 0.474700, 0.352532, -1.000000, 0.396602, -1.000000, 0.367035, -1.000000, 0.392298, -1.000000
0.690000, 0.690000, 2.240001, 0.476888, 0.352570, -1.000000, 0.396413, -1.000000, 0.367019, -1.000000, 0.392298, -1.000000
0.690000, 0.700000, 2.230001, 0.479000, 0.352607, -1.000000, 0.396224, -1.000000, 0.367002, -1.000000, 0.392298, -1.000000
0.690000, 0.710000, 2.220001, 0.481038, 0.352645, -1.000000, 0.396035, -1.000000, 0.366985, -1.000000, 0.392298, -1.000000
0.690000, 0.720000, 2.210001, 0.483000, 0.352682, -1.000000, 0.395847, -1.000000, 0.366969, -1.000000, 0.392298, -1.000000
0.690000, 0.730000, 2.200001, 0.484888, 0.352720, -1.000000, 0.395658, -1.000000, 0.366952, -1.000000, 0.392298, -1.000000
0.690000, 0.740000, 2.190001, 0.486700, 0.352758, -1.000000, 0.395469, -1.000000, 0.366936, -1.000000, 0.392298, -1.000000
0.690000, 0.750000, 2.180001, 0.488438, 0.352795, -1.000000, 0.395280, -1.000000, 0.366919, -1.000000, 0.392298, -1.000000
0.690000, 0.760000, 2.170002, 0.490100, 0.352833, -1.000000, 0.395092, -1.000000, 0.366845, -1.000000, 0.392298, -1.000000
0.690000, 0.770000, 2.160002, 0.491688, 0.352870, -1.000000, 0.394903, -1.000000, 0.366763, -1.000000, 0.392298, -1.000000
0.690000, 0.780000, 2.150002, 0.493200, 0.352908, -1.000000, 0.394715, -1.000000, 0.366681, -1.000000, 0.392294, -1.000000
0.690000, 0.790000, 2.140002, 0.494638, 0.352946, -1.000000, 0.394526, -1.000000, 0.366598, -1.000000, 0.392290, -1.000000
0.690000, 0.800000, 2.130002, 0.496000, 0.352983, -1.000000, 0.394337, -1.000000, 0.366516, -1.000000, 0.392286, -1.000000
0.690000, 0.810000, 2.120002, 0.497288, 0.353021, -1.000000, 0.394149, -1.000000, 0.366434, -1.000000, 0.392282, -1.000000
0.690000, 0.820000, 2.110002, 0.498500, 0.353058, -1.000000, 0.393961, -1.000000, 0.366351, -1.000000, 0.392278, -1.000000
0.690000, 0.830000, 2.100002, 0.499638, 0.353096, -1.000000, 0.393772, -1.000000, 0.366269, -1.000000, 0.392274, -1.000000
0.690000, 0.839999, 2.090002, 0.500700, 0.353134, -1.000000, 0.393584, -1.000000, 0.366187, -1.000000, 0.392270, -1.000000
0.690000, 0.849999, 2.080002, 0.501688, 0.353171, -1.000000, 0.393395, -1.000000, 0.366105, -1.000000, 0.392266, -1.000000
0.690000, 0.859999, 2.070002, 0.502600, 0.353209, -1.000000, 0.393207, -1.000000, 0.366022, -1.000000, 0.392262, -1.000000
0.690000, 0.869999, 2.060002, 0.503438, 0.353246, -1.000000, 0.393019, -1.000000, 0.365940, -1.000000, 0.392258, -1.000000
0.690000, 0.879999, 2.050002, 0.504200, 0.353284, -1.000000, 0.392830, -1.000000, 0.365858, -1.000000, 0.392254, -1.000000
0.690000, 0.889999, 2.040002, 0.504888, 0.353322, -1.000000, 0.392642, -1.000000, 0.365776, -1.000000, 0.392250, -1.000000
0.690000, 0.899999, 2.030002, 0.505500, 0.353359, -1.000000, 0.392454, -1.000000, 0.365693, -1.000000, 0.392247, -1.000000
0.690000, 0.909999, 2.020002, 0.506038, 0.353397, -1.000000, 0.392266, -1.000000, 0.365611, -1.000000, 0.392243, -1.000000
0.690000, 0.919999, 2.010002, 0.506500, 0.353435, -1.000000, 0.392078, -1.000000, 0.365529, -1.000000, 0.392239, -1.000000
0.690000, 0.929999, 2.000002, 0.506888, 0.353472, -1.000000, 0.391890, -1.000000, 0.365447, -1.000000, 0.392235, -1.000000
0.690000, 0.939999, 1.990002, 0.507200, 0.353510, -1.000000, 0.391701, -1.000000, 0.365364, -1.000000, 0.392231, -1.000000
0.690000, 0.949999, 1.980002, 0.507438, 0.353547, -1.000000, 0.391513, -1.000000, 0.365282, -1.000000, 0.392227, -1.000000
0.690000, 0.959999, 1.970002, 0.507600, 0.353585, -1.000000, 0.391325, -1.000000, 0.365200, -1.000000, 0.392223, -1.000000
0.690000, 0.969999, 1.960002, 0.507688, 0.353623, -1.000000, 0.391137, -1.000000, 0.365118, -1.000000, 0.392219, -1.000000
0.690000, 0.979999, 1.950002, 0.507700, 0.353660, -1.000000, 0.390949, -1.000000, 0.365036, -1.000000, 0.392215, -1.000000
0.690000, 0.989999, 1.940002, 0.507638, 0.353698, -1.000000, 0.390762, -1.000000, 0.364954, -1.000000, 0.392211, -1.000000
0.690000, 0.999999, 1.930002, 0.507500, 0.353736, -1.000000, 0.390574, -1.000000, 0.364871, -1.000000, 0.392207, -1.000000
0.700000, 0.000000, 2.900001, 0.150000, 0.204395, 0.732910, 0.409625, 0.996188, 0.208760, 0.806332, 0.223978, 0.992501
0.700000, 0.010000, 2.890001, 0.157213, 0.206552, -1.000000, 0.409434, -1.000000, 0.210858, -1.000000, 0.226187, -1.000000
0.700000, 0.020000, 2.880001, 0.164350, 0.208724, -1.000000, 0.409243, -1.000000, 0.212971, -1.000000, 0.228411, -1.000000
0.700000, 0.030000, 2.870001, 0.171413, 0.210914, -1.000000, 0.409052, -1.000000, 0.215099, -1.000000, 0.230650, -1.000000
0.700000, 0.040000, 2.860001, 0.178400, 0.213121, -1.000000, 0.408861, -1.000000, 0.217243, -1.000000, 0.232905, -1.000000
0.700000, 0.050000, 2.850001, 0.185313, 0.215344, -1.000000, 0.408671, -1.000000, 0.219402, -1.000000, 0.235175, -1.000000
0.700000, 0.060000, 2.840001, 0.192150, 0.217584, -1.000000, 0.408480, -1.000000, 0.221576, -1.000000, 0.237460, -1.000000
0.700000, 0.070000, 2.830001, 0.198913, 0.219841, -1.000000, 0.408289, -1.000000, 0.223766, -1.000000, 0.239761, -1.000000
0.700000, 0.080000, 2.820001, 0.205600, 0.222114, -1.000000, 0.408099, -1.000000, 0.225972, -1.000000, 0.242076, -1.000000
0.700000, 0.090000, 2.810001, 0.212213, 0.224405, -1.000000, 0.407908, -1.000000, 0.228192, -1.000000, 0.244407, -1.000000
0.700000, 0.100000, 2.800001, 0.218750, 0.226712, -1.000000, 0.407717, -1.000000, 0.230428, -1.000000, 0.246753, -1.000000
0.700000, 0.110000, 2.790001, 0.225213, 0.229036, -1.000000, 0.407527, -1.000000, 0.232679, -1.000000, 0.249114, -1.000000
0.700000, 0.120000, 2.780001, 0.231600, 0.231376, -1.000000, 0.407336, -1.000000, 0.234946, -1.000000, 0.251490, -1.000000
0.700000, 0.130000, 2.770001, 0.237913, 0.233733, -1.000000, 0.407146, -1.000000, 0.237228, -1.000000, 0.253882, -1.000000
0.700000, 0.140000, 2.760001, 0.244150, 0.236107, -1.000000, 0.406955, -1.000000, 0.239525, -1.000000, 0.256288, -1.000000
0.700000, 0.150000, 2.750001, 0.250313, 0.238498, -1.000000, 0.406765, -1.000000, 0.241837, -1.000000, 0.258709, -1.000000
0.700000, 0.160000, 2.740001, 0.256400, 0.240904, -1.000000, 0.406574, -1.000000, 0.244164, -1.000000, 0.261145, -1.000000
0.700000, 0.170000, 2.730001, 0.262413, 0.243328, -1.000000, 0.406384, -1.000000, 0.246507, -1.000000, 0.263595, -1.000000
0.700000, 0.180000, 2.720001, 0.268350, 0.245768, -1.000000, 0.406193, -1.000000, 0.248864, -1.000000, 0.266061, -1.000000
0.700000, 0.190000, 2.710001, 0.274213, 0.248224, -1.000000, 0.406003, -1.000000, 0.251237, -1.000000, 0.268541, -1.000000
0.700000, 0.200000, 2.700001, 0.280000, 0.250697, -1.000000, 0.405813, -1.000000, 0.253624, -1.000000, 0.271035, -1.000000
0.700000, 0.210000, 2.690001, 0.285713, 0.253186, -1.000000, 0.405623, -1.000000, 0.256027, -1.000000, 0.273544, -1.000000
0.700000, 0.220000, 2.680001, 0.291350, 0.255692, -1.000000, 0.405432, -1.000000, 0.258444, -1.000000, 0.276068, -1.000000
0.700000, 0.230000, 2.670001, 0.296913, 0.258213, -1.000000, 0.405242, -1.000000, 0.260877, -1.000000, 0.278606, -1.000000
0.700000, 0.240000, 2.660001, 0.302400, 0.260751, -1.000000, 0.405052, -1.000000, 0.263323, -1.000000, 0.281158, -1.000000
0.700000, 0.250000, 2.650001, 0.307813, 0.263305, -1.000000, 0.404862, -1.000000, 0.265785, -1.000000, 0.283724, -1.000000
0.700000, 0.260000, 2.640001, 0.313150, 0.265875, -1.000000, 0.404671, -1.000000, 0.268261, -1.000000, 0.286304, -1.000000
0.700000, 0.270000, 2.630001, 0.318413, 0.268461, -1.000000, 0.404481, -1.000000, 0.270752, -1.000000, 0.288899, -1.000000
0.700000, 0.280000, 2.620001, 0.323600, 0.271063, -1.000000, 0.404291, -1.000000, 0.273258, -1.000000, 0.291507, -1.000000
0.700000, 0.290000, 2.610001, 0.328713, 0.273680, -1.000000, 0.404101, -1.000000, 0.275777, -1.000000, 0.294129, -1.000000
0.700000, 0.300000, 2.600001, 0.333750, 0.276313, -1.000000, 0.403911, -1.000000, 0.278311, -1.000000, 0.296765, -1.000000
0.700000, 0.310000, 2.590001, 0.338713, 0.278962, -1.000000, 0.403721, -1.000000, 0.280860, -1.000000, 0.299414, -1.000000
0.700000, 0.320000, 2.580001, 0.343600, 0.281626, -1.000000, 0.403531, -1.000000, 0.283422, -1.000000, 0.302077, -1.000000
0.700000, 0.330000, 2.570001, 0.348413, 0.284306, -1.000000, 0.403341, -1.000000, 0.285999, -1.000000, 0.304754, -1.000000
0.700000, 0.340000, 2.560001, 0.353150, 0.287001, -1.000000, 0.403151, -1.000000, 0.288589, -1.000000, 0.307443, -1.000000
0.700000, 0.350000, 2.550001, 0.357813, 0.289711, -1.000000, 0.402961, -1.000000, 0.291194, -1.000000, 0.310146, -1.000000
0.700000, 0.360000, 2.540001, 0.362400, 0.292437, -1.000000, 0.402771, -1.000000, 0.293812, -1.000000, 0.312862, -1.000000
0.700000, 0.370000, 2.530001, 0.366913, 0.295177, -1.000000, 0.402582, -1.000000, 0.296444, -1.000000, 0.315590, -1.000000
0.700000, 0.380000, 2.520001, 0.371350, 0.297932, -1.000000, 0.402392, -1.000000, 0.299090, -1.000000, 0.318332, -1.000000
0.700000, 0.390000, 2.510001, 0.375713, 0.300702, -1.000000, 0.402202, -1.000000, 0.301749, -1.000000, 0.321086, -1.000000
0.700000, 0.400000, 2.500001, 0.380000, 0.303487, -1.000000, 0.402012, -1.000000, 0.304421, -1.000000, 0.323852, -1.000000
0.700000, 0.410000, 2.490001, 0.384213, 0.306286, -1.000000, 0.401822, -1.000000, 0.307107, -1.000000, 0.326631, -1.000000
0.700000, 0.420000, 2.480001, 0.388350, 0.309099, -1.000000, 0.401633, -1.000000, 0.309806, -1.000000, 0.329422, -1.000000
0.700000, 0.430000, 2.470001, 0.392413, 0.311927, -1.000000, 0.401443, -1.000000, 0.312517, -1.000000, 0.332226, -1.000000
0.700000, 0.440000, 2.460001, 0.396400, 0.314768, -1.000000, 0.401253, -1.000000, 0.315242, -1.000000, 0.335041, -1.000000
0.700000, 0.450000, 2.450001, 0.400313, 0.317624, -1.000000, 0.401064, -1.000000, 0.317980, -1.000000, 0.337868, -1.000000
0.700000, 0.460000, 2.440001, 0.404150, 0.320493, -1.000000, 0.400874, -1.000000, 0.320730, -1.000000, 0.340706, -1.000000
0.700000, 0.470000, 2.430001, 0.407913, 0.323248, -1.000000, 0.400685, -1.000000, 0.323492, -1.000000, 0.343556, -1.000000
0.700000, 0.480000, 2.420001, 0.411600, 0.325240, -1.000000, 0.400495, -1.000000, 0.326267, -1.000000, 0.346418, -1.000000
0.700000, 0.490000, 2.410001, 0.415213, 0.327239, -1.000000, 0.400306, -1.000000, 0.329055, -1.000000, 0.349290, -1.000000
0.700000, 0.500000, 2.400001, 0.418750, 0.329244, -1.000000, 0.400116, -1.000000, 0.331854, -1.000000, 0.352174, -1.000000
0.700000, 0.510000, 2.390001, 0.422213, 0.331255, -1.000000, 0.399927, -1.000000, 0.334665, -1.000000, 0.355068, -1.000000
0.700000, 0.520000, 2.380001, 0.425600, 0.333272, -1.000000, 0.399737, -1.000000, 0.337488, -1.000000, 0.357973, -1.000000
0.700000, 0.530000, 2.370001, 0.428913, 0.335295, -1.000000, 0.399548, -1.000000, 0.340323, -1.000000, 0.360889, -1.000000
0.700000, 0.540000, 2.360001, 0.432150, 0.337325, -1.000000, 0.399359, -1.000000, 0.343169, -1.000000, 0.363814, -1.000000
0.700000, 0.550000, 2.350001, 0.435313, 0.339360, -1.000000, 0.399169, -1.000000, 0.346026, -1.000000, 0.366750, -1.000000
0.700000, 0.560000, 2.340001, 0.438400, 0.341402, -1.000000, 0.398980, -1.000000, 0.348895, -1.000000, 0.369696, -1.000000
0.700000, 0.570000, 2.330001, 0.441413, 0.343449, -1.000000, 0.398791, -1.000000, 0.351775, -1.000000, 0.372652, -1.000000
0.700000, 0.580000, 2.320001, 0.444350, 0.345502, -1.000000, 0.398602, -1.000000, 0.354665, -1.000000, 0.375617, -1.000000
0.700000, 0.590000, 2.310001, 0.447213, 0.347561, -1.000000, 0.398412, -1.000000, 0.357566, -1.000000, 0.378591, -1.000000
0.700000, 0.600000, 2.300001, 0.450000, 0.349626, -1.000000, 0.398223, -1.000000, 0.360478, -1.000000, 0.381575, -1.000000
0.700000, 0.610000, 2.290001, 0.452713, 0.351696, -1.000000, 0.398034, -1.000000, 0.363400, -1.000000, 0.384567, -1.000000
0.700000, 0.620000, 2.280001, 0.455350, 0.352288, -1.000000, 0.397845, -1.000000, 0.366332, -1.000000, 0.387568, -1.000000
0.700000, 0.630000, 2.270001, 0.457913, 0.352325, -1.000000, 0.397656, -1.000000, 0.367043, -1.000000, 0.390578, -1.000000
0.700000, 0.640000, 2.260001, 0.460400, 0.352363, -1.000000, 0.397467, -1.000000, 0.367027, -1.000000, 0.392298, -1.000000
0.700000, 0.650000, 2.250001, 0.462813, 0.352400, -1.000000, 0.397278, -1.000000, 0.367010, -1.000000, 0.392298, -1.000000
0.700000, 0.660000, 2.240001, 0.465150, 0.352438, -1.000000, 0.397089, -1.000000, 0.366993, -1.000000, 0.392298, -1.000000
0.700000, 0.670000, 2.230001, 0.467413, 0.352476, -1.000000, 0.396900, -1.000000, 0.366977, -1.000000, 0.392298, -1.000000
0.700000, 0.680000, 2.220001, 0.469600, 0.352513, -1.000000, 0.396711, -1.000000, 0.366960, -1.000000, 0.392298, -1.000000
0.700000, 0.690000, 2.210001, 0.471713, 0.352551, -1.000000, 0.396522, -1.000000, 0.366944, -1.000000, 0.392298, -1.000000
0.700000, 0.700000, 2.200001, 0.473750, 0.352588, -1.000000, 0.396333, -1.000000, 0.366927, -1.000000, 0.392298, -1.000000
0.700000, 0.710000, 2.190001, 0.475713, 0.352626, -1.000000, 0.396145, -1.000000, 0.366910, -1.000000, 0.392298, -1.000000
0.700000, 0.720000, 2.180001, 0.477600, 0.352664, -1.000000, 0.395956, -1.000000, 0.366894, -1.000000, 0.392298, -1.000000
0.700000, 0.730000, 2.170002, 0.479413, 0.352701, -1.000000, 0.395767, -1.000000, 0.366877, -1.000000, 0.392298, -1.000000
0.700000, 0.740000, 2.160002, 0.481150, 0.352739, -1.000000, 0.395578, -1.000000, 0.366861, -1.000000, 0.392297, -1.000000
0.700000, 0.750000, 2.150002, 0.482813, 0.352776, -1.000000, 0.395390, -1.000000, 0.366844, -1.000000, 0.392293, -1.000000
0.700000, 0.760000, 2.140002, 0.484400, 0.352814, -1.000000, 0.395201, -1.000000, 0.366799, -1.000000, 0.392289, -1.000000
0.700000, 0.770000, 2.130002, 0.485913, 0.352852, -1.000000, 0.395012, -1.000000, 0.366717, -1.000000, 0.392285, -1.000000
0.700000, 0.780000, 2.120002, 0.487350, 0.352889, -1.000000, 0.394824, -1.000000, 0.366635, -1.000000, 0.392281, -1.000000
0.700000, 0.790000, 2.110002, 0.488713, 0.352927, -1.000000, 0.394635, -1.000000, 0.366552, -1.000000, 0.392277, -1.000000
0.700000, 0.800000, 2.100002, 0.490000, 0.352964, -1.000000, 0.394447, -1.000000, 0.366470, -1.000000, 0.392273, -1.000000
0.700000, 0.810000, 2.090002, 0.491213, 0.353002, -1.000000, 0.394258, -1.000000, 0.366388, -1.000000, 0.392269, -1.000000
0.700000, 0.820000, 2.080002, 0.492350, 0.353040, -1.000000, 0.394069, -1.000000, 0.366305, -1.000000, 0.392265, -1.000000
0.700000, 0.830000, 2.070002, 0.493413, 0.353077, -1.000000, 0.393881, -1.000000, 0.366223, -1.000000, 0.392261, -1.000000
0.700000, 0.839999, 2.060002, 0.494400, 0.353115, -1.000000, 0.393693, -1.000000, 0.366141, -1.000000, 0.392257, -1.000000
0.700000, 0.849999, 2.050002, 0.495313, 0.353152, -1.000000, 0.393504, -1.000000, 0.366058, -1.000000, 0.392254, -1.000000
0.700000, 0.859999, 2.040002, 0.496150, 0.353190, -1.000000, 0.393316, -1.000000, 0.365976, -1.000000, 0.392250, -1.000000
0.700000, 0.869999, 2.030002, 0.496913, 0.353228, -1.000000, 0.393128, -1.000000, 0.365894, -1.000000, 0.392246, -1.000000
0.700000, 0.879999, 2.020002, 0.497600, 0.353265, -1.000000, 0.392939, -1.000000, 0.365812, -1.000000, 0.392242, -1.000000
0.700000, 0.889999, 2.010002, 0.498213, 0.353303, -1.000000, 0.392751, -1.000000, 0.365729, -1.000000, 0.392238, -1.000000
0.700000, 0.899999, 2.000002, 0.498750, 0.353341, -1.000000, 0.392563, -1.000000, 0.365647, -1.000000, 0.392234, -1.000000
0.700000, 0.909999, 1.990002, 0.499213, 0.353378, -1.000000, 0.392375, -1.000000, 0.365565, -1.000000, 0.392230, -1.000000
0.700000, 0.919999, 1.980002, 0.499600, 0.353416, -1.000000, 0.392186, -1.000000, 0.365483, -1.000000, 0.392226, -1.000000
0.700000, 0.929999, 1.970002, 0.499913, 0.353453, -1.000000, 0.391998, -1.000000, 0.365401, -1.000000, 0.392222, -1.000000
0.700000, 0.939999, 1.960002, 0.500150, 0.353491, -1.000000, 0.391810, -1.000000, 0.365318, -1.000000, 0.392218, -1.000000
0.700000, 0.949999, 1.950002, 0.500313, 0.353529, -1.000000, 0.391622, -1.000000, 0.365236, -1.000000, 0.392214, -1.000000
0.700000, 0.959999, 1.940002, 0.500400, 0.353566, -1.000000, 0.391434, -1.000000, 0.365154, -1.000000, 0.392210, -1.000000
0.700000, 0.969999, 1.930002, 0.500413, 0.353604, -1.000000, 0.391246, -1.000000, 0.365072, -1.000000, 0.392206, -1.000000
0.700000, 0.979999, 1.920002, 0.500350, 0.353642, -1.000000, 0.391058, -1.000000, 0.364990, -1.000000, 0.392202, -1.000000
0.700000, 0.989999, 1.910002, 0.500213, 0.353679, -1.000000, 0.390870, -1.000000, 0.364907, -1.000000, 0.392198, -1.000000
0.700000, 0.999999, 1.900002, 0.500000, 0.353717, -1.000000, 0.390682, -1.000000, 0.364825, -1.000000, 0.392194, -1.000000
0.710000, 0.000000, 2.870001, 0.150000, 0.204240, 0.732908, 0.409735, 0.996200, 0.208665, 0.806332, 0.223638, 0.992620
0.710000, 0.010000, 2.860001, 0.157138, 0.206395, -1.000000, 0.409544, -1.000000, 0.210762, -1.000000, 0.225844, -1.000000
0.710000, 0.020000, 2.850001, 0.164200, 0.208567, -1.000000, 0.409353, -1.000000, 0.212874, -1.000000, 0.228066, -1.000000
0.710000, 0.030000, 2.840001, 0.171188, 0.210755, -1.000000, 0.409163, -1.000000, 0.215001, -1.000000, 0.230303, -1.000000
0.710000, 0.040000, 2.830001, 0.178100, 0.212960, -1.000000, 0.408972, -1.000000, 0.217145, -1.000000, 0.232555, -1.000000
0.710000, 0.050000, 2.820001, 0.184938, 0.215182, -1.000000, 0.408781, -1.000000, 0.219303, -1.000000, 0.234823, -1.000000
0.710000, 0.060000, 2.810001, 0.191700, 0.217421, -1.000000, 0.408590, -1.000000, 0.221477, -1.000000, 0.237105, -1.000000
0.710000, 0.070000, 2.800001, 0.198388, 0.219677, -1.000000, 0.408400, -1.000000, 0.223666, -1.000000, 0.239404, -1.000000
0.710000, 0.080000, 2.790001, 0.205000, 0.221949, -1.000000, 0.408209, -1.000000, 0.225871, -1.000000, 0.241717, -1.000000
0.710000, 0.090000, 2.780001, 0.211538, 0.224238, -1.000000, 0.408018, -1.000000, 0.228091, -1.000000, 0.244045, -1.000000
0.710000, 0.100000, 2.770001, 0.218000, 0.226544, -1.000000, 0.407828, -1.000000, 0.230326, -1.000000, 0.246389, -1.000000
0.710000, 0.110000, 2.760001, 0.224388, 0.228867, -1.000000, 0.407637, -1.000000, 0.232576, -1.000000, 0.248748, -1.000000
0.710000, 0.120000, 2.750001, 0.230700, 0.231206, -1.000000, 0.407446, -1.000000, 0.234842, -1.000000, 0.251122, -1.000000
0.710000, 0.130000, 2.740001, 0.236938, 0.233562, -1.000000, 0.407256, -1.000000, 0.237123, -1.000000, 0.253511, -1.000000
0.710000, 0.140000, 2.730001, 0.243100, 0.235935, -1.000000, 0.407065, -1.000000, 0.239420, -1.000000, 0.255914, -1.000000
0.710000, 0.150000, 2.720001, 0.249188, 0.238324, -1.000000, 0.406875, -1.000000, 0.241731, -1.000000, 0.258333, -1.000000
0.710000, 0.160000, 2.710001, 0.255200, 0.240730, -1.000000, 0.406684, -1.000000, 0.244058, -1.000000, 0.260767, -1.000000
0.710000, 0.170000, 2.700001, 0.261138, 0.243152, -1.000000, 0.406494, -1.000000, 0.246400, -1.000000, 0.263215, -1.000000
0.710000, 0.180000, 2.690001, 0.267000, 0.245591, -1.000000, 0.406304, -1.000000, 0.248756, -1.000000, 0.265678, -1.000000
0.710000, 0.190000, 2.680001, 0.272788, 0.248046, -1.000000, 0.406113, -1.000000, 0.251128, -1.000000, 0.268156, -1.000000
0.710000, 0.200000, 2.670001, 0.278500, 0.250518, -1.000000, 0.405923, -1.000000, 0.253515, -1.000000, 0.270648, -1.000000
0.710000, 0.210000, 2.660001, 0.284138, 0.253006, -1.000000, 0.405733, -1.000000, 0.255917, -1.000000, 0.273155, -1.000000
0.710000, 0.220000, 2.650001, 0.289700, 0.255510, -1.000000, 0.405542, -1.000000, 0.258334, -1.000000, 0.275676, -1.000000
0.710000, 0.230000, 2.640001, 0.295188, 0.258030, -1.000000, 0.405352, -1.000000, 0.260765, -1.000000, 0.278212, -1.000000
0.710000, 0.240000, 2.630001, 0.300600, 0.260567, -1.000000, 0.405162, -1.000000, 0.263212, -1.000000, 0.280762, -1.000000
0.710000, 0.250000, 2.620001, 0.305938, 0.263120, -1.000000, 0.404972, -1.000000, 0.265672, -1.000000, 0.283326, -1.000000
0.710000, 0.260000, 2.610001, 0.311200, 0.265688, -1.000000, 0.404781, -1.000000, 0.268148, -1.000000, 0.285904, -1.000000
0.710000, 0.270000, 2.600001, 0.316388, 0.268273, -1.000000, 0.404591, -1.000000, 0.270638, -1.000000, 0.288496, -1.000000
0.710000, 0.280000, 2.590001, 0.321500, 0.270874, -1.000000, 0.404401, -1.000000, 0.273143, -1.000000, 0.291102, -1.000000
0.710000, 0.290000, 2.580001, 0.326538, 0.273490, -1.000000, 0.404211, -1.000000, 0.275662, -1.000000, 0.293722, -1.000000
0.710000, 0.300000, 2.570001, 0.331500, 0.276122, -1.000000, 0.404021, -1.000000, 0.278195, -1.000000, 0.296356, -1.000000
0.710000, 0.310000, 2.560001, 0.336388, 0.278770, -1.000000, 0.403831, -1.000000, 0.280743, -1.000000, 0.299003, -1.000000
0.710000, 0.320000, 2.550001, 0.341200, 0.281433, -1.000000, 0.403641, -1.000000, 0.283305, -1.000000, 0.301664, -1.000000
0.710000, 0.330000, 2.540001, 0.345938, 0.284111, -1.000000, 0.403451, -1.000000, 0.285881, -1.000000, 0.304338, -1.000000
0.710000, 0.340000, 2.530001, 0.350600, 0.286805, -1.000000, 0.403261, -1.000000, 0.288471, -1.000000, 0.307026, -1.000000
0.710000, 0.350000, 2.520001, 0.355188, 0.289515, -1.000000, 0.403071, -1.000000, 0.291075, -1.000000, 0.309727, -1.000000
0.710000, 0.360000, 2.510001, 0.359700, 0.292239, -1.000000, 0.402881, -1.000000, 0.293692, -1.000000, 0.312440, -1.000000
0.710000, 0.370000, 2.500001, 0.364138, 0.294978, -1.000000, 0.402691, -1.000000, 0.296324, -1.000000, 0.315167, -1.000000
0.710000, 0.380000, 2.490001, 0.368500, 0.297732, -1.000000, 0.402501, -1.000000, 0.298969, -1.000000, 0.317906, -1.000000
0.710000, 0.390000, 2.480001, 0.372788, 0.300501, -1.000000, 0.402312, -1.000000, 0.301627, -1.000000, 0.320659, -1.000000
0.710000, 0.400000, 2.470001, 0.377000, 0.303284, -1.000000, 0.402122, -1.000000, 0.304299, -1.000000, 0.323423, -1.000000
0.710000, 0.410000, 2.460001, 0.381138, 0.306082, -1.000000, 0.401932, -1.000000, 0.306984, -1.000000, 0.326200, -1.000000
0.710000, 0.420000, 2.450001, 0.385200, 0.308895, -1.000000, 0.401742, -1.000000, 0.309682, -1.000000, 0.328990, -1.000000
0.710000, 0.430000, 2.440001, 0.389188, 0.311721, -1.000000, 0.401553, -1.000000, 0.312393, -1.000000, 0.331791, -1.000000
0.710000, 0.440000, 2.430001, 0.393100, 0.314562, -1.000000, 0.401363, -1.000000, 0.315118, -1.000000, 0.334604, -1.000000
0.710000, 0.450000, 2.420001, 0.396938, 0.317417, -1.000000, 0.401173, -1.000000, 0.317854, -1.000000, 0.337429, -1.000000
0.710000, 0.460000, 2.410001, 0.400700, 0.320285, -1.000000, 0.400984, -1.000000, 0.320604, -1.000000, 0.340266, -1.000000
0.710000, 0.470000, 2.400001, 0.404388, 0.322955, -1.000000, 0.400794, -1.000000, 0.323366, -1.000000, 0.343115, -1.000000
0.710000, 0.480000, 2.390001, 0.408000, 0.324946, -1.000000, 0.400605, -1.000000, 0.326141, -1.000000, 0.345974, -1.000000
0.710000, 0.490000, 2.380001, 0.411538, 0.326943, -1.000000, 0.400415, -1.000000, 0.328927, -1.000000, 0.348845, -1.000000
0.710000, 0.500000, 2.370001, 0.415000, 0.328947, -1.000000, 0.400226, -1.000000, 0.331726, -1.000000, 0.351727, -1.000000
0.710000, 0.510000, 2.360001, 0.418388, 0.330958, -1.000000, 0.400036, -1.000000, 0.334537, -1.000000, 0.354620, -1.000000
0.710000, 0.520000, 2.350001, 0.421700, 0.332974, -1.000000, 0.399847, -1.000000, 0.337359, -1.000000, 0.357523, -1.000000
0.710000, 0.530000, 2.340001, 0.424938, 0.334996, -1.000000, 0.399658, -1.000000, 0.340193, -1.000000, 0.360437, -1.000000
0.710000, 0.540000, 2.330001, 0.428100, 0.337025, -1.000000, 0.399468, -1.000000, 0.343039, -1.000000, 0.363361, -1.000000
0.710000, 0.550000, 2.320001, 0.431188, 0.339059, -1.000000, 0.399279, -1.000000, 0.345896, -1.000000, 0.366295, -1.000000
0.710000, 0.560000, 2.310001, 0.434200, 0.341100, -1.000000, 0.399090, -1.000000, 0.348764, -1.000000, 0.369239, -1.000000
0.710000, 0.570000, 2.300001, 0.437138, 0.343146, -1.000000, 0.398900, -1.000000, 0.351643, -1.000000, 0.372193, -1.000000
0.710000, 0.580000, 2.290001, 0.440000, 0.345199, -1.000000, 0.398711, -1.000000, 0.354533, -1.000000, 0.375157, -1.000000
0.710000, 0.590000, 2.280001, 0.442788, 0.347257, -1.000000, 0.398522, -1.000000, 0.357434, -1.000000, 0.378130, -1.000000
0.710000, 0.600000, 2.270001, 0.445500, 0.349321, -1.000000, 0.398333, -1.000000, 0.360345, -1.000000, 0.381112, -1.000000
0.710000, 0.610000, 2.260001, 0.448138, 0.351390, -1.000000, 0.398144, -1.000000, 0.363266, -1.000000, 0.384103, -1.000000
0.710000, 0.620000, 2.250001, 0.450700, 0.352269, -1.000000, 0.397954, -1.000000, 0.366198, -1.000000, 0.387103, -1.000000
0.710000, 0.630000, 2.240001, 0.453188, 0.352306, -1.000000, 0.397765, -1.000000, 0.366968, -1.000000, 0.390112, -1.000000
0.710000, 0.640000, 2.230001, 0.455600, 0.352344, -1.000000, 0.397576, -1.000000, 0.366952, -1.000000, 0.392298, -1.000000
0.710000, 0.650000, 2.220001, 0.457938, 0.352382, -1.000000, 0.397387, -1.000000, 0.366935, -1.000000, 0.392298, -1.000000
0.710000, 0.660000, 2.210001, 0.460200, 0.352419, -1.000000, 0.397198, -1.000000, 0.366919, -1.000000, 0.392298, -1.000000
0.710000, 0.670000, 2.200001, 0.462388, 0.352457, -1.000000, 0.397009, -1.000000, 0.366902, -1.000000, 0.392298, -1.000000
0.710000, 0.680000, 2.190001, 0.464500, 0.352494, -1.000000, 0.396820, -1.000000, 0.366885, -1.000000, 0.392298, -1.000000
0.710000, 0.690000, 2.180001, 0.466538, 0.352532, -1.000000, 0.396631, -1.000000, 0.366869, -1.000000, 0.392298, -1.000000
0.710000, 0.700000, 2.170002, 0.468500, 0.352570, -1.000000, 0.396443, -1.000000, 0.366852, -1.000000, 0.392298, -1.000000
0.710000, 0.710000, 2.160002, 0.470388, 0.352607, -1.000000, 0.396254, -1.000000, 0.366836, -1.000000, 0.392296, -1.000000
0.710000, 0.720000, 2.150002, 0.472200, 0.352645, -1.000000, 0.396065, -1.000000, 0.366819, -1.000000, 0.392292, -1.000000
0.710000, 0.730000, 2.140002, 0.473938, 0.352682, -1.000000, 0.395876, -1.000000, 0.366802, -1.000000, 0.392288, -1.000000
0.710000, 0.740000, 2.130002, 0.475600, 0.352720, -1.000000, 0.395687, -1.000000, 0.366786, -1.000000, 0.392284, -1.000000
0.710000, 0.750000, 2.120002, 0.477188, 0.352758, -1.000000, 0.395499, -1.000000, 0.366769, -1.000000, 0.392280, -1.000000
0.710000, 0.760000, 2.110002, 0.478700, 0.352795, -1.000000, 0.395310, -1.000000, 0.366753, -1.000000, 0.392276, -1.000000
0.710000, 0.770000, 2.100002, 0.480138, 0.352833, -1.000000, 0.395121, -1.000000, 0.366671, -1.000000, 0.392272, -1.000000
0.710000, 0.780000, 2.090002, 0.481500, 0.352870, -1.000000, 0.394933, -1.000000, 0.366588, -1.000000, 0.392268, -1.000000
0.710000, 0.790000, 2.080002, 0.482788, 0.352908, -1.000000, 0.394744, -1.000000, 0.366506, -1.000000, 0.392265, -1.000000
0.710000, 0.800000, 2.070002, 0.484000, 0.352946, -1.000000, 0.394556, -1.000000, 0.366424, -1.000000, 0.392261, -1.000000
0.710000, 0.810000, 2.060002, 0.485138, 0.352983, -1.000000, 0.394367, -1.000000, 0.366341, -1.000000, 0.392257, -1.000000
0.710000, 0.820000, 2.050002, 0.486200, 0.353021, -1.000000, 0.394179, -1.000000, 0.366259, -1.000000, 0.392253, -1.000000
0.710000, 0.830000, 2.040002, 0.487188, 0.353058, -1.000000, 0.393990, -1.000000, 0.366177, -1.000000, 0.392249, -1.000000
0.710000, 0.839999, 2.030002, 0.488100, 0.353096, -1.000000, 0.393802, -1.000000, 0.366095, -1.000000, 0.392245, -1.000000
0.710000, 0.849999, 2.020002, 0.488938, 0.353134, -1.000000, 0.393613, -1.000000, 0.366012, -1.000000, 0.392241, -1.000000
0.710000, 0.859999, 2.010002, 0.489700, 0.353171, -1.000000, 0.393425, -1.000000, 0.365930, -1.000000, 0.392237, -1.000000
0.710000, 0.869999, 2.000002, 0.490388, 0.353209, -1.000000, 0.393237, -1.000000, 0.365848, -1.000000, 0.392233, -1.000000
0.710000, 0.879999, 1.990002, 0.491000, 0.353246, -1.000000, 0.393048, -1.000000, 0.365766, -1.000000, 0.392229, -1.000000
0.710000, 0.889999, 1.980002, 0.491538, 0.353284, -1.000000, 0.392860, -1.000000, 0.365683, -1.000000, 0.392225, -1.000000
0.710000, 0.899999, 1.970002, 0.492000, 0.353322, -1.000000, 0.392672, -1.000000, 0.365601, -1.000000, 0.392221, -1.000000
0.710000, 0.909999, 1.960002, 0.492388, 0.353359, -1.000000, 0.392483, -1.000000, 0.365519, -1.000000, 0.392217, -1.000000
0.710000, 0.919999, 1.950002, 0.492700, 0.353397, -1.000000, 0.392295, -1.000000, 0.365437, -1.000000, 0.392213, -1.000000
0.710000, 0.929999, 1.940002, 0.492938, 0.353435, -1.000000, 0.392107, -1.000000, 0.365354, -1.000000, 0.392209, -1.000000
0.710000, 0.939999, 1.930002, 0.493100, 0.353472, -1.000000, 0.391919, -1.000000, 0.365272, -1.000000, 0.392205, -1.000000
0.710000, 0.949999, 1.920002, 0.493188, 0.353510, -1.000000, 0.391731, -1.000000, 0.365190, -1.000000, 0.392201, -1.000000
0.710000, 0.959999, 1.910002, 0.493200, 0.353547, -1.000000, 0.391543, -1.000000, 0.365108, -1.000000, 0.392197, -1.000000
0.710000, 0.969999, 1.900002, 0.493138, 0.353585, -1.000000, 0.391355, -1.000000, 0.365026, -1.000000, 0.392193, -1.000000
0.710000, 0.979999, 1.890002, 0.493000, 0.353623, -1.000000, 0.391167, -1.000000, 0.364944, -1.000000, 0.392190, -1.000000
0.710000, 0.989999, 1.880002, 0.492788, 0.353660, -1.000000, 0.390979, -1.000000, 0.364861, -1.000000, 0.392186, -1.000000
0.710000, 0.999999, 1.870002, 0.492500, 0.353698, -1.000000, 0.390791, -1.000000, 0.364779, -1.000000, 0.392182, -1.000000
0.720000, 0.000000, 2.840001, 0.150000, 0.204085, 0.732907, 0.409846, 0.996213, 0.208569, 0.806332, 0.223298, 0.992738
0.720000, 0.010000, 2.830001, 0.157063, 0.206238, -1.000000, 0.409655, -1.000000, 0.210666, -1.000000, 0.225502, -1.000000
0.720000, 0.020000, 2.820001, 0.164050, 0.208409, -1.000000, 0.409464, -1.000000, 0.212777, -1.000000, 0.227721, -1.000000
0.720000, 0.030000, 2.810001, 0.170963, 0.210596, -1.000000, 0.409273, -1.000000, 0.214904, -1.000000, 0.229955, -1.000000
0.720000, 0.040000, 2.800001, 0.177800, 0.212800, -1.000000, 0.409082, -1.000000, 0.217046, -1.000000, 0.232205, -1.000000
0.720000, 0.050000, 2.790001, 0.184563, 0.215021, -1.000000, 0.408891, -1.000000, 0.219204, -1.000000, 0.234471, -1.000000
0.720000, 0.060000, 2.780001, 0.191250, 0.217259, -1.000000, 0.408701, -1.000000, 0.221377, -1.000000, 0.236751, -1.000000
0.720000, 0.070000, 2.770001, 0.197863, 0.219513, -1.000000, 0.408510, -1.000000, 0.223566, -1.000000, 0.239047, -1.000000
0.720000, 0.080000, 2.760001, 0.204400, 0.221784, -1.000000, 0.408319, -1.000000, 0.225770, -1.000000, 0.241358, -1.000000
0.720000, 0.090000, 2.750001, 0.210863, 0.224072, -1.000000, 0.408128, -1.000000, 0.227989, -1.000000, 0.243684, -1.000000
0.720000, 0.100000, 2.740001, 0.217250, 0.226377, -1.000000, 0.407938, -1.000000, 0.230224, -1.000000, 0.246025, -1.000000
0.720000, 0.110000, 2.730001, 0.223563, 0.228698, -1.000000, 0.407747, -1.000000, 0.232473, -1.000000, 0.248382, -1.000000
0.720000, 0.120000, 2.720001, 0.229800, 0.231036, -1.000000, 0.407557, -1.000000, 0.234739, -1.000000, 0.250753, -1.000000
0.720000, 0.130000, 2.710001, 0.235963, 0.233391, -1.000000, 0.407366, -1.000000, 0.237019, -1.000000, 0.253140, -1.000000
0.720000, 0.140000, 2.700001, 0.242050, 0.235762, -1.000000, 0.407176, -1.000000, 0.239315, -1.000000, 0.255541, -1.000000
0.720000, 0.150000, 2.690001, 0.248063, 0.238150, -1.000000, 0.406985, -1.000000, 0.241625, -1.000000, 0.257958, -1.000000
0.720000, 0.160000, 2.680001, 0.254000, 0.240555, -1.000000, 0.406795, -1.000000, 0.243951, -1.000000, 0.260389, -1.000000
0.720000, 0.170000, 2.670001, 0.259863, 0.242976, -1.000000, 0.406604, -1.000000, 0.246292, -1.000000, 0.262835, -1.000000
0.720000, 0.180000, 2.660001, 0.265650, 0.245414, -1.000000, 0.406414, -1.000000, 0.248649, -1.000000, 0.265296, -1.000000
0.720000, 0.190000, 2.650001, 0.271363, 0.247868, -1.000000, 0.406223, -1.000000, 0.251020, -1.000000, 0.267771, -1.000000
0.720000, 0.200000, 2.640001, 0.277000, 0.250338, -1.000000, 0.406033, -1.000000, 0.253406, -1.000000, 0.270261, -1.000000
0.720000, 0.210000, 2.630001, 0.282563, 0.252825, -1.000000, 0.405843, -1.000000, 0.255807, -1.000000, 0.272766, -1.000000
0.720000, 0.220000, 2.620001, 0.288050, 0.255328, -1.000000, 0.405652, -1.000000, 0.258223, -1.000000, 0.275285, -1.000000
0.720000, 0.230000, 2.610001, 0.293463, 0.257847, -1.000000, 0.405462, -1.000000, 0.260654, -1.000000, 0.277818, -1.000000
0.720000, 0.240000, 2.600001, 0.298800, 0.260383, -1.000000, 0.405272, -1.000000, 0.263100, -1.000000, 0.280366, -1.000000
0.720000, 0.250000, 2.590001, 0.304063, 0.262934, -1.000000, 0.405082, -1.000000, 0.265560, -1.000000, 0.282928, -1.000000
0.720000, 0.260000, 2.580001, 0.309250, 0.265502, -1.000000, 0.404891, -1.000000, 0.268035, -1.000000, 0.285504, -1.000000
0.720000, 0.270000, 2.570001, 0.314363, 0.268085, -1.000000, 0.404701, -1.000000, 0.270524, -1.000000, 0.288094, -1.000000
0.720000, 0.280000, 2.560001, 0.319400, 0.270685, -1.000000, 0.404511, -1.000000, 0.273028, -1.000000, 0.290698, -1.000000
0.720000, 0.290000, 2.550001, 0.324363, 0.273300, -1.000000, 0.404321, -1.000000, 0.275547, -1.000000, 0.293316, -1.000000
0.720000, 0.300000, 2.540001, 0.329250, 0.275931, -1.000000, 0.404131, -1.000000, 0.278080, -1.000000, 0.295947, -1.000000
0.720000, 0.310000, 2.530001, 0.334063, 0.278578, -1.000000, 0.403941, -1.000000, 0.280627, -1.000000, 0.298593, -1.000000
0.720000, 0.320000, 2.520001, 0.338800, 0.281240, -1.000000, 0.403751, -1.000000, 0.283188, -1.000000, 0.301251, -1.000000
0.720000, 0.330000, 2.510001, 0.343463, 0.283917, -1.000000, 0.403561, -1.000000, 0.285763, -1.000000, 0.303924, -1.000000
0.720000, 0.340000, 2.500001, 0.348050, 0.286610, -1.000000, 0.403371, -1.000000, 0.288352, -1.000000, 0.306609, -1.000000
0.720000, 0.350000, 2.490001, 0.352563, 0.289318, -1.000000, 0.403181, -1.000000, 0.290956, -1.000000, 0.309308, -1.000000
0.720000, 0.360000, 2.480001, 0.357000, 0.292041, -1.000000, 0.402991, -1.000000, 0.293573, -1.000000, 0.312019, -1.000000
0.720000, 0.370000, 2.470001, 0.361363, 0.294779, -1.000000, 0.402801, -1.000000, 0.296203, -1.000000, 0.314744, -1.000000
0.720000, 0.380000, 2.460001, 0.365650, 0.297532, -1.000000, 0.402611, -1.000000, 0.298848, -1.000000, 0.317482, -1.000000
0.720000, 0.390000, 2.450001, 0.369863, 0.300300, -1.000000, 0.402421, -1.000000, 0.301506, -1.000000, 0.320232, -1.000000
0.720000, 0.400000, 2.440001, 0.374000, 0.303082, -1.000000, 0.402232, -1.000000, 0.304177, -1.000000, 0.322994, -1.000000
0.720000, 0.410000, 2.430001, 0.378063, 0.305879, -1.000000, 0.402042, -1.000000, 0.306861, -1.000000, 0.325770, -1.000000
0.720000, 0.420000, 2.420001, 0.382050, 0.308691, -1.000000, 0.401852, -1.000000, 0.309559, -1.000000, 0.328557, -1.000000
0.720000, 0.430000, 2.410001, 0.385963, 0.311516, -1.000000, 0.401662, -1.000000, 0.312269, -1.000000, 0.331356, -1.000000
0.720000, 0.440000, 2.400001, 0.389800, 0.314356, -1.000000, 0.401473, -1.000000, 0.314993, -1.000000, 0.334168, -1.000000
0.720000, 0.450000, 2.390001, 0.393563, 0.317210, -1.000000, 0.401283, -1.000000, 0.317729, -1.000000, 0.336991, -1.000000
0.720000, 0.460000, 2.380001, 0.397250, 0.320077, -1.000000, 0.401094, -1.000000, 0.320478, -1.000000, 0.339826, -1.000000
0.720000, 0.470000, 2.370001, 0.400863, 0.322661, -1.000000, 0.400904, -1.000000, 0.323240, -1.000000, 0.342673, -1.000000
0.720000, 0.480000, 2.360001, 0.404400, 0.324651, -1.000000, 0.400714, -1.000000, 0.326014, -1.000000, 0.345531, -1.000000
0.720000, 0.490000, 2.350001, 0.407863, 0.326648, -1.000000, 0.400525, -1.000000, 0.328800, -1.000000, 0.348400, -1.000000
0.720000, 0.500000, 2.340001, 0.411250, 0.328651, -1.000000, 0.400335, -1.000000, 0.331598, -1.000000, 0.351280, -1.000000
0.720000, 0.510000, 2.330001, 0.414563, 0.330660, -1.000000, 0.400146, -1.000000, 0.334408, -1.000000, 0.354171, -1.000000
0.720000, 0.520000, 2.320001, 0.417800, 0.332676, -1.000000, 0.399956, -1.000000, 0.337230, -1.000000, 0.357073, -1.000000
0.720000, 0.530000, 2.310001, 0.420963, 0.334697, -1.000000, 0.399767, -1.000000, 0.340064, -1.000000, 0.359985, -1.000000
0.720000, 0.540000, 2.300001, 0.424050, 0.336725, -1.000000, 0.399578, -1.000000, 0.342909, -1.000000, 0.362908, -1.000000
0.720000, 0.550000, 2.290001, 0.427063, 0.338759, -1.000000, 0.399388, -1.000000, 0.345765, -1.000000, 0.365840, -1.000000
0.720000, 0.560000, 2.280001, 0.430000, 0.340798, -1.000000, 0.399199, -1.000000, 0.348633, -1.000000, 0.368783, -1.000000
0.720000, 0.570000, 2.270001, 0.432863, 0.342844, -1.000000, 0.399010, -1.000000, 0.351512, -1.000000, 0.371735, -1.000000
0.720000, 0.580000, 2.260001, 0.435650, 0.344895, -1.000000, 0.398820, -1.000000, 0.354401, -1.000000, 0.374698, -1.000000
0.720000, 0.590000, 2.250001, 0.438363, 0.346953, -1.000000, 0.398631, -1.000000, 0.357301, -1.000000, 0.377669, -1.000000
0.720000, 0.600000, 2.240001, 0.441000, 0.349016, -1.000000, 0.398442, -1.000000, 0.360212, -1.000000, 0.380650, -1.000000
0.720000, 0.610000, 2.230001, 0.443563, 0.351084, -1.000000, 0.398253, -1.000000, 0.363133, -1.000000, 0.383640, -1.000000
0.720000, 0.620000, 2.220001, 0.446050, 0.352250, -1.000000, 0.398064, -1.000000, 0.366064, -1.000000, 0.386638, -1.000000
0.720000, 0.630000, 2.210001, 0.448463, 0.352288, -1.000000, 0.397875, -1.000000, 0.366893, -1.000000, 0.389645, -1.000000
0.720000, 0.640000, 2.200001, 0.450800, 0.352325, -1.000000, 0.397686, -1.000000, 0.366877, -1.000000, 0.392298, -1.000000
0.720000, 0.650000, 2.190001, 0.453063, 0.352363, -1.000000, 0.397497, -1.000000, 0.366860, -1.000000, 0.392298, -1.000000
0.720000, 0.660000, 2.180001, 0.455250, 0.352400, -1.000000, 0.397308, -1.000000, 0.366844, -1.000000, 0.392298, -1.000000
0.720000, 0.670000, 2.170002, 0.457363, 0.352438, -1.000000, 0.397119, -1.000000, 0.366827, -1.000000, 0.392298, -1.000000
0.720000, 0.680000, 2.160002, 0.459400, 0.352476, -1.000000, 0.396930, -1.000000, 0.366810, -1.000000, 0.392295, -1.000000
0.720000, 0.690000, 2.150002, 0.461363, 0.352513, -1.000000, 0.396741, -1.000000, 0.366794, -1.000000, 0.392291, -1.000000
0.720000, 0.700000, 2.140002, 0.463250, 0.352551, -1.000000, 0.396552, -1.000000, 0.366777, -1.000000, 0.392287, -1.000000
0.720000, 0.710000, 2.130002, 0.465063, 0.352588, -1.000000, 0.396363, -1.000000, 0.366761, -1.000000, 0.392283, -1.000000
0.720000, 0.720000, 2.120002, 0.466800, 0.352626, -1.000000, 0.396174, -1.000000, 0.366744, -1.000000, 0.392279, -1.000000
0.720000, 0.730000, 2.110002, 0.468463, 0.352664, -1.000000, 0.395985, -1.000000, 0.366727, -1.000000, 0.392275, -1.000000
0.720000, 0.740000, 2.100002, 0.470050, 0.352701, -1.000000, 0.395797, -1.000000, 0.366711, -1.000000, 0.392271, -1.000000
0.720000, 0.750000, 2.090002, 0.471563, 0.352739, -1.000000, 0.395608, -1.000000, 0.366694, -1.000000, 0.392268, -1.000000
0.720000, 0.760000, 2.080002, 0.473000, 0.352776, -1.000000, 0.395419, -1.000000, 0.366678, -1.000000, 0.392264, -1.000000
0.720000, 0.770000, 2.070002, 0.474363, 0.352814, -1.000000, 0.395230, -1.000000, 0.366624, -1.000000, 0.392260, -1.000000
0.720000, 0.780000, 2.060002, 0.475650, 0.352851, -1.000000, 0.395042, -1.000000, 0.366542, -1.000000, 0.392256, -1.000000
0.720000, 0.790000, 2.050002, 0.476863, 0.352889, -1.000000, 0.394853, -1.000000, 0.366460, -1.000000, 0.392252, -1.000000
0.720000, 0.800000, 2.040002, 0.478000, 0.352927, -1.000000, 0.394665, -1.000000, 0.366378, -1.000000, 0.392248, -1.000000
0.720000, 0.810000, 2.030002, 0.479063, 0.352964, -1.000000, 0.394476, -1.000000, 0.366295, -1.000000, 0.392244, -1.000000
0.720000, 0.820000, 2.020002, 0.480050, 0.353002, -1.000000, 0.394288, -1.000000, 0.366213, -1.000000, 0.392240, -1.000000
0.720000, 0.830000, 2.010002, 0.480963, 0.353040, -1.000000, 0.394099, -1.000000, 0.366131, -1.000000, 0.392236, -1.000000
0.720000, 0.839999, 2.000002, 0.481800, 0.353077, -1.000000, 0.393911, -1.000000, 0.366048, -1.000000, 0.392232, -1.000000
0.720000, 0.849999, 1.990002, 0.482563, 0.353115, -1.000000, 0.393722, -1.000000, 0.365966, -1.000000, 0.392228, -1.000000
0.720000, 0.859999, 1.980002, 0.483250, 0.353152, -1.000000, 0.393534, -1.000000, 0.365884, -1.000000, 0.392224, -1.000000
0.720000, 0.869999, 1.970002, 0.483863, 0.353190, -1.000000, 0.393345, -1.000000, 0.365802, -1.000000, 0.392220, -1.000000
0.720000, 0.879999, 1.960002, 0.484400, 0.353228, -1.000000, 0.393157, -1.000000, 0.365719, -1.000000, 0.392216, -1.000000
0.720000, 0.889999, 1.950002, 0.484863, 0.353265, -1.000000, 0.392969, -1.000000, 0.365637, -1.000000, 0.392212, -1.000000
0.720000, 0.899999, 1.940002, 0.485250, 0.353303, -1.000000, 0.392781, -1.000000, 0.365555, -1.000000, 0.392208, -1.000000
0.720000, 0.909999, 1.930002, 0.485563, 0.353340, -1.000000, 0.392592, -1.000000, 0.365473, -1.000000, 0.392204, -1.000000
0.720000, 0.919999, 1.920002, 0.485800, 0.353378, -1.000000, 0.392404, -1.000000, 0.365391, -1.000000, 0.392201, -1.000000
0.720000, 0.929999, 1.910002, 0.485963, 0.353416, -1.000000, 0.392216, -1.000000, 0.365308, -1.000000, 0.392197, -1.000000
0.720000, 0.939999, 1.900002, 0.486050, 0.353453, -1.000000, 0.392028, -1.000000, 0.365226, -1.000000, 0.392193, -1.000000
0.720000, 0.949999, 1.890002, 0.486063, 0.353491, -1.000000, 0.391840, -1.000000, 0.365144, -1.000000, 0.392189, -1.000000
0.720000, 0.959999, 1.880002, 0.486000, 0.353529, -1.000000, 0.391652, -1.000000, 0.365062, -1.000000, 0.392185, -1.000000
0.720000, 0.969999, 1.870002, 0.485863, 0.353566, -1.000000, 0.391464, -1.000000, 0.364980, -1.000000, 0.392181, -1.000000
0.720000, 0.979999, 1.860002, 0.485650, 0.353604, -1.000000, 0.391276, -1.000000, 0.364897, -1.000000, 0.392177, -1.000000
0.720000, 0.989999, 1.850002, 0.485363, 0.353641, -1.000000, 0.391088, -1.000000, 0.364815, -1.000000, 0.392173, -1.000000
0.720000, 0.999999, 1.840002, 0.485000, 0.353679, -1.000000, 0.390900, -1.000000, 0.364733, -1.000000, 0.392169, -1.000000
0.730000, 0.000000, 2.810001, 0.150000, 0.203929, 0.732905, 0.409956, 0.996226, 0.208474, 0.806331, 0.222958, 0.992854
0.730000, 0.010000, 2.800001, 0.156988, 0.206082, -1.000000, 0.409765, -1.000000, 0.210570, -1.000000, 0.225159, -1.000000
0.730000, 0.020000, 2.790001, 0.163900, 0.208251, -1.000000, 0.409574, -1.000000, 0.212681, -1.000000, 0.227376, -1.000000
0.730000, 0.030000, 2.780001, 0.170738, 0.210437, -1.000000, 0.409383, -1.000000, 0.214807, -1.000000, 0.229608, -1.000000
0.730000, 0.040000, 2.770001, 0.177500, 0.212640, -1.000000, 0.409192, -1.000000, 0.216948, -1.000000, 0.231856, -1.000000
0.730000, 0.050000, 2.760001, 0.184188, 0.214860, -1.000000, 0.409002, -1.000000, 0.219105, -1.000000, 0.234119, -1.000000
0.730000, 0.060000, 2.750001, 0.190800, 0.217096, -1.000000, 0.408811, -1.000000, 0.221278, -1.000000, 0.236397, -1.000000
0.730000, 0.070000, 2.740001, 0.197338, 0.219349, -1.000000, 0.408620, -1.000000, 0.223466, -1.000000, 0.238690, -1.000000
0.730000, 0.080000, 2.730001, 0.203800, 0.221619, -1.000000, 0.408429, -1.000000, 0.225669, -1.000000, 0.240999, -1.000000
0.730000, 0.090000, 2.720001, 0.210188, 0.223906, -1.000000, 0.408239, -1.000000, 0.227887, -1.000000, 0.243323, -1.000000
0.730000, 0.100000, 2.710001, 0.216500, 0.226209, -1.000000, 0.408048, -1.000000, 0.230121, -1.000000, 0.245662, -1.000000
0.730000, 0.110000, 2.700001, 0.222738, 0.228530, -1.000000, 0.407857, -1.000000, 0.232370, -1.000000, 0.248016, -1.000000
0.730000, 0.120000, 2.690001, 0.228900, 0.230866, -1.000000, 0.407667, -1.000000, 0.234635, -1.000000, 0.250385, -1.000000
0.730000, 0.130000, 2.680001, 0.234988, 0.233220, -1.000000, 0.407476, -1.000000, 0.236915, -1.000000, 0.252769, -1.000000
0.730000, 0.140000, 2.670001, 0.241000, 0.235590, -1.000000, 0.407286, -1.000000, 0.239210, -1.000000, 0.255168, -1.000000
0.730000, 0.150000, 2.660001, 0.246938, 0.237977, -1.000000, 0.407095, -1.000000, 0.241520, -1.000000, 0.257583, -1.000000
0.730000, 0.160000, 2.650001, 0.252800, 0.240380, -1.000000, 0.406905, -1.000000, 0.243845, -1.000000, 0.260011, -1.000000
0.730000, 0.170000, 2.640001, 0.258588, 0.242800, -1.000000, 0.406714, -1.000000, 0.246185, -1.000000, 0.262455, -1.000000
0.730000, 0.180000, 2.630001, 0.264300, 0.245237, -1.000000, 0.406524, -1.000000, 0.248541, -1.000000, 0.264914, -1.000000
0.730000, 0.190000, 2.620001, 0.269938, 0.247689, -1.000000, 0.406333, -1.000000, 0.250911, -1.000000, 0.267387, -1.000000
0.730000, 0.200000, 2.610001, 0.275500, 0.250159, -1.000000, 0.406143, -1.000000, 0.253297, -1.000000, 0.269875, -1.000000
0.730000, 0.210000, 2.600001, 0.280988, 0.252644, -1.000000, 0.405953, -1.000000, 0.255697, -1.000000, 0.272377, -1.000000
0.730000, 0.220000, 2.590001, 0.286400, 0.255146, -1.000000, 0.405762, -1.000000, 0.258113, -1.000000, 0.274894, -1.000000
0.730000, 0.230000, 2.580001, 0.291738, 0.257664, -1.000000, 0.405572, -1.000000, 0.260543, -1.000000, 0.277425, -1.000000
0.730000, 0.240000, 2.570001, 0.297000, 0.260199, -1.000000, 0.405382, -1.000000, 0.262988, -1.000000, 0.279971, -1.000000
0.730000, 0.250000, 2.560001, 0.302188, 0.262749, -1.000000, 0.405192, -1.000000, 0.265447, -1.000000, 0.282530, -1.000000
0.730000, 0.260000, 2.550001, 0.307300, 0.265315, -1.000000, 0.405001, -1.000000, 0.267922, -1.000000, 0.285104, -1.000000
0.730000, 0.270000, 2.540001, 0.312338, 0.267898, -1.000000, 0.404811, -1.000000, 0.270411, -1.000000, 0.287692, -1.000000
0.730000, 0.280000, 2.530001, 0.317300, 0.270496, -1.000000, 0.404621, -1.000000, 0.272914, -1.000000, 0.290294, -1.000000
0.730000, 0.290000, 2.520001, 0.322188, 0.273110, -1.000000, 0.404431, -1.000000, 0.275432, -1.000000, 0.292910, -1.000000
0.730000, 0.300000, 2.510001, 0.327000, 0.275740, -1.000000, 0.404241, -1.000000, 0.277964, -1.000000, 0.295539, -1.000000
0.730000, 0.310000, 2.500001, 0.331738, 0.278385, -1.000000, 0.404051, -1.000000, 0.280510, -1.000000, 0.298182, -1.000000
0.730000, 0.320000, 2.490001, 0.336400, 0.281046, -1.000000, 0.403861, -1.000000, 0.283071, -1.000000, 0.300839, -1.000000
0.730000, 0.330000, 2.480001, 0.340988, 0.283723, -1.000000, 0.403671, -1.000000, 0.285645, -1.000000, 0.303509, -1.000000
0.730000, 0.340000, 2.470001, 0.345500, 0.286414, -1.000000, 0.403481, -1.000000, 0.288234, -1.000000, 0.306193, -1.000000
0.730000, 0.350000, 2.460001, 0.349938, 0.289121, -1.000000, 0.403291, -1.000000, 0.290837, -1.000000, 0.308889, -1.000000
0.730000, 0.360000, 2.450001, 0.354300, 0.291843, -1.000000, 0.403101, -1.000000, 0.293453, -1.000000, 0.311599, -1.000000
0.730000, 0.370000, 2.440001, 0.358588, 0.294580, -1.000000, 0.402911, -1.000000, 0.296083, -1.000000, 0.314321, -1.000000
0.730000, 0.380000, 2.430001, 0.362800, 0.297332, -1.000000, 0.402721, -1.000000, 0.298727, -1.000000, 0.317057, -1.000000
0.730000, 0.390000, 2.420001, 0.366938, 0.300099, -1.000000, 0.402531, -1.000000, 0.301384, -1.000000, 0.319805, -1.000000
0.730000, 0.400000, 2.410001, 0.371000, 0.302881, -1.000000, 0.402341, -1.000000, 0.304055, -1.000000, 0.322566, -1.000000
0.730000, 0.410000, 2.400001, 0.374988, 0.305676, -1.000000, 0.402152, -1.000000, 0.306738, -1.000000, 0.325339, -1.000000
0.730000, 0.420000, 2.390001, 0.378900, 0.308487, -1.000000, 0.401962, -1.000000, 0.309435, -1.000000, 0.328125, -1.000000
0.730000, 0.430000, 2.380001, 0.382738, 0.311311, -1.000000, 0.401772, -1.000000, 0.312146, -1.000000, 0.330922, -1.000000
0.730000, 0.440000, 2.370001, 0.386500, 0.314150, -1.000000, 0.401582, -1.000000, 0.314869, -1.000000, 0.333732, -1.000000
0.730000, 0.450000, 2.360001, 0.390188, 0.317003, -1.000000, 0.401393, -1.000000, 0.317604, -1.000000, 0.336553, -1.000000
0.730000, 0.460000, 2.350001, 0.393800, 0.319869, -1.000000, 0.401203, -1.000000, 0.320353, -1.000000, 0.339387, -1.000000
0.730000, 0.470000, 2.340001, 0.397338, 0.322368, -1.000000, 0.401014, -1.000000, 0.323114, -1.000000, 0.342231, -1.000000
0.730000, 0.480000, 2.330001, 0.400800, 0.324357, -1.000000, 0.400824, -1.000000, 0.325887, -1.000000, 0.345088, -1.000000
0.730000, 0.490000, 2.320001, 0.404188, 0.326353, -1.000000, 0.400634, -1.000000, 0.328673, -1.000000, 0.347955, -1.000000
0.730000, 0.500000, 2.310001, 0.407500, 0.328355, -1.000000, 0.400445, -1.000000, 0.331470, -1.000000, 0.350833, -1.000000
0.730000, 0.510000, 2.300001, 0.410738, 0.330363, -1.000000, 0.400255, -1.000000, 0.334280, -1.000000, 0.353723, -1.000000
0.730000, 0.520000, 2.290001, 0.413900, 0.332378, -1.000000, 0.400066, -1.000000, 0.337101, -1.000000, 0.356623, -1.000000
0.730000, 0.530000, 2.280001, 0.416988, 0.334398, -1.000000, 0.399877, -1.000000, 0.339934, -1.000000, 0.359533, -1.000000
0.730000, 0.540000, 2.270001, 0.420000, 0.336425, -1.000000, 0.399687, -1.000000, 0.342779, -1.000000, 0.362454, -1.000000
0.730000, 0.550000, 2.260001, 0.422938, 0.338458, -1.000000, 0.399498, -1.000000, 0.345635, -1.000000, 0.365386, -1.000000
0.730000, 0.560000, 2.250001, 0.425800, 0.340497, -1.000000, 0.399309, -1.000000, 0.348502, -1.000000, 0.368327, -1.000000
0.730000, 0.570000, 2.240001, 0.428588, 0.342542, -1.000000, 0.399119, -1.000000, 0.351380, -1.000000, 0.371278, -1.000000
0.730000, 0.580000, 2.230001, 0.431300, 0.344592, -1.000000, 0.398930, -1.000000, 0.354269, -1.000000, 0.374238, -1.000000
0.730000, 0.590000, 2.220001, 0.433938, 0.346648, -1.000000, 0.398741, -1.000000, 0.357169, -1.000000, 0.377208, -1.000000
0.730000, 0.600000, 2.210001, 0.436500, 0.348711, -1.000000, 0.398551, -1.000000, 0.360079, -1.000000, 0.380188, -1.000000
0.730000, 0.610000, 2.200001, 0.438988, 0.350778, -1.000000, 0.398362, -1.000000, 0.362999, -1.000000, 0.383176, -1.000000
0.730000, 0.620000, 2.190001, 0.441400, 0.352231, -1.000000, 0.398173, -1.000000, 0.365930, -1.000000, 0.386173, -1.000000
0.730000, 0.630000, 2.180001, 0.443738, 0.352269, -1.000000, 0.397984, -1.000000, 0.366818, -1.000000, 0.389179, -1.000000
0.730000, 0.640000, 2.170002, 0.446000, 0.352306, -1.000000, 0.397795, -1.000000, 0.366802, -1.000000, 0.392193, -1.000000
0.730000, 0.650000, 2.160002, 0.448188, 0.352344, -1.000000, 0.397606, -1.000000, 0.366785, -1.000000, 0.392294, -1.000000
0.730000, 0.660000, 2.150002, 0.450300, 0.352382, -1.000000, 0.397417, -1.000000, 0.366769, -1.000000, 0.392290, -1.000000
0.730000, 0.670000, 2.140002, 0.452338, 0.352419, -1.000000, 0.397228, -1.000000, 0.366752, -1.000000, 0.392286, -1.000000
0.730000, 0.680000, 2.130002, 0.454300, 0.352457, -1.000000, 0.397039, -1.000000, 0.366735, -1.000000, 0.392282, -1.000000
0.730000, 0.690000, 2.120002, 0.456188, 0.352494, -1.000000, 0.396850, -1.000000, 0.366719, -1.000000, 0.392279, -1.000000
0.730000, 0.700000, 2.110002, 0.458000, 0.352532, -1.000000, 0.396661, -1.000000, 0.366702, -1.000000, 0.392275, -1.000000
0.730000, 0.710000, 2.100002, 0.459738, 0.352570, -1.000000, 0.396472, -1.000000, 0.366686, -1.000000, 0.392271, -1.000000
0.730000, 0.720000, 2.090002, 0.461400, 0.352607, -1.000000, 0.396283, -1.000000, 0.366669, -1.000000, 0.392267, -1.000000
0.730000, 0.730000, 2.080002, 0.462988, 0.352645, -1.000000, 0.396095, -1.000000, 0.366652, -1.000000, 0.392263, -1.000000
0.730000, 0.740000, 2.070002, 0.464500, 0.352682, -1.000000, 0.395906, -1.000000, 0.366636, -1.000000, 0.392259, -1.000000
0.730000, 0.750000, 2.060002, 0.465938, 0.352720, -1.000000, 0.395717, -1.000000, 0.366619, -1.000000, 0.392255, -1.000000
0.730000, 0.760000, 2.050002, 0.467300, 0.352757, -1.000000, 0.395528, -1.000000, 0.366603, -1.000000, 0.392251, -1.000000
0.730000, 0.770000, 2.040002, 0.468588, 0.352795, -1.000000, 0.395340, -1.000000, 0.366578, -1.000000, 0.392247, -1.000000
0.730000, 0.780000, 2.030002, 0.469800, 0.352833, -1.000000, 0.395151, -1.000000, 0.366496, -1.000000, 0.392243, -1.000000
0.730000, 0.790000, 2.020002, 0.470938, 0.352870, -1.000000, 0.394962, -1.000000, 0.366414, -1.000000, 0.392239, -1.000000
0.730000, 0.800000, 2.010002, 0.472000, 0.352908, -1.000000, 0.394774, -1.000000, 0.366331, -1.000000, 0.392235, -1.000000
0.730000, 0.810000, 2.000002, 0.472988, 0.352945, -1.000000, 0.394585, -1.000000, 0.366249, -1.000000, 0.392231, -1.000000
0.730000, 0.820000, 1.990002, 0.473900, 0.352983, -1.000000, 0.394397, -1.000000, 0.366167, -1.000000, 0.392227, -1.000000
0.730000, 0.830000, 1.980002, 0.474738, 0.353021, -1.000000, 0.394208, -1.000000, 0.366084, -1.000000, 0.392223, -1.000000
0.730000, 0.839999, 1.970002, 0.475500, 0.353058, -1.000000, 0.394020, -1.000000, 0.366002, -1.000000, 0.392219, -1.000000
0.730000, 0.849999, 1.960002, 0.476188, 0.353096, -1.000000, 0.393831, -1.000000, 0.365920, -1.000000, 0.392215, -1.000000
0.730000, 0.859999, 1.950002, 0.476800, 0.353133, -1.000000, 0.393643, -1.000000, 0.365838, -1.000000, 0.392211, -1.000000
0.730000, 0.869999, 1.940002, 0.477338, 0.353171, -1.000000, 0.393454, -1.000000, 0.365755, -1.000000, 0.392208, -1.000000
0.730000, 0.879999, 1.930002, 0.477800, 0.353209, -1.000000, 0.393266, -1.000000, 0.365673, -1.000000, 0.392204, -1.000000
0.730000, 0.889999, 1.920002, 0.478188, 0.353246, -1.000000, 0.393078, -1.000000, 0.365591, -1.000000, 0.392200, -1.000000
0.730000, 0.899999, 1.910002, 0.478500, 0.353284, -1.000000, 0.392889, -1.000000, 0.365509, -1.000000, 0.392196, -1.000000
0.730000, 0.909999, 1.900002, 0.478738, 0.353322, -1.000000, 0.392701, -1.000000, 0.365427, -1.000000, 0.392192, -1.000000
0.730000, 0.919999, 1.890002, 0.478900, 0.353359, -1.000000, 0.392513, -1.000000, 0.365344, -1.000000, 0.392188, -1.000000
0.730000, 0.929999, 1.880002, 0.478988, 0.353397, -1.000000, 0.392325, -1.000000, 0.365262, -1.000000, 0.392184, -1.000000
0.730000, 0.939999, 1.870002, 0.479000, 0.353434, -1.000000, 0.392137, -1.000000, 0.365180, -1.000000, 0.392180, -1.000000
0.730000, 0.949999, 1.860002, 0.478938, 0.353472, -1.000000, 0.391948, -1.000000, 0.365098, -1.000000, 0.392176, -1.000000
0.730000, 0.959999, 1.850002, 0.478800, 0.353510, -1.000000, 0.391760, -1.000000, 0.365016, -1.000000, 0.392172, -1.000000
0.730000, 0.969999, 1.840002, 0.478588, 0.353547, -1.000000, 0.391572, -1.000000, 0.364933, -1.000000, 0.392168, -1.000000
0.730000, 0.979999, 1.830002, 0.478300, 0.353585, -1.000000, 0.391384, -1.000000, 0.364851, -1.000000, 0.392164, -1.000000
0.730000, 0.989999, 1.820002, 0.477938, 0.353623, -1.000000, 0.391196, -1.000000, 0.364769, -1.000000, 0.392160, -1.000000
0.730000, 0.999999, 1.810002, 0.477500, 0.353660, -1.000000, 0.391008, -1.000000, 0.364687, -1.000000, 0.392156, -1.000000
0.740000, 0.000000, 2.780001, 0.150000, 0.203774, 0.732904, 0.410066, 0.996238, 0.208379, 0.806331, 0.222618, 0.992968
0.740000, 0.010000, 2.770001, 0.156913, 0.205925, -1.000000, 0.409875, -1.000000, 0.210474, -1.000000, 0.224818, -1.000000
0.740000, 0.020000, 2.760001, 0.163750, 0.208094, -1.000000, 0.409685, -1.000000, 0.212584, -1.000000, 0.227032, -1.000000
0.740000, 0.030000, 2.750001, 0.170513, 0.210278, -1.000000, 0.409494, -1.000000, 0.214709, -1.000000, 0.229262, -1.000000
0.740000, 0.040000, 2.740001, 0.177200, 0.212480, -1.000000, 0.409303, -1.000000, 0.216850, -1.000000, 0.231507, -1.000000
0.740000, 0.050000, 2.730001, 0.183813, 0.214698, -1.000000, 0.409112, -1.000000, 0.219007, -1.000000, 0.233767, -1.000000
0.740000, 0.060000, 2.720001, 0.190350, 0.216934, -1.000000, 0.408921, -1.000000, 0.221178, -1.000000, 0.236043, -1.000000
0.740000, 0.070000, 2.710001, 0.196813, 0.219186, -1.000000, 0.408730, -1.000000, 0.223366, -1.000000, 0.238334, -1.000000
0.740000, 0.080000, 2.700001, 0.203200, 0.221454, -1.000000, 0.408540, -1.000000, 0.225568, -1.000000, 0.240641, -1.000000
0.740000, 0.090000, 2.690001, 0.209513, 0.223740, -1.000000, 0.408349, -1.000000, 0.227786, -1.000000, 0.242962, -1.000000
0.740000, 0.100000, 2.680001, 0.215750, 0.226042, -1.000000, 0.408158, -1.000000, 0.230019, -1.000000, 0.245299, -1.000000
0.740000, 0.110000, 2.670001, 0.221913, 0.228361, -1.000000, 0.407968, -1.000000, 0.232268, -1.000000, 0.247651, -1.000000
0.740000, 0.120000, 2.660001, 0.228000, 0.230697, -1.000000, 0.407777, -1.000000, 0.234531, -1.000000, 0.250017, -1.000000
0.740000, 0.130000, 2.650001, 0.234013, 0.233049, -1.000000, 0.407587, -1.000000, 0.236810, -1.000000, 0.252399, -1.000000
0.740000, 0.140000, 2.640001, 0.239950, 0.235418, -1.000000, 0.407396, -1.000000, 0.239105, -1.000000, 0.254796, -1.000000
0.740000, 0.150000, 2.630001, 0.245813, 0.237804, -1.000000, 0.407205, -1.000000, 0.241414, -1.000000, 0.257208, -1.000000
0.740000, 0.160000, 2.620001, 0.251600, 0.240206, -1.000000, 0.407015, -1.000000, 0.243739, -1.000000, 0.259634, -1.000000
0.740000, 0.170000, 2.610001, 0.257313, 0.242624, -1.000000, 0.406824, -1.000000, 0.246078, -1.000000, 0.262076, -1.000000
0.740000, 0.180000, 2.600001, 0.262950, 0.245060, -1.000000, 0.406634, -1.000000, 0.248433, -1.000000, 0.264532, -1.000000
0.740000, 0.190000, 2.590001, 0.268513, 0.247511, -1.000000, 0.406444, -1.000000, 0.250803, -1.000000, 0.267003, -1.000000
0.740000, 0.200000, 2.580001, 0.274000, 0.249979, -1.000000, 0.406253, -1.000000, 0.253188, -1.000000, 0.269489, -1.000000
0.740000, 0.210000, 2.570001, 0.279413, 0.252464, -1.000000, 0.406063, -1.000000, 0.255587, -1.000000, 0.271989, -1.000000
0.740000, 0.220000, 2.560001, 0.284750, 0.254964, -1.000000, 0.405872, -1.000000, 0.258002, -1.000000, 0.274503, -1.000000
0.740000, 0.230000, 2.550001, 0.290013, 0.257481, -1.000000, 0.405682, -1.000000, 0.260432, -1.000000, 0.277032, -1.000000
0.740000, 0.240000, 2.540001, 0.295200, 0.260015, -1.000000, 0.405492, -1.000000, 0.262876, -1.000000, 0.279576, -1.000000
0.740000, 0.250000, 2.530001, 0.300313, 0.262564, -1.000000, 0.405302, -1.000000, 0.265335, -1.000000, 0.282133, -1.000000
0.740000, 0.260000, 2.520001, 0.305350, 0.265129, -1.000000, 0.405111, -1.000000, 0.267808, -1.000000, 0.284705, -1.000000
0.740000, 0.270000, 2.510001, 0.310313, 0.267710, -1.000000, 0.404921, -1.000000, 0.270297, -1.000000, 0.287291, -1.000000
0.740000, 0.280000, 2.500001, 0.315200, 0.270307, -1.000000, 0.404731, -1.000000, 0.272799, -1.000000, 0.289890, -1.000000
0.740000, 0.290000, 2.490001, 0.320013, 0.272920, -1.000000, 0.404541, -1.000000, 0.275316, -1.000000, 0.292504, -1.000000
0.740000, 0.300000, 2.480001, 0.324750, 0.275549, -1.000000, 0.404351, -1.000000, 0.277848, -1.000000, 0.295131, -1.000000
0.740000, 0.310000, 2.470001, 0.329413, 0.278193, -1.000000, 0.404161, -1.000000, 0.280394, -1.000000, 0.297772, -1.000000
0.740000, 0.320000, 2.460001, 0.334000, 0.280853, -1.000000, 0.403971, -1.000000, 0.282954, -1.000000, 0.300427, -1.000000
0.740000, 0.330000, 2.450001, 0.338513, 0.283528, -1.000000, 0.403781, -1.000000, 0.285528, -1.000000, 0.303095, -1.000000
0.740000, 0.340000, 2.440001, 0.342950, 0.286219, -1.000000, 0.403591, -1.000000, 0.288116, -1.000000, 0.305776, -1.000000
0.740000, 0.350000, 2.430001, 0.347313, 0.288925, -1.000000, 0.403401, -1.000000, 0.290718, -1.000000, 0.308471, -1.000000
0.740000, 0.360000, 2.420001, 0.351600, 0.291646, -1.000000, 0.403211, -1.000000, 0.293333, -1.000000, 0.311179, -1.000000
0.740000, 0.370000, 2.410001, 0.355813, 0.294382, -1.000000, 0.403021, -1.000000, 0.295963, -1.000000, 0.313899, -1.000000
0.740000, 0.380000, 2.400001, 0.359950, 0.297133, -1.000000, 0.402831, -1.000000, 0.298606, -1.000000, 0.316633, -1.000000
0.740000, 0.390000, 2.390001, 0.364013, 0.299898, -1.000000, 0.402641, -1.000000, 0.301262, -1.000000, 0.319379, -1.000000
0.740000, 0.400000, 2.380001, 0.368000, 0.302679, -1.000000, 0.402451, -1.000000, 0.303932, -1.000000, 0.322138, -1.000000
0.740000, 0.410000, 2.370001, 0.371913, 0.305474, -1.000000, 0.402261, -1.000000, 0.306616, -1.000000, 0.324909, -1.000000
0.740000, 0.420000, 2.360001, 0.375750, 0.308283, -1.000000, 0.402072, -1.000000, 0.309312, -1.000000, 0.327693, -1.000000
0.740000, 0.430000, 2.350001, 0.379513, 0.311106, -1.000000, 0.401882, -1.000000, 0.312022, -1.000000, 0.330488, -1.000000
0.740000, 0.440000, 2.340001, 0.383200, 0.313944, -1.000000, 0.401692, -1.000000, 0.314744, -1.000000, 0.333296, -1.000000
0.740000, 0.450000, 2.330001, 0.386813, 0.316796, -1.000000, 0.401503, -1.000000, 0.317479, -1.000000, 0.336116, -1.000000
0.740000, 0.460000, 2.320001, 0.390350, 0.319661, -1.000000, 0.401313, -1.000000, 0.320227, -1.000000, 0.338947, -1.000000
0.740000, 0.470000, 2.310001, 0.393813, 0.322074, -1.000000, 0.401123, -1.000000, 0.322987, -1.000000, 0.341790, -1.000000
0.740000, 0.480000, 2.300001, 0.397200, 0.324063, -1.000000, 0.400934, -1.000000, 0.325760, -1.000000, 0.344645, -1.000000
0.740000, 0.490000, 2.290001, 0.400513, 0.326058, -1.000000, 0.400744, -1.000000, 0.328545, -1.000000, 0.347510, -1.000000
0.740000, 0.500000, 2.280001, 0.403750, 0.328059, -1.000000, 0.400555, -1.000000, 0.331342, -1.000000, 0.350387, -1.000000
0.740000, 0.510000, 2.270001, 0.406913, 0.330066, -1.000000, 0.400365, -1.000000, 0.334151, -1.000000, 0.353275, -1.000000
0.740000, 0.520000, 2.260001, 0.410000, 0.332080, -1.000000, 0.400176, -1.000000, 0.336972, -1.000000, 0.356173, -1.000000
0.740000, 0.530000, 2.250001, 0.413013, 0.334100, -1.000000, 0.399986, -1.000000, 0.339805, -1.000000, 0.359082, -1.000000
0.740000, 0.540000, 2.240001, 0.415950, 0.336126, -1.000000, 0.399797, -1.000000, 0.342649, -1.000000, 0.362002, -1.000000
0.740000, 0.550000, 2.230001, 0.418813, 0.338157, -1.000000, 0.399607, -1.000000, 0.345504, -1.000000, 0.364931, -1.000000
0.740000, 0.560000, 2.220001, 0.421600, 0.340195, -1.000000, 0.399418, -1.000000, 0.348371, -1.000000, 0.367871, -1.000000
0.740000, 0.570000, 2.210001, 0.424313, 0.342239, -1.000000, 0.399229, -1.000000, 0.351249, -1.000000, 0.370820, -1.000000
0.740000, 0.580000, 2.200001, 0.426950, 0.344289, -1.000000, 0.399039, -1.000000, 0.354137, -1.000000, 0.373779, -1.000000
0.740000, 0.590000, 2.190001, 0.429513, 0.346344, -1.000000, 0.398850, -1.000000, 0.357036, -1.000000, 0.376748, -1.000000
0.740000, 0.600000, 2.180001, 0.432000, 0.348406, -1.000000, 0.398661, -1.000000, 0.359946, -1.000000, 0.379726, -1.000000
0.740000, 0.610000, 2.170002, 0.434413, 0.350473, -1.000000, 0.398472, -1.000000, 0.362866, -1.000000, 0.382712, -1.000000
0.740000, 0.620000, 2.160002, 0.436750, 0.352212, -1.000000, 0.398283, -1.000000, 0.365796, -1.000000, 0.385704, -1.000000
0.740000, 0.630000, 2.150002, 0.439013, 0.352250, -1.000000, 0.398093, -1.000000, 0.366743, -1.000000, 0.388705, -1.000000
0.740000, 0.640000, 2.140002, 0.441200, 0.352288, -1.000000, 0.397904, -1.000000, 0.366727, -1.000000, 0.391714, -1.000000
0.740000, 0.650000, 2.130002, 0.443313, 0.352325, -1.000000, 0.397715, -1.000000, 0.366710, -1.000000, 0.392282, -1.000000
0.740000, 0.660000, 2.120002, 0.445350, 0.352363, -1.000000, 0.397526, -1.000000, 0.366694, -1.000000, 0.392278, -1.000000
0.740000, 0.670000, 2.110002, 0.447313, 0.352400, -1.000000, 0.397337, -1.000000, 0.366677, -1.000000, 0.392274, -1.000000
0.740000, 0.680000, 2.100002, 0.449200, 0.352438, -1.000000, 0.397148, -1.000000, 0.366660, -1.000000, 0.392270, -1.000000
0.740000, 0.690000, 2.090002, 0.451013, 0.352476, -1.000000, 0.396959, -1.000000, 0.366644, -1.000000, 0.392266, -1.000000
0.740000, 0.700000, 2.080002, 0.452750, 0.352513, -1.000000, 0.396770, -1.000000, 0.366627, -1.000000, 0.392262, -1.000000
0.740000, 0.710000, 2.070002, 0.454413, 0.352551, -1.000000, 0.396581, -1.000000, 0.366611, -1.000000, 0.392258, -1.000000
0.740000, 0.720000, 2.060002, 0.456000, 0.352588, -1.000000, 0.396392, -1.000000, 0.366594, -1.000000, 0.392254, -1.000000
0.740000, 0.730000, 2.050002, 0.457513, 0.352626, -1.000000, 0.396204, -1.000000, 0.366577, -1.000000, 0.392250, -1.000000
0.740000, 0.740000, 2.040002, 0.458950, 0.352663, -1.000000, 0.396015, -1.000000, 0.366561, -1.000000, 0.392246, -1.000000
0.740000, 0.750000, 2.030002, 0.460313, 0.352701, -1.000000, 0.395826, -1.000000, 0.366544, -1.000000, 0.392242, -1.000000
0.740000, 0.760000, 2.020002, 0.461600, 0.352739, -1.000000, 0.395637, -1.000000, 0.366528, -1.000000, 0.392238, -1.000000
0.740000, 0.770000, 2.010002, 0.462813, 0.352776, -1.000000, 0.395449, -1.000000, 0.366511, -1.000000, 0.392234, -1.000000
0.740000, 0.780000, 2.000002, 0.463950, 0.352814, -1.000000, 0.395260, -1.000000, 0.366450, -1.000000, 0.392230, -1.000000
0.740000, 0.790000, 1.990002, 0.465013, 0.352851, -1.000000, 0.395071, -1.000000, 0.366367, -1.000000, 0.392226, -1.000000
0.740000, 0.800000, 1.980002, 0.466000, 0.352889, -1.000000, 0.394883, -1.000000, 0.366285, -1.000000, 0.392222, -1.000000
0.740000, 0.810000, 1.970002, 0.466913, 0.352927, -1.000000, 0.394694, -1.000000, 0.366203, -1.000000, 0.392219, -1.000000
0.740000, 0.820000, 1.960002, 0.467750, 0.352964, -1.000000, 0.394506, -1.000000, 0.366121, -1.000000, 0.392215, -1.000000
0.740000, 0.830000, 1.950002, 0.468513, 0.353002, -1.000000, 0.394317, -1.000000, 0.366038, -1.000000, 0.392211, -1.000000
0.740000, 0.839999, 1.940002, 0.469200, 0.353039, -1.000000, 0.394129, -1.000000, 0.365956, -1.000000, 0.392207, -1.000000
0.740000, 0.849999, 1.930002, 0.469813, 0.353077, -1.000000, 0.393940, -1.000000, 0.365874, -1.000000, 0.392203, -1.000000
0.740000, 0.859999, 1.920002, 0.470350, 0.353115, -1.000000, 0.393752, -1.000000, 0.365792, -1.000000, 0.392199, -1.000000
0.740000, 0.869999, 1.910002, 0.470813, 0.353152, -1.000000, 0.393563, -1.000000, 0.365709, -1.000000, 0.392195, -1.000000
0.740000, 0.879999, 1.900002, 0.471200, 0.353190, -1.000000, 0.393375, -1.000000, 0.365627, -1.000000, 0.392191, -1.000000
0.740000, 0.889999, 1.890002, 0.471513, 0.353227, -1.000000, 0.393187, -1.000000, 0.365545, -1.000000, 0.392187, -1.000000
0.740000, 0.899999, 1.880002, 0.471750, 0.353265, -1.000000, 0.392998, -1.000000, 0.365463, -1.000000, 0.392183, -1.000000
0.740000, 0.909999, 1.870002, 0.471913, 0.353303, -1.000000, 0.392810, -1.000000, 0.365380, -1.000000, 0.392179, -1.000000
0.740000, 0.919999, 1.860002, 0.472000, 0.353340, -1.000000, 0.392622, -1.000000, 0.365298, -1.000000, 0.392175, -1.000000
0.740000, 0.929999, 1.850002, 0.472013, 0.353378, -1.000000, 0.392434, -1.000000, 0.365216, -1.000000, 0.392171, -1.000000
0.740000, 0.939999, 1.840002, 0.471950, 0.353416, -1.000000, 0.392245, -1.000000, 0.365134, -1.000000, 0.392167, -1.000000
0.740000, 0.949999, 1.830002, 0.471813, 0.353453, -1.000000, 0.392057, -1.000000, 0.365052, -1.000000, 0.392163, -1.000000
0.740000, 0.959999, 1.820002, 0.471600, 0.353491, -1.000000, 0.391869, -1.000000, 0.364969, -1.000000, 0.392159, -1.000000
0.740000, 0.969999, 1.810002, 0.471313, 0.353528, -1.000000, 0.391681, -1.000000, 0.364887, -1.000000, 0.392155, -1.000000
0.740000, 0.979999, 1.800002, 0.470950, 0.353566, -1.000000, 0.391493, -1.000000, 0.364805, -1.000000, 0.392152, -1.000000
0.740000, 0.989999, 1.790002, 0.470513, 0.353604, -1.000000, 0.391305, -1.000000, 0.364723, -1.000000, 0.392148, -1.000000
0.740000, 0.999999, 1.780002, 0.470000, 0.353641, -1.000000, 0.391117, -1.000000, 0.364641, -1.000000, 0.392144, -1.000000
0.750000, 0.000000, 2.750001, 0.150000, 0.203619, 0.732903, 0.410177, 0.996251, 0.208284, 0.806331, 0.222279, 0.993081
0.750000, 0.010000, 2.740001, 0.156838, 0.205769, -1.000000, 0.409986, -1.000000, 0.210378, -1.000000, 0.224476, -1.000000
0.750000, 0.020000, 2.730001, 0.163600, 0.207936, -1.000000, 0.409795, -1.000000, 0.212487, -1.000000, 0.226688, -1.000000
0.750000, 0.030000, 2.720001, 0.170288, 0.210120, -1.000000, 0.409604, -1.000000, 0.214612, -1.000000, 0.228916, -1.000000
0.750000, 0.040000, 2.710001, 0.176900, 0.212320, -1.000000, 0.409413, -1.000000, 0.216752, -1.000000, 0.231158, -1.000000
0.750000, 0.050000, 2.700001, 0.183438, 0.214537, -1.000000, 0.409222, -1.000000, 0.218908, -1.000000, 0.233417, -1.000000
0.750000, 0.060000, 2.690001, 0.189900, 0.216771, -1.000000, 0.409032, -1.000000, 0.221079, -1.000000, 0.235690, -1.000000
0.750000, 0.070000, 2.680001, 0.196288, 0.219022, -1.000000, 0.408841, -1.000000, 0.223265, -1.000000, 0.237979, -1.000000
0.750000, 0.080000, 2.670001, 0.202600, 0.221290, -1.000000, 0.408650, -1.000000, 0.225467, -1.000000, 0.240283, -1.000000
0.750000, 0.090000, 2.660001, 0.208838, 0.223574, -1.000000, 0.408459, -1.000000, 0.227684, -1.000000, 0.242602, -1.000000
0.750000, 0.100000, 2.650001, 0.215000, 0.225875, -1.000000, 0.408269, -1.000000, 0.229917, -1.000000, 0.244936, -1.000000
0.750000, 0.110000, 2.640001, 0.221088, 0.228193, -1.000000, 0.408078, -1.000000, 0.232165, -1.000000, 0.247285, -1.000000
0.750000, 0.120000, 2.630001, 0.227100, 0.230527, -1.000000, 0.407887, -1.000000, 0.234428, -1.000000, 0.249650, -1.000000
0.750000, 0.130000, 2.620001, 0.233038, 0.232878, -1.000000, 0.407697, -1.000000, 0.236706, -1.000000, 0.252029, -1.000000
0.750000, 0.140000, 2.610001, 0.238900, 0.235246, -1.000000, 0.407506, -1.000000, 0.239000, -1.000000, 0.254424, -1.000000
0.750000, 0.150000, 2.600001, 0.244688, 0.237630, -1.000000, 0.407316, -1.000000, 0.241308, -1.000000, 0.256834, -1.000000
0.750000, 0.160000, 2.590001, 0.250400, 0.240031, -1.000000, 0.407125, -1.000000, 0.243632, -1.000000, 0.259258, -1.000000
0.750000, 0.170000, 2.580001, 0.256038, 0.242449, -1.000000, 0.406935, -1.000000, 0.245971, -1.000000, 0.261697, -1.000000
0.750000, 0.180000, 2.570001, 0.261600, 0.244883, -1.000000, 0.406744, -1.000000, 0.248325, -1.000000, 0.264151, -1.000000
0.750000, 0.190000, 2.560001, 0.267088, 0.247333, -1.000000, 0.406554, -1.000000, 0.250694, -1.000000, 0.266620, -1.000000
0.750000, 0.200000, 2.550001, 0.272500, 0.249800, -1.000000, 0.406363, -1.000000, 0.253079, -1.000000, 0.269103, -1.000000
0.750000, 0.210000, 2.540001, 0.277838, 0.252283, -1.000000, 0.406173, -1.000000, 0.255478, -1.000000, 0.271601, -1.000000
0.750000, 0.220000, 2.530001, 0.283100, 0.254783, -1.000000, 0.405983, -1.000000, 0.257892, -1.000000, 0.274113, -1.000000
0.750000, 0.230000, 2.520001, 0.288288, 0.257299, -1.000000, 0.405792, -1.000000, 0.260320, -1.000000, 0.276640, -1.000000
0.750000, 0.240000, 2.510001, 0.293400, 0.259831, -1.000000, 0.405602, -1.000000, 0.262764, -1.000000, 0.279181, -1.000000
0.750000, 0.250000, 2.500001, 0.298438, 0.262379, -1.000000, 0.405412, -1.000000, 0.265222, -1.000000, 0.281736, -1.000000
0.750000, 0.260000, 2.490001, 0.303400, 0.264943, -1.000000, 0.405221, -1.000000, 0.267695, -1.000000, 0.284306, -1.000000
0.750000, 0.270000, 2.480001, 0.308288, 0.267523, -1.000000, 0.405031, -1.000000, 0.270183, -1.000000, 0.286889, -1.000000
0.750000, 0.280000, 2.470001, 0.313100, 0.270119, -1.000000, 0.404841, -1.000000, 0.272685, -1.000000, 0.289487, -1.000000
0.750000, 0.290000, 2.460001, 0.317838, 0.272731, -1.000000, 0.404651, -1.000000, 0.275201, -1.000000, 0.292098, -1.000000
0.750000, 0.300000, 2.450001, 0.322500, 0.275358, -1.000000, 0.404461, -1.000000, 0.277732, -1.000000, 0.294724, -1.000000
0.750000, 0.310000, 2.440001, 0.327088, 0.278001, -1.000000, 0.404271, -1.000000, 0.280277, -1.000000, 0.297363, -1.000000
0.750000, 0.320000, 2.430001, 0.331600, 0.280660, -1.000000, 0.404081, -1.000000, 0.282837, -1.000000, 0.300015, -1.000000
0.750000, 0.330000, 2.420001, 0.336038, 0.283334, -1.000000, 0.403890, -1.000000, 0.285410, -1.000000, 0.302681, -1.000000
0.750000, 0.340000, 2.410001, 0.340400, 0.286024, -1.000000, 0.403700, -1.000000, 0.287997, -1.000000, 0.305360, -1.000000
0.750000, 0.350000, 2.400001, 0.344688, 0.288728, -1.000000, 0.403510, -1.000000, 0.290599, -1.000000, 0.308053, -1.000000
0.750000, 0.360000, 2.390001, 0.348900, 0.291448, -1.000000, 0.403320, -1.000000, 0.293214, -1.000000, 0.310759, -1.000000
0.750000, 0.370000, 2.380001, 0.353038, 0.294183, -1.000000, 0.403131, -1.000000, 0.295843, -1.000000, 0.313477, -1.000000
0.750000, 0.380000, 2.370001, 0.357100, 0.296933, -1.000000, 0.402941, -1.000000, 0.298485, -1.000000, 0.316209, -1.000000
0.750000, 0.390000, 2.360001, 0.361088, 0.299698, -1.000000, 0.402751, -1.000000, 0.301141, -1.000000, 0.318953, -1.000000
0.750000, 0.400000, 2.350001, 0.365000, 0.302477, -1.000000, 0.402561, -1.000000, 0.303810, -1.000000, 0.321710, -1.000000
0.750000, 0.410000, 2.340001, 0.368838, 0.305271, -1.000000, 0.402371, -1.000000, 0.306493, -1.000000, 0.324479, -1.000000
0.750000, 0.420000, 2.330001, 0.372600, 0.308079, -1.000000, 0.402181, -1.000000, 0.309189, -1.000000, 0.327261, -1.000000
0.750000, 0.430000, 2.320001, 0.376288, 0.310901, -1.000000, 0.401992, -1.000000, 0.311898, -1.000000, 0.330055, -1.000000
0.750000, 0.440000, 2.310001, 0.379900, 0.313738, -1.000000, 0.401802, -1.000000, 0.314620, -1.000000, 0.332861, -1.000000
0.750000, 0.450000, 2.300001, 0.383438, 0.316589, -1.000000, 0.401612, -1.000000, 0.317354, -1.000000, 0.335679, -1.000000
0.750000, 0.460000, 2.290001, 0.386900, 0.319453, -1.000000, 0.401423, -1.000000, 0.320101, -1.000000, 0.338508, -1.000000
0.750000, 0.470000, 2.280001, 0.390288, 0.321781, -1.000000, 0.401233, -1.000000, 0.322861, -1.000000, 0.341349, -1.000000
0.750000, 0.480000, 2.270001, 0.393600, 0.323769, -1.000000, 0.401043, -1.000000, 0.325633, -1.000000, 0.344202, -1.000000
0.750000, 0.490000, 2.260001, 0.396838, 0.325763, -1.000000, 0.400854, -1.000000, 0.328418, -1.000000, 0.347066, -1.000000
0.750000, 0.500000, 2.250001, 0.400000, 0.327763, -1.000000, 0.400664, -1.000000, 0.331214, -1.000000, 0.349941, -1.000000
0.750000, 0.510000, 2.240001, 0.403088, 0.329769, -1.000000, 0.400475, -1.000000, 0.334023, -1.000000, 0.352827, -1.000000
0.750000, 0.520000, 2.230001, 0.406100, 0.331782, -1.000000, 0.400285, -1.000000, 0.336843, -1.000000, 0.355724, -1.000000
0.750000, 0.530000, 2.220001, 0.409038, 0.333801, -1.000000, 0.400096, -1.000000, 0.339675, -1.000000, 0.358631, -1.000000
0.750000, 0.540000, 2.210001, 0.411900, 0.335826, -1.000000, 0.399906, -1.000000, 0.342519, -1.000000, 0.361549, -1.000000
0.750000, 0.550000, 2.200001, 0.414688, 0.337857, -1.000000, 0.399717, -1.000000, 0.345374, -1.000000, 0.364477, -1.000000
0.750000, 0.560000, 2.190001, 0.417400, 0.339894, -1.000000, 0.399527, -1.000000, 0.348240, -1.000000, 0.367415, -1.000000
0.750000, 0.570000, 2.180001, 0.420038, 0.341937, -1.000000, 0.399338, -1.000000, 0.351117, -1.000000, 0.370363, -1.000000
0.750000, 0.580000, 2.170002, 0.422600, 0.343986, -1.000000, 0.399149, -1.000000, 0.354005, -1.000000, 0.373319, -1.000000
0.750000, 0.590000, 2.160002, 0.425088, 0.346041, -1.000000, 0.398960, -1.000000, 0.356904, -1.000000, 0.376282, -1.000000
0.750000, 0.600000, 2.150002, 0.427500, 0.348101, -1.000000, 0.398770, -1.000000, 0.359813, -1.000000, 0.379255, -1.000000
0.750000, 0.610000, 2.140002, 0.429838, 0.350167, -1.000000, 0.398581, -1.000000, 0.362732, -1.000000, 0.382236, -1.000000
0.750000, 0.620000, 2.130002, 0.432100, 0.352194, -1.000000, 0.398392, -1.000000, 0.365662, -1.000000, 0.385227, -1.000000
0.750000, 0.630000, 2.120002, 0.434288, 0.352231, -1.000000, 0.398203, -1.000000, 0.366668, -1.000000, 0.388226, -1.000000
0.750000, 0.640000, 2.110002, 0.436400, 0.352269, -1.000000, 0.398014, -1.000000, 0.366652, -1.000000, 0.391234, -1.000000
0.750000, 0.650000, 2.100002, 0.438438, 0.352306, -1.000000, 0.397825, -1.000000, 0.366635, -1.000000, 0.392269, -1.000000
0.750000, 0.660000, 2.090002, 0.440400, 0.352344, -1.000000, 0.397635, -1.000000, 0.366619, -1.000000, 0.392265, -1.000000
0.750000, 0.670000, 2.080002, 0.442288, 0.352382, -1.000000, 0.397446, -1.000000, 0.366602, -1.000000, 0.392261, -1.000000
0.750000, 0.680000, 2.070002, 0.444100, 0.352419, -1.000000, 0.397257, -1.000000, 0.366585, -1.000000, 0.392257, -1.000000
0.750000, 0.690000, 2.060002, 0.445838, 0.352457, -1.000000, 0.397068, -1.000000, 0.366569, -1.000000, 0.392253, -1.000000
0.750000, 0.700000, 2.050002, 0.447500, 0.352494, -1.000000, 0.396879, -1.000000, 0.366552, -1.000000, 0.392249, -1.000000
0.750000, 0.710000, 2.040002, 0.449088, 0.352532, -1.000000, 0.396691, -1.000000, 0.366536, -1.000000, 0.392245, -1.000000
0.750000, 0.720000, 2.030002, 0.450600, 0.352569, -1.000000, 0.396502, -1.000000, 0.366519, -1.000000, 0.392241, -1.000000
0.750000, 0.730000, 2.020002, 0.452038, 0.352607, -1.000000, 0.396313, -1.000000, 0.366502, -1.000000, 0.392237, -1.000000
0.750000, 0.740000, 2.010002, 0.453400, 0.352645, -1.000000, 0.396124, -1.000000, 0.366486, -1.000000, 0.392233, -1.000000
0.750000, 0.750000, 2.000002, 0.454688, 0.352682, -1.000000, 0.395935, -1.000000, 0.366469, -1.000000, 0.392230, -1.000000
0.750000, 0.760000, 1.990002, 0.455900, 0.352720, -1.000000, 0.395747, -1.000000, 0.366453, -1.000000, 0.392226, -1.000000
0.750000, 0.770000, 1.980002, 0.457038, 0.352757, -1.000000, 0.395558, -1.000000, 0.366436, -1.000000, 0.392222, -1.000000
0.750000, 0.780000, 1.970002, 0.458100, 0.352795, -1.000000, 0.395369, -1.000000, 0.366404, -1.000000, 0.392218, -1.000000
0.750000, 0.790000, 1.960002, 0.459088, 0.352833, -1.000000, 0.395180, -1.000000, 0.366321, -1.000000, 0.392214, -1.000000
0.750000, 0.800000, 1.950002, 0.460000, 0.352870, -1.000000, 0.394992, -1.000000, 0.366239, -1.000000, 0.392210, -1.000000
0.750000, 0.810000, 1.940002, 0.460838, 0.352908, -1.000000, 0.394803, -1.000000, 0.366157, -1.000000, 0.392206, -1.000000
0.750000, 0.820000, 1.930002, 0.461600, 0.352945, -1.000000, 0.394615, -1.000000, 0.366074, -1.000000, 0.392202, -1.000000
0.750000, 0.830000, 1.920002, 0.462288, 0.352983, -1.000000, 0.394426, -1.000000, 0.365992, -1.000000, 0.392198, -1.000000
0.750000, 0.839999, 1.910002, 0.462900, 0.353021, -1.000000, 0.394238, -1.000000, 0.365910, -1.000000, 0.392194, -1.000000
0.750000, 0.849999, 1.900002, 0.463438, 0.353058, -1.000000, 0.394049, -1.000000, 0.365828, -1.000000, 0.392190, -1.000000
0.750000, 0.859999, 1.890002, 0.463900, 0.353096, -1.000000, 0.393861, -1.000000, 0.365745, -1.000000, 0.392186, -1.000000
0.750000, 0.869999, 1.880002, 0.464288, 0.353133, -1.000000, 0.393672, -1.000000, 0.365663, -1.000000, 0.392182, -1.000000
0.750000, 0.879999, 1.870002, 0.464600, 0.353171, -1.000000, 0.393484, -1.000000, 0.365581, -1.000000, 0.392178, -1.000000
0.750000, 0.889999, 1.860002, 0.464838, 0.353209, -1.000000, 0.393296, -1.000000, 0.365499, -1.000000, 0.392174, -1.000000
0.750000, 0.899999, 1.850002, 0.465000, 0.353246, -1.000000, 0.393107, -1.000000, 0.365416, -1.000000, 0.392170, -1.000000
0.750000, 0.909999, 1.840002, 0.465088, 0.353284, -1.000000, 0.392919, -1.000000, 0.365334, -1.000000, 0.392166, -1.000000
0.750000, 0.919999, 1.830002, 0.465100, 0.353322, -1.000000, 0.392731, -1.000000, 0.365252, -1.000000, 0.392162, -1.000000
0.750000, 0.929999, 1.820002, 0.465038, 0.353359, -1.000000, 0.392542, -1.000000, 0.365170, -1.000000, 0.392159, -1.000000
0.750000, 0.939999, 1.810002, 0.464900, 0.353397, -1.000000, 0.392354, -1.000000, 0.365088, -1.000000, 0.392155, -1.000000
0.750000, 0.949999, 1.800002, 0.464688, 0.353434, -1.000000, 0.392166, -1.000000, 0.365006, -1.000000, 0.392151, -1.000000
0.750000, 0.959999, 1.790002, 0.464400, 0.353472, -1.000000, 0.391978, -1.000000, 0.364923, -1.000000, 0.392147, -1.000000
0.750000, 0.969999, 1.780002, 0.464038, 0.353510, -1.000000, 0.391790, -1.000000, 0.364841, -1.000000, 0.392143, -1.000000
0.750000, 0.979999, 1.770002, 0.463600, 0.353547, -1.000000, 0.391602, -1.000000, 0.364759, -1.000000, 0.392139, -1.000000
0.750000, 0.989999, 1.760002, 0.463088, 0.353585, -1.000000, 0.391414, -1.000000, 0.364677, -1.000000, 0.392135, -1.000000
0.750000, 0.999999, 1.750002, 0.462500, 0.353623, -1.000000, 0.391226, -1.000000, 0.364595, -1.000000, 0.392131, -1.000000
0.760000, 0.000000, 2.720001, 0.150000, 0.203464, 0.732901, 0.410287, 0.996263, 0.208189, 0.806331, 0.221941, 0.993192
0.760000, 0.010000, 2.710001, 0.156763, 0.205613, -1.000000, 0.410096, -1.000000, 0.210282, -1.000000, 0.224135, -1.000000
0.760000, 0.020000, 2.700001, 0.163450, 0.207779, -1.000000, 0.409905, -1.000000, 0.212391, -1.000000, 0.226345, -1.000000
0.760000, 0.030000, 2.690001, 0.170063, 0.209961, -1.000000, 0.409714, -1.000000, 0.214515, -1.000000, 0.228570, -1.000000
0.760000, 0.040000, 2.680001, 0.176600, 0.212160, -1.000000, 0.409524, -1.000000, 0.216654, -1.000000, 0.230810, -1.000000
0.760000, 0.050000, 2.670001, 0.183063, 0.214376, -1.000000, 0.409333, -1.000000, 0.218809, -1.000000, 0.233066, -1.000000
0.760000, 0.060000, 2.660001, 0.189450, 0.216609, -1.000000, 0.409142, -1.000000, 0.220980, -1.000000, 0.235337, -1.000000
0.760000, 0.070000, 2.650001, 0.195763, 0.218858, -1.000000, 0.408951, -1.000000, 0.223165, -1.000000, 0.237623, -1.000000
0.760000, 0.080000, 2.640001, 0.202000, 0.221125, -1.000000, 0.408760, -1.000000, 0.225367, -1.000000, 0.239925, -1.000000
0.760000, 0.090000, 2.630001, 0.208163, 0.223408, -1.000000, 0.408570, -1.000000, 0.227583, -1.000000, 0.242242, -1.000000
0.760000, 0.100000, 2.620001, 0.214250, 0.225708, -1.000000, 0.408379, -1.000000, 0.229815, -1.000000, 0.244574, -1.000000
0.760000, 0.110000, 2.610001, 0.220263, 0.228024, -1.000000, 0.408188, -1.000000, 0.232062, -1.000000, 0.246921, -1.000000
0.760000, 0.120000, 2.600001, 0.226200, 0.230357, -1.000000, 0.407998, -1.000000, 0.234324, -1.000000, 0.249283, -1.000000
0.760000, 0.130000, 2.590001, 0.232063, 0.232707, -1.000000, 0.407807, -1.000000, 0.236602, -1.000000, 0.251660, -1.000000
0.760000, 0.140000, 2.580001, 0.237850, 0.235074, -1.000000, 0.407616, -1.000000, 0.238895, -1.000000, 0.254052, -1.000000
0.760000, 0.150000, 2.570001, 0.243563, 0.237457, -1.000000, 0.407426, -1.000000, 0.241203, -1.000000, 0.256460, -1.000000
0.760000, 0.160000, 2.560001, 0.249200, 0.239857, -1.000000, 0.407235, -1.000000, 0.243526, -1.000000, 0.258882, -1.000000
0.760000, 0.170000, 2.550001, 0.254763, 0.242273, -1.000000, 0.407045, -1.000000, 0.245864, -1.000000, 0.261319, -1.000000
0.760000, 0.180000, 2.540001, 0.260250, 0.244706, -1.000000, 0.406854, -1.000000, 0.248218, -1.000000, 0.263770, -1.000000
0.760000, 0.190000, 2.530001, 0.265663, 0.247155, -1.000000, 0.406664, -1.000000, 0.250586, -1.000000, 0.266237, -1.000000
0.760000, 0.200000, 2.520001, 0.271000, 0.249621, -1.000000, 0.406473, -1.000000, 0.252970, -1.000000, 0.268718, -1.000000
0.760000, 0.210000, 2.510001, 0.276263, 0.252103, -1.000000, 0.406283, -1.000000, 0.255368, -1.000000, 0.271213, -1.000000
0.760000, 0.220000, 2.500001, 0.281450, 0.254601, -1.000000, 0.406093, -1.000000, 0.257781, -1.000000, 0.273723, -1.000000
0.760000, 0.230000, 2.490001, 0.286563, 0.257116, -1.000000, 0.405902, -1.000000, 0.260209, -1.000000, 0.276248, -1.000000
0.760000, 0.240000, 2.480001, 0.291600, 0.259647, -1.000000, 0.405712, -1.000000, 0.262652, -1.000000, 0.278787, -1.000000
0.760000, 0.250000, 2.470001, 0.296563, 0.262194, -1.000000, 0.405522, -1.000000, 0.265110, -1.000000, 0.281340, -1.000000
0.760000, 0.260000, 2.460001, 0.301450, 0.264757, -1.000000, 0.405331, -1.000000, 0.267582, -1.000000, 0.283907, -1.000000
0.760000, 0.270000, 2.450001, 0.306263, 0.267336, -1.000000, 0.405141, -1.000000, 0.270069, -1.000000, 0.286489, -1.000000
0.760000, 0.280000, 2.440001, 0.311000, 0.269930, -1.000000, 0.404951, -1.000000, 0.272570, -1.000000, 0.289084, -1.000000
0.760000, 0.290000, 2.430001, 0.315663, 0.272541, -1.000000, 0.404761, -1.000000, 0.275086, -1.000000, 0.291693, -1.000000
0.760000, 0.300000, 2.420001, 0.320250, 0.275167, -1.000000, 0.404571, -1.000000, 0.277616, -1.000000, 0.294316, -1.000000
0.760000, 0.310000, 2.410001, 0.324763, 0.277810, -1.000000, 0.404381, -1.000000, 0.280161, -1.000000, 0.296953, -1.000000
0.760000, 0.320000, 2.400001, 0.329200, 0.280467, -1.000000, 0.404190, -1.000000, 0.282719, -1.000000, 0.299603, -1.000000
0.760000, 0.330000, 2.390001, 0.333563, 0.283140, -1.000000, 0.404000, -1.000000, 0.285292, -1.000000, 0.302267, -1.000000
0.760000, 0.340000, 2.380001, 0.337850, 0.285828, -1.000000, 0.403810, -1.000000, 0.287879, -1.000000, 0.304945, -1.000000
0.760000, 0.350000, 2.370001, 0.342063, 0.288532, -1.000000, 0.403620, -1.000000, 0.290480, -1.000000, 0.307635, -1.000000
0.760000, 0.360000, 2.360001, 0.346200, 0.291251, -1.000000, 0.403430, -1.000000, 0.293094, -1.000000, 0.310339, -1.000000
0.760000, 0.370000, 2.350001, 0.350263, 0.293985, -1.000000, 0.403240, -1.000000, 0.295722, -1.000000, 0.313055, -1.000000
0.760000, 0.380000, 2.340001, 0.354250, 0.296733, -1.000000, 0.403050, -1.000000, 0.298364, -1.000000, 0.315785, -1.000000
0.760000, 0.390000, 2.330001, 0.358163, 0.299497, -1.000000, 0.402861, -1.000000, 0.301020, -1.000000, 0.318527, -1.000000
0.760000, 0.400000, 2.320001, 0.362000, 0.302275, -1.000000, 0.402671, -1.000000, 0.303688, -1.000000, 0.321282, -1.000000
0.760000, 0.410000, 2.310001, 0.365763, 0.305068, -1.000000, 0.402481, -1.000000, 0.306370, -1.000000, 0.324050, -1.000000
0.760000, 0.420000, 2.300001, 0.369450, 0.307875, -1.000000, 0.402291, -1.000000, 0.309066, -1.000000, 0.326830, -1.000000
0.760000, 0.430000, 2.290001, 0.373063, 0.310697, -1.000000, 0.402101, -1.000000, 0.311774, -1.000000, 0.329622, -1.000000
0.760000, 0.440000, 2.280001, 0.376600, 0.313532, -1.000000, 0.401912, -1.000000, 0.314495, -1.000000, 0.332426, -1.000000
0.760000, 0.450000, 2.270001, 0.380063, 0.316382, -1.000000, 0.401722, -1.000000, 0.317229, -1.000000, 0.335242, -1.000000
0.760000, 0.460000, 2.260001, 0.383450, 0.319245, -1.000000, 0.401532, -1.000000, 0.319976, -1.000000, 0.338069, -1.000000
0.760000, 0.470000, 2.250001, 0.386763, 0.321488, -1.000000, 0.401343, -1.000000, 0.322735, -1.000000, 0.340909, -1.000000
0.760000, 0.480000, 2.240001, 0.390000, 0.323475, -1.000000, 0.401153, -1.000000, 0.325507, -1.000000, 0.343760, -1.000000
0.760000, 0.490000, 2.230001, 0.393163, 0.325468, -1.000000, 0.400963, -1.000000, 0.328291, -1.000000, 0.346622, -1.000000
0.760000, 0.500000, 2.220001, 0.396250, 0.327467, -1.000000, 0.400774, -1.000000, 0.331087, -1.000000, 0.349495, -1.000000
0.760000, 0.510000, 2.210001, 0.399263, 0.329473, -1.000000, 0.400584, -1.000000, 0.333895, -1.000000, 0.352380, -1.000000
0.760000, 0.520000, 2.200001, 0.402200, 0.331485, -1.000000, 0.400395, -1.000000, 0.336714, -1.000000, 0.355275, -1.000000
0.760000, 0.530000, 2.190001, 0.405063, 0.333503, -1.000000, 0.400205, -1.000000, 0.339546, -1.000000, 0.358180, -1.000000
0.760000, 0.540000, 2.180001, 0.407850, 0.335527, -1.000000, 0.400016, -1.000000, 0.342389, -1.000000, 0.361097, -1.000000
0.760000, 0.550000, 2.170002, 0.410563, 0.337557, -1.000000, 0.399826, -1.000000, 0.345243, -1.000000, 0.364020, -1.000000
0.760000, 0.560000, 2.160002, 0.413200, 0.339593, -1.000000, 0.399637, -1.000000, 0.348109, -1.000000, 0.366953, -1.000000
0.760000, 0.570000, 2.150002, 0.415763, 0.341635, -1.000000, 0.399448, -1.000000, 0.350985, -1.000000, 0.369896, -1.000000
0.760000, 0.580000, 2.140002, 0.418250, 0.343683, -1.000000, 0.399258, -1.000000, 0.353873, -1.000000, 0.372848, -1.000000
0.760000, 0.590000, 2.130002, 0.420663, 0.345737, -1.000000, 0.399069, -1.000000, 0.356771, -1.000000, 0.375810, -1.000000
0.760000, 0.600000, 2.120002, 0.423000, 0.347796, -1.000000, 0.398880, -1.000000, 0.359680, -1.000000, 0.378781, -1.000000
0.760000, 0.610000, 2.110002, 0.425263, 0.349862, -1.000000, 0.398691, -1.000000, 0.362599, -1.000000, 0.381761, -1.000000
0.760000, 0.620000, 2.100002, 0.427450, 0.351933, -1.000000, 0.398501, -1.000000, 0.365528, -1.000000, 0.384750, -1.000000
0.760000, 0.630000, 2.090002, 0.429563, 0.352212, -1.000000, 0.398312, -1.000000, 0.366593, -1.000000, 0.387748, -1.000000
0.760000, 0.640000, 2.080002, 0.431600, 0.352250, -1.000000, 0.398123, -1.000000, 0.366577, -1.000000, 0.390754, -1.000000
0.760000, 0.650000, 2.070002, 0.433563, 0.352288, -1.000000, 0.397934, -1.000000, 0.366560, -1.000000, 0.392256, -1.000000
0.760000, 0.660000, 2.060002, 0.435450, 0.352325, -1.000000, 0.397745, -1.000000, 0.366544, -1.000000, 0.392252, -1.000000
0.760000, 0.670000, 2.050002, 0.437263, 0.352363, -1.000000, 0.397556, -1.000000, 0.366527, -1.000000, 0.392248, -1.000000
0.760000, 0.680000, 2.040002, 0.439000, 0.352400, -1.000000, 0.397367, -1.000000, 0.366510, -1.000000, 0.392244, -1.000000
0.760000, 0.690000, 2.030002, 0.440663, 0.352438, -1.000000, 0.397178, -1.000000, 0.366494, -1.000000, 0.392240, -1.000000
0.760000, 0.700000, 2.020002, 0.442250, 0.352475, -1.000000, 0.396989, -1.000000, 0.366477, -1.000000, 0.392237, -1.000000
0.760000, 0.710000, 2.010002, 0.443763, 0.352513, -1.000000, 0.396800, -1.000000, 0.366461, -1.000000, 0.392233, -1.000000
0.760000, 0.720000, 2.000002, 0.445200, 0.352551, -1.000000, 0.396611, -1.000000, 0.366444, -1.000000, 0.392229, -1.000000
0.760000, 0.730000, 1.990002, 0.446563, 0.352588, -1.000000, 0.396422, -1.000000, 0.366428, -1.000000, 0.392225, -1.000000
0.760000, 0.740000, 1.980002, 0.447850, 0.352626, -1.000000, 0.396233, -1.000000, 0.366411, -1.000000, 0.392221, -1.000000
0.760000, 0.750000, 1.970002, 0.449063, 0.352663, -1.000000, 0.396044, -1.000000, 0.366394, -1.000000, 0.392217, -1.000000
0.760000, 0.760000, 1.960002, 0.450200, 0.352701, -1.000000, 0.395856, -1.000000, 0.366378, -1.000000, 0.392213, -1.000000
0.760000, 0.770000, 1.950002, 0.451263, 0.352739, -1.000000, 0.395667, -1.000000, 0.366361, -1.000000, 0.392209, -1.000000
0.760000, 0.780000, 1.940002, 0.452250, 0.352776, -1.000000, 0.395478, -1.000000, 0.366345, -1.000000, 0.392205, -1.000000
0.760000, 0.790000, 1.930002, 0.453163, 0.352814, -1.000000, 0.395290, -1.000000, 0.366275, -1.000000, 0.392201, -1.000000
0.760000, 0.800000, 1.920002, 0.454000, 0.352851, -1.000000, 0.395101, -1.000000, 0.366193, -1.000000, 0.392197, -1.000000
0.760000, 0.810000, 1.910002, 0.454763, 0.352889, -1.000000, 0.394912, -1.000000, 0.366111, -1.000000, 0.392193, -1.000000
0.760000, 0.820000, 1.900002, 0.455450, 0.352927, -1.000000, 0.394724, -1.000000, 0.366028, -1.000000, 0.392189, -1.000000
0.760000, 0.830000, 1.890002, 0.456063, 0.352964, -1.000000, 0.394535, -1.000000, 0.365946, -1.000000, 0.392185, -1.000000
0.760000, 0.839999, 1.880002, 0.456600, 0.353002, -1.000000, 0.394347, -1.000000, 0.365864, -1.000000, 0.392181, -1.000000
0.760000, 0.849999, 1.870002, 0.457063, 0.353039, -1.000000, 0.394158, -1.000000, 0.365781, -1.000000, 0.392177, -1.000000
0.760000, 0.859999, 1.860002, 0.457450, 0.353077, -1.000000, 0.393970, -1.000000, 0.365699, -1.000000, 0.392173, -1.000000
0.760000, 0.869999, 1.850002, 0.457763, 0.353115, -1.000000, 0.393781, -1.000000, 0.365617, -1.000000, 0.392170, -1.000000
0.760000, 0.879999, 1.840002, 0.458000, 0.353152, -1.000000, 0.393593, -1.000000, 0.365535, -1.000000, 0.392166, -1.000000
0.760000, 0.889999, 1.830002, 0.458163, 0.353190, -1.000000, 0.393404, -1.000000, 0.365453, -1.000000, 0.392162, -1.000000
0.760000, 0.899999, 1.820002, 0.458250, 0.353227, -1.000000, 0.393216, -1.000000, 0.365370, -1.000000, 0.392158, -1.000000
0.760000, 0.909999, 1.810002, 0.458263, 0.353265, -1.000000, 0.393028, -1.000000, 0.365288, -1.000000, 0.392154, -1.000000
0.760000, 0.919999, 1.800002, 0.458200, 0.353303, -1.000000, 0.392840, -1.000000, 0.365206, -1.000000, 0.392150, -1.000000
0.760000, 0.929999, 1.790002, 0.458063, 0.353340, -1.000000, 0.392651, -1.000000, 0.365124, -1.000000, 0.392146, -1.000000
0.760000, 0.939999, 1.780002, 0.457850, 0.353378, -1.000000, 0.392463, -1.000000, 0.365042, -1.000000, 0.392142, -1.000000
0.760000, 0.949999, 1.770002, 0.457563, 0.353416, -1.000000, 0.392275, -1.000000, 0.364959, -1.000000, 0.392138, -1.000000
0.760000, 0.959999, 1.760002, 0.457200, 0.353453, -1.000000, 0.392087, -1.000000, 0.364877, -1.000000, 0.392134, -1.000000
0.760000, 0.969999, 1.750002, 0.456763, 0.353491, -1.000000, 0.391899, -1.000000, 0.364795, -1.000000, 0.392130, -1.000000
0.760000, 0.979999, 1.740002, 0.456250, 0.353528, -1.000000, 0.391711, -1.000000, 0.364713, -1.000000, 0.392126, -1.000000
0.760000, 0.989999, 1.730002, 0.455663, 0.353566, -1.000000, 0.391523, -1.000000, 0.364631, -1.000000, 0.392122, -1.000000
0.760000, 0.999999, 1.720002, 0.455000, 0.353604, -1.000000, 0.391334, -1.000000, 0.364549, -1.000000, 0.392118, -1.000000
0.770000, 0.000000, 2.690001, 0.150000, 0.203309, 0.732900, 0.410398, 0.996276, 0.208094, 0.806331, 0.221602, 0.993300
0.770000, 0.010000, 2.680001, 0.156688, 0.205457, -1.000000, 0.410207, -1.000000, 0.210186, -1.000000, 0.223794, -1.000000
0.770000, 0.020000, 2.670001, 0.163300, 0.207621, -1.000000, 0.410016, -1.000000, 0.212294, -1.000000, 0.226002, -1.000000
0.770000, 0.030000, 2.660001, 0.169838, 0.209802, -1.000000, 0.409825, -1.000000, 0.214418, -1.000000, 0.228224, -1.000000
0.770000, 0.040000, 2.650001, 0.176300, 0.212000, -1.000000, 0.409634, -1.000000, 0.216557, -1.000000, 0.230462, -1.000000
0.770000, 0.050000, 2.640001, 0.182688, 0.214215, -1.000000, 0.409443, -1.000000, 0.218711, -1.000000, 0.232716, -1.000000
0.770000, 0.060000, 2.630001, 0.189000, 0.216447, -1.000000, 0.409252, -1.000000, 0.220880, -1.000000, 0.234984, -1.000000
0.770000, 0.070000, 2.620001, 0.195238, 0.218695, -1.000000, 0.409061, -1.000000, 0.223065, -1.000000, 0.237268, -1.000000
0.770000, 0.080000, 2.610001, 0.201400, 0.220960, -1.000000, 0.408871, -1.000000, 0.225266, -1.000000, 0.239568, -1.000000
0.770000, 0.090000, 2.600001, 0.207488, 0.223242, -1.000000, 0.408680, -1.000000, 0.227481, -1.000000, 0.241882, -1.000000
0.770000, 0.100000, 2.590001, 0.213500, 0.225541, -1.000000, 0.408489, -1.000000, 0.229713, -1.000000, 0.244212, -1.000000
0.770000, 0.110000, 2.580001, 0.219438, 0.227856, -1.000000, 0.408299, -1.000000, 0.231959, -1.000000, 0.246556, -1.000000
0.770000, 0.120000, 2.570001, 0.225300, 0.230188, -1.000000, 0.408108, -1.000000, 0.234221, -1.000000, 0.248916, -1.000000
0.770000, 0.130000, 2.560001, 0.231088, 0.232537, -1.000000, 0.407917, -1.000000, 0.236498, -1.000000, 0.251291, -1.000000
0.770000, 0.140000, 2.550001, 0.236800, 0.234902, -1.000000, 0.407727, -1.000000, 0.238790, -1.000000, 0.253681, -1.000000
0.770000, 0.150000, 2.540001, 0.242438, 0.237284, -1.000000, 0.407536, -1.000000, 0.241097, -1.000000, 0.256086, -1.000000
0.770000, 0.160000, 2.530001, 0.248000, 0.239683, -1.000000, 0.407345, -1.000000, 0.243420, -1.000000, 0.258506, -1.000000
0.770000, 0.170000, 2.520001, 0.253488, 0.242098, -1.000000, 0.407155, -1.000000, 0.245757, -1.000000, 0.260940, -1.000000
0.770000, 0.180000, 2.510001, 0.258900, 0.244529, -1.000000, 0.406964, -1.000000, 0.248110, -1.000000, 0.263390, -1.000000
0.770000, 0.190000, 2.500001, 0.264238, 0.246977, -1.000000, 0.406774, -1.000000, 0.250478, -1.000000, 0.265854, -1.000000
0.770000, 0.200000, 2.490001, 0.269500, 0.249442, -1.000000, 0.406583, -1.000000, 0.252860, -1.000000, 0.268333, -1.000000
0.770000, 0.210000, 2.480001, 0.274688, 0.251923, -1.000000, 0.406393, -1.000000, 0.255258, -1.000000, 0.270826, -1.000000
0.770000, 0.220000, 2.470001, 0.279800, 0.254420, -1.000000, 0.406203, -1.000000, 0.257671, -1.000000, 0.273334, -1.000000
0.770000, 0.230000, 2.460001, 0.284838, 0.256933, -1.000000, 0.406012, -1.000000, 0.260098, -1.000000, 0.275856, -1.000000
0.770000, 0.240000, 2.450001, 0.289800, 0.259463, -1.000000, 0.405822, -1.000000, 0.262541, -1.000000, 0.278393, -1.000000
0.770000, 0.250000, 2.440001, 0.294688, 0.262009, -1.000000, 0.405632, -1.000000, 0.264997, -1.000000, 0.280944, -1.000000
0.770000, 0.260000, 2.430001, 0.299500, 0.264571, -1.000000, 0.405441, -1.000000, 0.267469, -1.000000, 0.283509, -1.000000
0.770000, 0.270000, 2.420001, 0.304238, 0.267148, -1.000000, 0.405251, -1.000000, 0.269955, -1.000000, 0.286088, -1.000000
0.770000, 0.280000, 2.410001, 0.308900, 0.269742, -1.000000, 0.405061, -1.000000, 0.272456, -1.000000, 0.288681, -1.000000
0.770000, 0.290000, 2.400001, 0.313488, 0.272352, -1.000000, 0.404871, -1.000000, 0.274971, -1.000000, 0.291288, -1.000000
0.770000, 0.300000, 2.390001, 0.318000, 0.274977, -1.000000, 0.404681, -1.000000, 0.277501, -1.000000, 0.293909, -1.000000
0.770000, 0.310000, 2.380001, 0.322438, 0.277618, -1.000000, 0.404490, -1.000000, 0.280044, -1.000000, 0.296544, -1.000000
0.770000, 0.320000, 2.370001, 0.326800, 0.280274, -1.000000, 0.404300, -1.000000, 0.282602, -1.000000, 0.299192, -1.000000
0.770000, 0.330000, 2.360001, 0.331088, 0.282946, -1.000000, 0.404110, -1.000000, 0.285175, -1.000000, 0.301854, -1.000000
0.770000, 0.340000, 2.350001, 0.335300, 0.285633, -1.000000, 0.403920, -1.000000, 0.287761, -1.000000, 0.304529, -1.000000
0.770000, 0.350000, 2.340001, 0.339438, 0.288336, -1.000000, 0.403730, -1.000000, 0.290361, -1.000000, 0.307218, -1.000000
0.770000, 0.360000, 2.330001, 0.343500, 0.291054, -1.000000, 0.403540, -1.000000, 0.292975, -1.000000, 0.309919, -1.000000
0.770000, 0.370000, 2.320001, 0.347488, 0.293786, -1.000000, 0.403350, -1.000000, 0.295602, -1.000000, 0.312634, -1.000000
0.770000, 0.380000, 2.310001, 0.351400, 0.296534, -1.000000, 0.403160, -1.000000, 0.298243, -1.000000, 0.315362, -1.000000
0.770000, 0.390000, 2.300001, 0.355238, 0.299296, -1.000000, 0.402970, -1.000000, 0.300898, -1.000000, 0.318102, -1.000000
0.770000, 0.400000, 2.290001, 0.359000, 0.302074, -1.000000, 0.402781, -1.000000, 0.303566, -1.000000, 0.320855, -1.000000
0.770000, 0.410000, 2.280001, 0.362688, 0.304865, -1.000000, 0.402591, -1.000000, 0.306248, -1.000000, 0.323620, -1.000000
0.770000, 0.420000, 2.270001, 0.366300, 0.307671, -1.000000, 0.402401, -1.000000, 0.308942, -1.000000, 0.326398, -1.000000
0.770000, 0.430000, 2.260001, 0.369838, 0.310492, -1.000000, 0.402211, -1.000000, 0.311650, -1.000000, 0.329188, -1.000000
0.770000, 0.440000, 2.250001, 0.373300, 0.313326, -1.000000, 0.402021, -1.000000, 0.314371, -1.000000, 0.331991, -1.000000
0.770000, 0.450000, 2.240001, 0.376688, 0.316175, -1.000000, 0.401832, -1.000000, 0.317104, -1.000000, 0.334805, -1.000000
0.770000, 0.460000, 2.230001, 0.380000, 0.319037, -1.000000, 0.401642, -1.000000, 0.319850, -1.000000, 0.337631, -1.000000
0.770000, 0.470000, 2.220001, 0.383238, 0.321196, -1.000000, 0.401452, -1.000000, 0.322609, -1.000000, 0.340469, -1.000000
0.770000, 0.480000, 2.210001, 0.386400, 0.323181, -1.000000, 0.401263, -1.000000, 0.325380, -1.000000, 0.343318, -1.000000
0.770000, 0.490000, 2.200001, 0.389488, 0.325173, -1.000000, 0.401073, -1.000000, 0.328163, -1.000000, 0.346178, -1.000000
0.770000, 0.500000, 2.190001, 0.392500, 0.327172, -1.000000, 0.400883, -1.000000, 0.330959, -1.000000, 0.349050, -1.000000
0.770000, 0.510000, 2.180001, 0.395438, 0.329176, -1.000000, 0.400694, -1.000000, 0.333766, -1.000000, 0.351932, -1.000000
0.770000, 0.520000, 2.170002, 0.398300, 0.331187, -1.000000, 0.400504, -1.000000, 0.336586, -1.000000, 0.354822, -1.000000
0.770000, 0.530000, 2.160002, 0.401088, 0.333204, -1.000000, 0.400315, -1.000000, 0.339417, -1.000000, 0.357723, -1.000000
0.770000, 0.540000, 2.150002, 0.403800, 0.335227, -1.000000, 0.400125, -1.000000, 0.342259, -1.000000, 0.360633, -1.000000
0.770000, 0.550000, 2.140002, 0.406438, 0.337257, -1.000000, 0.399936, -1.000000, 0.345113, -1.000000, 0.363554, -1.000000
0.770000, 0.560000, 2.130002, 0.409000, 0.339292, -1.000000, 0.399747, -1.000000, 0.347978, -1.000000, 0.366485, -1.000000
0.770000, 0.570000, 2.120002, 0.411488, 0.341333, -1.000000, 0.399557, -1.000000, 0.350854, -1.000000, 0.369426, -1.000000
0.770000, 0.580000, 2.110002, 0.413900, 0.343380, -1.000000, 0.399368, -1.000000, 0.353741, -1.000000, 0.372377, -1.000000
0.770000, 0.590000, 2.100002, 0.416238, 0.345433, -1.000000, 0.399178, -1.000000, 0.356639, -1.000000, 0.375337, -1.000000
0.770000, 0.600000, 2.090002, 0.418500, 0.347492, -1.000000, 0.398989, -1.000000, 0.359547, -1.000000, 0.378307, -1.000000
0.770000, 0.610000, 2.080002, 0.420688, 0.349556, -1.000000, 0.398800, -1.000000, 0.362466, -1.000000, 0.381286, -1.000000
0.770000, 0.620000, 2.070002, 0.422800, 0.351626, -1.000000, 0.398611, -1.000000, 0.365394, -1.000000, 0.384274, -1.000000
0.770000, 0.630000, 2.060002, 0.424838, 0.352194, -1.000000, 0.398422, -1.000000, 0.366519, -1.000000, 0.387270, -1.000000
0.770000, 0.640000, 2.050002, 0.426800, 0.352231, -1.000000, 0.398232, -1.000000, 0.366502, -1.000000, 0.390275, -1.000000
0.770000, 0.650000, 2.040002, 0.428688, 0.352269, -1.000000, 0.398043, -1.000000, 0.366485, -1.000000, 0.392244, -1.000000
0.770000, 0.660000, 2.030002, 0.430500, 0.352306, -1.000000, 0.397854, -1.000000, 0.366469, -1.000000, 0.392240, -1.000000
0.770000, 0.670000, 2.020002, 0.432238, 0.352344, -1.000000, 0.397665, -1.000000, 0.366452, -1.000000, 0.392236, -1.000000
0.770000, 0.680000, 2.010002, 0.433900, 0.352381, -1.000000, 0.397476, -1.000000, 0.366436, -1.000000, 0.392232, -1.000000
0.770000, 0.690000, 2.000002, 0.435488, 0.352419, -1.000000, 0.397287, -1.000000, 0.366419, -1.000000, 0.392228, -1.000000
0.770000, 0.700000, 1.990002, 0.437000, 0.352457, -1.000000, 0.397098, -1.000000, 0.366402, -1.000000, 0.392224, -1.000000
0.770000, 0.710000, 1.980002, 0.438438, 0.352494, -1.000000, 0.396909, -1.000000, 0.366386, -1.000000, 0.392220, -1.000000
0.770000, 0.720000, 1.970002, 0.439800, 0.352532, -1.000000, 0.396720, -1.000000, 0.366369, -1.000000, 0.392216, -1.000000
0.770000, 0.730000, 1.960002, 0.441088, 0.352569, -1.000000, 0.396531, -1.000000, 0.366353, -1.000000, 0.392212, -1.000000
0.770000, 0.740000, 1.950002, 0.442300, 0.352607, -1.000000, 0.396342, -1.000000, 0.366336, -1.000000, 0.392208, -1.000000
0.770000, 0.750000, 1.940002, 0.443438, 0.352645, -1.000000, 0.396154, -1.000000, 0.366319, -1.000000, 0.392204, -1.000000
0.770000, 0.760000, 1.930002, 0.444500, 0.352682, -1.000000, 0.395965, -1.000000, 0.366303, -1.000000, 0.392200, -1.000000
0.770000, 0.770000, 1.920002, 0.445488, 0.352720, -1.000000, 0.395776, -1.000000, 0.366286, -1.000000, 0.392196, -1.000000
0.770000, 0.780000, 1.910002, 0.446400, 0.352757, -1.000000, 0.395587, -1.000000, 0.366270, -1.000000, 0.392192, -1.000000
0.770000, 0.790000, 1.900002, 0.447238, 0.352795, -1.000000, 0.395399, -1.000000, 0.366229, -1.000000, 0.392188, -1.000000
0.770000, 0.800000, 1.890002, 0.448000, 0.352833, -1.000000, 0.395210, -1.000000, 0.366147, -1.000000, 0.392184, -1.000000
0.770000, 0.810000, 1.880002, 0.448688, 0.352870, -1.000000, 0.395021, -1.000000, 0.366064, -1.000000, 0.392180, -1.000000
0.770000, 0.820000, 1.870002, 0.449300, 0.352908, -1.000000, 0.394833, -1.000000, 0.365982, -1.000000, 0.392176, -1.000000
0.770000, 0.830000, 1.860002, 0.449838, 0.352945, -1.000000, 0.394644, -1.000000, 0.365900, -1.000000, 0.392173, -1.000000
0.770000, 0.839999, 1.850002, 0.450300, 0.352983, -1.000000, 0.394456, -1.000000, 0.365818, -1.000000, 0.392169, -1.000000
0.770000, 0.849999, 1.840002, 0.450688, 0.353021, -1.000000, 0.394267, -1.000000, 0.365735, -1.000000, 0.392165, -1.000000
0.770000, 0.859999, 1.830002, 0.451000, 0.353058, -1.000000, 0.394079, -1.000000, 0.365653, -1.000000, 0.392161, -1.000000
0.770000, 0.869999, 1.820002, 0.451238, 0.353096, -1.000000, 0.393890, -1.000000, 0.365571, -1.000000, 0.392157, -1.000000
0.770000, 0.879999, 1.810002, 0.451400, 0.353133, -1.000000, 0.393702, -1.000000, 0.365489, -1.000000, 0.392153, -1.000000
0.770000, 0.889999, 1.800002, 0.451488, 0.353171, -1.000000, 0.393513, -1.000000, 0.365406, -1.000000, 0.392149, -1.000000
0.770000, 0.899999, 1.790002, 0.451500, 0.353209, -1.000000, 0.393325, -1.000000, 0.365324, -1.000000, 0.392145, -1.000000
0.770000, 0.909999, 1.780002, 0.451438, 0.353246, -1.000000, 0.393137, -1.000000, 0.365242, -1.000000, 0.392141, -1.000000
0.770000, 0.919999, 1.770002, 0.451300, 0.353284, -1.000000, 0.392948, -1.000000, 0.365160, -1.000000, 0.392137, -1.000000
0.770000, 0.929999, 1.760002, 0.451088, 0.353321, -1.000000, 0.392760, -1.000000, 0.365078, -1.000000, 0.392133, -1.000000
0.770000, 0.939999, 1.750002, 0.450800, 0.353359, -1.000000, 0.392572, -1.000000, 0.364996, -1.000000, 0.392129, -1.000000
0.770000, 0.949999, 1.740002, 0.450438, 0.353397, -1.000000, 0.392384, -1.000000, 0.364913, -1.000000, 0.392125, -1.000000
0.770000, 0.959999, 1.730002, 0.450000, 0.353434, -1.000000, 0.392196, -1.000000, 0.364831, -1.000000, 0.392121, -1.000000
0.770000, 0.969999, 1.720002, 0.449488, 0.353472, -1.000000, 0.392007, -1.000000, 0.364749, -1.000000, 0.392117, -1.000000
0.770000, 0.979999, 1.710002, 0.448900, 0.353510, -1.000000, 0.391819, -1.000000, 0.364667, -1.000000, 0.392113, -1.000000
0.770000, 0.989999, 1.700002, 0.448238, 0.353547, -1.000000, 0.391631, -1.000000, 0.364585, -1.000000, 0.392110, -1.000000
0.770000, 0.999999, 1.690002, 0.447500, 0.353585, -1.000000, 0.391443, -1.000000, 0.364503, -1.000000, 0.392106, -1.000000
0.780000, 0.000000, 2.660001, 0.150000, 0.203154, 0.732899, 0.410508, 0.996288, 0.207998, 0.806330, 0.221264, 0.993407
0.780000, 0.010000, 2.650001, 0.156613, 0.205301, -1.000000, 0.410317, -1.000000, 0.210090, -1.000000, 0.223454, -1.000000
0.780000, 0.020000, 2.640001, 0.163150, 0.207464, -1.000000, 0.410126, -1.000000, 0.212198, -1.000000, 0.225659, -1.000000
0.780000, 0.030000, 2.630001, 0.169613, 0.209644, -1.000000, 0.409935, -1.000000, 0.214320, -1.000000, 0.227879, -1.000000
0.780000, 0.040000, 2.620001, 0.176000, 0.211841, -1.000000, 0.409744, -1.000000, 0.216459, -1.000000, 0.230115, -1.000000
0.780000, 0.050000, 2.610001, 0.182313, 0.214054, -1.000000, 0.409553, -1.000000, 0.218612, -1.000000, 0.232366, -1.000000
0.780000, 0.060000, 2.600001, 0.188550, 0.216285, -1.000000, 0.409363, -1.000000, 0.220781, -1.000000, 0.234632, -1.000000
0.780000, 0.070000, 2.590001, 0.194713, 0.218532, -1.000000, 0.409172, -1.000000, 0.222965, -1.000000, 0.236914, -1.000000
0.780000, 0.080000, 2.580001, 0.200800, 0.220796, -1.000000, 0.408981, -1.000000, 0.225165, -1.000000, 0.239211, -1.000000
0.780000, 0.090000, 2.570001, 0.206813, 0.223076, -1.000000, 0.408790, -1.000000, 0.227380, -1.000000, 0.241523, -1.000000
0.780000, 0.100000, 2.560001, 0.212750, 0.225374, -1.000000, 0.408599, -1.000000, 0.229610, -1.000000, 0.243850, -1.000000
0.780000, 0.110000, 2.550001, 0.218613, 0.227688, -1.000000, 0.408409, -1.000000, 0.231856, -1.000000, 0.246192, -1.000000
0.780000, 0.120000, 2.540001, 0.224400, 0.230019, -1.000000, 0.408218, -1.000000, 0.234117, -1.000000, 0.248550, -1.000000
0.780000, 0.130000, 2.530001, 0.230113, 0.232366, -1.000000, 0.408027, -1.000000, 0.236393, -1.000000, 0.250923, -1.000000
0.780000, 0.140000, 2.520001, 0.235750, 0.234730, -1.000000, 0.407837, -1.000000, 0.238685, -1.000000, 0.253310, -1.000000
0.780000, 0.150000, 2.510001, 0.241313, 0.237111, -1.000000, 0.407646, -1.000000, 0.240991, -1.000000, 0.255713, -1.000000
0.780000, 0.160000, 2.500001, 0.246800, 0.239508, -1.000000, 0.407456, -1.000000, 0.243313, -1.000000, 0.258130, -1.000000
0.780000, 0.170000, 2.490001, 0.252213, 0.241922, -1.000000, 0.407265, -1.000000, 0.245650, -1.000000, 0.260562, -1.000000
0.780000, 0.180000, 2.480001, 0.257550, 0.244353, -1.000000, 0.407075, -1.000000, 0.248002, -1.000000, 0.263010, -1.000000
0.780000, 0.190000, 2.470001, 0.262813, 0.246800, -1.000000, 0.406884, -1.000000, 0.250369, -1.000000, 0.265471, -1.000000
0.780000, 0.200000, 2.460001, 0.268000, 0.249263, -1.000000, 0.406694, -1.000000, 0.252751, -1.000000, 0.267948, -1.000000
0.780000, 0.210000, 2.450001, 0.273113, 0.251743, -1.000000, 0.406503, -1.000000, 0.255149, -1.000000, 0.270439, -1.000000
0.780000, 0.220000, 2.440001, 0.278150, 0.254239, -1.000000, 0.406313, -1.000000, 0.257560, -1.000000, 0.272945, -1.000000
0.780000, 0.230000, 2.430001, 0.283113, 0.256751, -1.000000, 0.406122, -1.000000, 0.259987, -1.000000, 0.275465, -1.000000
0.780000, 0.240000, 2.420001, 0.288000, 0.259279, -1.000000, 0.405932, -1.000000, 0.262429, -1.000000, 0.277999, -1.000000
0.780000, 0.250000, 2.410001, 0.292813, 0.261824, -1.000000, 0.405742, -1.000000, 0.264885, -1.000000, 0.280548, -1.000000
0.780000, 0.260000, 2.400001, 0.297550, 0.264385, -1.000000, 0.405551, -1.000000, 0.267356, -1.000000, 0.283111, -1.000000
0.780000, 0.270000, 2.390001, 0.302213, 0.266961, -1.000000, 0.405361, -1.000000, 0.269842, -1.000000, 0.285688, -1.000000
0.780000, 0.280000, 2.380001, 0.306800, 0.269554, -1.000000, 0.405171, -1.000000, 0.272342, -1.000000, 0.288279, -1.000000
0.780000, 0.290000, 2.370001, 0.311313, 0.272162, -1.000000, 0.404981, -1.000000, 0.274856, -1.000000, 0.290884, -1.000000
0.780000, 0.300000, 2.360001, 0.315750, 0.274786, -1.000000, 0.404791, -1.000000, 0.277385, -1.000000, 0.293503, -1.000000
0.780000, 0.310000, 2.350001, 0.320113, 0.277426, -1.000000, 0.404600, -1.000000, 0.279928, -1.000000, 0.296135, -1.000000
0.780000, 0.320000, 2.340001, 0.324400, 0.280081, -1.000000, 0.404410, -1.000000, 0.282485, -1.000000, 0.298781, -1.000000
0.780000, 0.330000, 2.330001, 0.328613, 0.282752, -1.000000, 0.404220, -1.000000, 0.285057, -1.000000, 0.301441, -1.000000
0.780000, 0.340000, 2.320001, 0.332750, 0.285438, -1.000000, 0.404030, -1.000000, 0.287642, -1.000000, 0.304114, -1.000000
0.780000, 0.350000, 2.310001, 0.336813, 0.288140, -1.000000, 0.403840, -1.000000, 0.290242, -1.000000, 0.306801, -1.000000
0.780000, 0.360000, 2.300001, 0.340800, 0.290856, -1.000000, 0.403650, -1.000000, 0.292855, -1.000000, 0.309500, -1.000000
0.780000, 0.370000, 2.290001, 0.344713, 0.293588, -1.000000, 0.403460, -1.000000, 0.295482, -1.000000, 0.312213, -1.000000
0.780000, 0.380000, 2.280001, 0.348550, 0.296335, -1.000000, 0.403270, -1.000000, 0.298123, -1.000000, 0.314939, -1.000000
0.780000, 0.390000, 2.270001, 0.352313, 0.299096, -1.000000, 0.403080, -1.000000, 0.300777, -1.000000, 0.317677, -1.000000
0.780000, 0.400000, 2.260001, 0.356000, 0.301872, -1.000000, 0.402890, -1.000000, 0.303444, -1.000000, 0.320428, -1.000000
0.780000, 0.410000, 2.250001, 0.359613, 0.304663, -1.000000, 0.402700, -1.000000, 0.306125, -1.000000, 0.323192, -1.000000
0.780000, 0.420000, 2.240001, 0.363150, 0.307468, -1.000000, 0.402511, -1.000000, 0.308819, -1.000000, 0.325968, -1.000000
0.780000, 0.430000, 2.230001, 0.366613, 0.310287, -1.000000, 0.402321, -1.000000, 0.311526, -1.000000, 0.328756, -1.000000
0.780000, 0.440000, 2.220001, 0.370000, 0.313121, -1.000000, 0.402131, -1.000000, 0.314246, -1.000000, 0.331556, -1.000000
0.780000, 0.450000, 2.210001, 0.373313, 0.315968, -1.000000, 0.401941, -1.000000, 0.316979, -1.000000, 0.334369, -1.000000
0.780000, 0.460000, 2.200001, 0.376550, 0.318830, -1.000000, 0.401752, -1.000000, 0.319725, -1.000000, 0.337193, -1.000000
0.780000, 0.470000, 2.190001, 0.379713, 0.320903, -1.000000, 0.401562, -1.000000, 0.322483, -1.000000, 0.340028, -1.000000
0.780000, 0.480000, 2.180001, 0.382800, 0.322888, -1.000000, 0.401372, -1.000000, 0.325253, -1.000000, 0.342875, -1.000000
0.780000, 0.490000, 2.170002, 0.385813, 0.324879, -1.000000, 0.401183, -1.000000, 0.328036, -1.000000, 0.345730, -1.000000
0.780000, 0.500000, 2.160002, 0.388750, 0.326876, -1.000000, 0.400993, -1.000000, 0.330831, -1.000000, 0.348596, -1.000000
0.780000, 0.510000, 2.150002, 0.391613, 0.328880, -1.000000, 0.400803, -1.000000, 0.333638, -1.000000, 0.351473, -1.000000
0.780000, 0.520000, 2.140002, 0.394400, 0.330890, -1.000000, 0.400614, -1.000000, 0.336457, -1.000000, 0.354361, -1.000000
0.780000, 0.530000, 2.130002, 0.397113, 0.332906, -1.000000, 0.400424, -1.000000, 0.339287, -1.000000, 0.357260, -1.000000
0.780000, 0.540000, 2.120002, 0.399750, 0.334928, -1.000000, 0.400235, -1.000000, 0.342129, -1.000000, 0.360169, -1.000000
0.780000, 0.550000, 2.110002, 0.402313, 0.336957, -1.000000, 0.400045, -1.000000, 0.344982, -1.000000, 0.363089, -1.000000
0.780000, 0.560000, 2.100002, 0.404800, 0.338991, -1.000000, 0.399856, -1.000000, 0.347847, -1.000000, 0.366018, -1.000000
0.780000, 0.570000, 2.090002, 0.407213, 0.341031, -1.000000, 0.399667, -1.000000, 0.350723, -1.000000, 0.368957, -1.000000
0.780000, 0.580000, 2.080002, 0.409550, 0.343078, -1.000000, 0.399477, -1.000000, 0.353609, -1.000000, 0.371907, -1.000000
0.780000, 0.590000, 2.070002, 0.411813, 0.345130, -1.000000, 0.399288, -1.000000, 0.356506, -1.000000, 0.374866, -1.000000
0.780000, 0.600000, 2.060002, 0.414000, 0.347188, -1.000000, 0.399099, -1.000000, 0.359414, -1.000000, 0.377834, -1.000000
0.780000, 0.610000, 2.050002, 0.416113, 0.349251, -1.000000, 0.398909, -1.000000, 0.362332, -1.000000, 0.380811, -1.000000
0.780000, 0.620000, 2.040002, 0.418150, 0.351321, -1.000000, 0.398720, -1.000000, 0.365261, -1.000000, 0.383797, -1.000000
0.780000, 0.630000, 2.030002, 0.420113, 0.352175, -1.000000, 0.398531, -1.000000, 0.366444, -1.000000, 0.386793, -1.000000
0.780000, 0.640000, 2.020002, 0.422000, 0.352212, -1.000000, 0.398342, -1.000000, 0.366427, -1.000000, 0.389796, -1.000000
0.780000, 0.650000, 2.010002, 0.423813, 0.352250, -1.000000, 0.398153, -1.000000, 0.366410, -1.000000, 0.392231, -1.000000
0.780000, 0.660000, 2.000002, 0.425550, 0.352288, -1.000000, 0.397964, -1.000000, 0.366394, -1.000000, 0.392227, -1.000000
0.780000, 0.670000, 1.990002, 0.427213, 0.352325, -1.000000, 0.397774, -1.000000, 0.366377, -1.000000, 0.392223, -1.000000
0.780000, 0.680000, 1.980002, 0.428800, 0.352363, -1.000000, 0.397585, -1.000000, 0.366361, -1.000000, 0.392219, -1.000000
0.780000, 0.690000, 1.970002, 0.430313, 0.352400, -1.000000, 0.397396, -1.000000, 0.366344, -1.000000, 0.392215, -1.000000
0.780000, 0.700000, 1.960002, 0.431750, 0.352438, -1.000000, 0.397207, -1.000000, 0.366327, -1.000000, 0.392211, -1.000000
0.780000, 0.710000, 1.950002, 0.433113, 0.352475, -1.000000, 0.397018, -1.000000, 0.366311, -1.000000, 0.392207, -1.000000
0.780000, 0.720000, 1.940002, 0.434400, 0.352513, -1.000000, 0.396829, -1.000000, 0.366294, -1.000000, 0.392203, -1.000000
0.780000, 0.730000, 1.930002, 0.435613, 0.352551, -1.000000, 0.396641, -1.000000, 0.366278, -1.000000, 0.392199, -1.000000
0.780000, 0.740000, 1.920002, 0.436750, 0.352588, -1.000000, 0.396452, -1.000000, 0.366261, -1.000000, 0.392195, -1.000000
0.780000, 0.750000, 1.910002, 0.437813, 0.352626, -1.000000, 0.396263, -1.000000, 0.366244, -1.000000, 0.392191, -1.000000
0.780000, 0.760000, 1.900002, 0.438800, 0.352663, -1.000000, 0.396074, -1.000000, 0.366228, -1.000000, 0.392187, -1.000000
0.780000, 0.770000, 1.890002, 0.439713, 0.352701, -1.000000, 0.395885, -1.000000, 0.366211, -1.000000, 0.392184, -1.000000
0.780000, 0.780000, 1.880002, 0.440550, 0.352738, -1.000000, 0.395696, -1.000000, 0.366195, -1.000000, 0.392180, -1.000000
0.780000, 0.790000, 1.870002, 0.441313, 0.352776, -1.000000, 0.395508, -1.000000, 0.366178, -1.000000, 0.392176, -1.000000
0.780000, 0.800000, 1.860002, 0.442000, 0.352814, -1.000000, 0.395319, -1.000000, 0.366100, -1.000000, 0.392172, -1.000000
0.780000, 0.810000, 1.850002, 0.442613, 0.352851, -1.000000, 0.395130, -1.000000, 0.366018, -1.000000, 0.392168, -1.000000
0.780000, 0.820000, 1.840002, 0.443150, 0.352889, -1.000000, 0.394942, -1.000000, 0.365936, -1.000000, 0.392164, -1.000000
0.780000, 0.830000, 1.830002, 0.443613, 0.352926, -1.000000, 0.394753, -1.000000, 0.365854, -1.000000, 0.392160, -1.000000
0.780000, 0.839999, 1.820002, 0.444000, 0.352964, -1.000000, 0.394565, -1.000000, 0.365771, -1.000000, 0.392156, -1.000000
0.780000, 0.849999, 1.810002, 0.444313, 0.353002, -1.000000, 0.394376, -1.000000, 0.365689, -1.000000, 0.392152, -1.000000
0.780000, 0.859999, 1.800002, 0.444550, 0.353039, -1.000000, 0.394188, -1.000000, 0.365607, -1.000000, 0.392148, -1.000000
0.780000, 0.869999, 1.790002, 0.444713, 0.353077, -1.000000, 0.393999, -1.000000, 0.365525, -1.000000, 0.392144, -1.000000
0.780000, 0.879999, 1.780002, 0.444800, 0.353115, -1.000000, 0.393811, -1.000000, 0.365443, -1.000000, 0.392140, -1.000000
0.780000, 0.889999, 1.770002, 0.444813, 0.353152, -1.000000, 0.393622, -1.000000, 0.365360, -1.000000, 0.392136, -1.000000
0.780000, 0.899999, 1.760002, 0.444750, 0.353190, -1.000000, 0.393434, -1.000000, 0.365278, -1.000000, 0.392132, -1.000000
0.780000, 0.909999, 1.750002, 0.444613, 0.353227, -1.000000, 0.393246, -1.000000, 0.365196, -1.000000, 0.392128, -1.000000
0.780000, 0.919999, 1.740002, 0.444400, 0.353265, -1.000000, 0.393057, -1.000000, 0.365114, -1.000000, 0.392124, -1.000000
0.780000, 0.929999, 1.730002, 0.444113, 0.353303, -1.000000, 0.392869, -1.000000, 0.365032, -1.000000, 0.392120, -1.000000
0.780000, 0.939999, 1.720002, 0.443750, 0.353340, -1.000000, 0.392681, -1.000000, 0.364949, -1.000000, 0.392117, -1.000000
0.780000, 0.949999, 1.710002, 0.443313, 0.353378, -1.000000, 0.392493, -1.000000, 0.364867, -1.000000, 0.392113, -1.000000
0.780000, 0.959999, 1.700002, 0.442800, 0.353415, -1.000000, 0.392304, -1.000000, 0.364785, -1.000000, 0.392109, -1.000000
0.780000, 0.969999, 1.690002, 0.442213, 0.353453, -1.000000, 0.392116, -1.000000, 0.364703, -1.000000, 0.392105, -1.000000
0.780000, 0.979999, 1.680002, 0.441550, 0.353491, -1.000000, 0.391928, -1.000000, 0.364621, -1.000000, 0.392101, -1.000000
0.780000, 0.989999, 1.670002, 0.440813, 0.353528, -1.000000, 0.391740, -1.000000, 0.364539, -1.000000, 0.392097, -1.000000
0.780000, 0.999999, 1.660002, 0.440000, 0.353566, -1.000000, 0.391552, -1.000000, 0.364457, -1.000000, 0.392093, -1.000000
0.790000, 0.000000, 2.630001, 0.150000, 0.203000, 0.732897, 0.410619, 0.996300, 0.207903, 0.806330, 0.220927, 0.993513
0.790000, 0.010000, 2.620001, 0.156538, 0.205145, -1.000000, 0.410428, -1.000000, 0.209995, -1.000000, 0.223114, -1.000000
0.790000, 0.020000, 2.610001, 0.163000, 0.207307, -1.000000, 0.410237, -1.000000, 0.212101, -1.000000, 0.225317, -1.000000
0.790000, 0.030000, 2.600001, 0.169388, 0.209486, -1.000000, 0.410046, -1.000000, 0.214223, -1.000000, 0.227535, -1.000000
0.790000, 0.040000, 2.590001, 0.175700, 0.211681, -1.000000, 0.409855, -1.000000, 0.216361, -1.000000, 0.229768, -1.000000
0.790000, 0.050000, 2.580001, 0.181938, 0.213893, -1.000000, 0.409664, -1.000000, 0.218514, -1.000000, 0.232016, -1.000000
0.790000, 0.060000, 2.570001, 0.188100, 0.216123, -1.000000, 0.409473, -1.000000, 0.220682, -1.000000, 0.234280, -1.000000
0.790000, 0.070000, 2.560001, 0.194188, 0.218368, -1.000000, 0.409282, -1.000000, 0.222865, -1.000000, 0.236560, -1.000000
0.790000, 0.080000, 2.550001, 0.200200, 0.220631, -1.000000, 0.409091, -1.000000, 0.225064, -1.000000, 0.238854, -1.000000
0.790000, 0.090000, 2.540001, 0.206138, 0.222911, -1.000000, 0.408901, -1.000000, 0.227279, -1.000000, 0.241164, -1.000000
0.790000, 0.100000, 2.530001, 0.212000, 0.225207, -1.000000, 0.408710, -1.000000, 0.229508, -1.000000, 0.243489, -1.000000
0.790000, 0.110000, 2.520001, 0.217788, 0.227520, -1.000000, 0.408519, -1.000000, 0.231753, -1.000000, 0.245829, -1.000000
0.790000, 0.120000, 2.510001, 0.223500, 0.229849, -1.000000, 0.408328, -1.000000, 0.234014, -1.000000, 0.248184, -1.000000
0.790000, 0.130000, 2.500001, 0.229138, 0.232196, -1.000000, 0.408138, -1.000000, 0.236289, -1.000000, 0.250554, -1.000000
0.790000, 0.140000, 2.490001, 0.234700, 0.234558, -1.000000, 0.407947, -1.000000, 0.238580, -1.000000, 0.252940, -1.000000
0.790000, 0.150000, 2.480001, 0.240188, 0.236938, -1.000000, 0.407756, -1.000000, 0.240886, -1.000000, 0.255340, -1.000000
0.790000, 0.160000, 2.470001, 0.245600, 0.239334, -1.000000, 0.407566, -1.000000, 0.243207, -1.000000, 0.257755, -1.000000
0.790000, 0.170000, 2.460001, 0.250938, 0.241747, -1.000000, 0.407375, -1.000000, 0.245543, -1.000000, 0.260185, -1.000000
0.790000, 0.180000, 2.450001, 0.256200, 0.244176, -1.000000, 0.407185, -1.000000, 0.247895, -1.000000, 0.262630, -1.000000
0.790000, 0.190000, 2.440001, 0.261388, 0.246622, -1.000000, 0.406994, -1.000000, 0.250261, -1.000000, 0.265089, -1.000000
0.790000, 0.200000, 2.430001, 0.266500, 0.249084, -1.000000, 0.406804, -1.000000, 0.252643, -1.000000, 0.267564, -1.000000
0.790000, 0.210000, 2.420001, 0.271538, 0.251563, -1.000000, 0.406613, -1.000000, 0.255039, -1.000000, 0.270052, -1.000000
0.790000, 0.220000, 2.410001, 0.276500, 0.254057, -1.000000, 0.406423, -1.000000, 0.257450, -1.000000, 0.272556, -1.000000
0.790000, 0.230000, 2.400001, 0.281388, 0.256568, -1.000000, 0.406233, -1.000000, 0.259876, -1.000000, 0.275074, -1.000000
0.790000, 0.240000, 2.390001, 0.286200, 0.259096, -1.000000, 0.406042, -1.000000, 0.262317, -1.000000, 0.277606, -1.000000
0.790000, 0.250000, 2.380001, 0.290938, 0.261639, -1.000000, 0.405852, -1.000000, 0.264773, -1.000000, 0.280152, -1.000000
0.790000, 0.260000, 2.370001, 0.295600, 0.264199, -1.000000, 0.405661, -1.000000, 0.267243, -1.000000, 0.282713, -1.000000
0.790000, 0.270000, 2.360001, 0.300188, 0.266774, -1.000000, 0.405471, -1.000000, 0.269728, -1.000000, 0.285288, -1.000000
0.790000, 0.280000, 2.350001, 0.304700, 0.269365, -1.000000, 0.405281, -1.000000, 0.272227, -1.000000, 0.287877, -1.000000
0.790000, 0.290000, 2.340001, 0.309138, 0.271973, -1.000000, 0.405091, -1.000000, 0.274741, -1.000000, 0.290480, -1.000000
0.790000, 0.300000, 2.330001, 0.313500, 0.274596, -1.000000, 0.404901, -1.000000, 0.277269, -1.000000, 0.293096, -1.000000
0.790000, 0.310000, 2.320001, 0.317788, 0.277234, -1.000000, 0.404710, -1.000000, 0.279812, -1.000000, 0.295727, -1.000000
0.790000, 0.320000, 2.310001, 0.322000, 0.279889, -1.000000, 0.404520, -1.000000, 0.282369, -1.000000, 0.298371, -1.000000
0.790000, 0.330000, 2.300001, 0.326138, 0.282558, -1.000000, 0.404330, -1.000000, 0.284939, -1.000000, 0.301029, -1.000000
0.790000, 0.340000, 2.290001, 0.330200, 0.285243, -1.000000, 0.404140, -1.000000, 0.287524, -1.000000, 0.303700, -1.000000
0.790000, 0.350000, 2.280001, 0.334188, 0.287944, -1.000000, 0.403950, -1.000000, 0.290123, -1.000000, 0.306384, -1.000000
0.790000, 0.360000, 2.270001, 0.338100, 0.290659, -1.000000, 0.403760, -1.000000, 0.292736, -1.000000, 0.309082, -1.000000
0.790000, 0.370000, 2.260001, 0.341938, 0.293390, -1.000000, 0.403570, -1.000000, 0.295362, -1.000000, 0.311792, -1.000000
0.790000, 0.380000, 2.250001, 0.345700, 0.296135, -1.000000, 0.403380, -1.000000, 0.298002, -1.000000, 0.314516, -1.000000
0.790000, 0.390000, 2.240001, 0.349388, 0.298896, -1.000000, 0.403190, -1.000000, 0.300655, -1.000000, 0.317252, -1.000000
0.790000, 0.400000, 2.230001, 0.353000, 0.301671, -1.000000, 0.403000, -1.000000, 0.303322, -1.000000, 0.320001, -1.000000
0.790000, 0.410000, 2.220001, 0.356538, 0.304460, -1.000000, 0.402810, -1.000000, 0.306003, -1.000000, 0.322763, -1.000000
0.790000, 0.420000, 2.210001, 0.360000, 0.307264, -1.000000, 0.402620, -1.000000, 0.308696, -1.000000, 0.325537, -1.000000
0.790000, 0.430000, 2.200001, 0.363388, 0.310083, -1.000000, 0.402431, -1.000000, 0.311403, -1.000000, 0.328323, -1.000000
0.790000, 0.440000, 2.190001, 0.366700, 0.312915, -1.000000, 0.402241, -1.000000, 0.314122, -1.000000, 0.331122, -1.000000
0.790000, 0.450000, 2.180001, 0.369938, 0.315762, -1.000000, 0.402051, -1.000000, 0.316854, -1.000000, 0.333931, -1.000000
0.790000, 0.460000, 2.170002, 0.373100, 0.318622, -1.000000, 0.401861, -1.000000, 0.319599, -1.000000, 0.336750, -1.000000
0.790000, 0.470000, 2.160002, 0.376188, 0.320611, -1.000000, 0.401672, -1.000000, 0.322357, -1.000000, 0.339580, -1.000000
0.790000, 0.480000, 2.150002, 0.379200, 0.322594, -1.000000, 0.401482, -1.000000, 0.325127, -1.000000, 0.342422, -1.000000
0.790000, 0.490000, 2.140002, 0.382138, 0.324584, -1.000000, 0.401292, -1.000000, 0.327909, -1.000000, 0.345275, -1.000000
0.790000, 0.500000, 2.130002, 0.385000, 0.326581, -1.000000, 0.401103, -1.000000, 0.330703, -1.000000, 0.348139, -1.000000
0.790000, 0.510000, 2.120002, 0.387788, 0.328584, -1.000000, 0.400913, -1.000000, 0.333510, -1.000000, 0.351015, -1.000000
0.790000, 0.520000, 2.110002, 0.390500, 0.330593, -1.000000, 0.400724, -1.000000, 0.336328, -1.000000, 0.353901, -1.000000
0.790000, 0.530000, 2.100002, 0.393138, 0.332608, -1.000000, 0.400534, -1.000000, 0.339158, -1.000000, 0.356798, -1.000000
0.790000, 0.540000, 2.090002, 0.395700, 0.334629, -1.000000, 0.400344, -1.000000, 0.341999, -1.000000, 0.359705, -1.000000
0.790000, 0.550000, 2.080002, 0.398188, 0.336657, -1.000000, 0.400155, -1.000000, 0.344852, -1.000000, 0.362623, -1.000000
0.790000, 0.560000, 2.070002, 0.400600, 0.338690, -1.000000, 0.399966, -1.000000, 0.347716, -1.000000, 0.365551, -1.000000
0.790000, 0.570000, 2.060002, 0.402938, 0.340730, -1.000000, 0.399776, -1.000000, 0.350591, -1.000000, 0.368489, -1.000000
0.790000, 0.580000, 2.050002, 0.405200, 0.342775, -1.000000, 0.399587, -1.000000, 0.353477, -1.000000, 0.371437, -1.000000
0.790000, 0.590000, 2.040002, 0.407388, 0.344826, -1.000000, 0.399397, -1.000000, 0.356374, -1.000000, 0.374394, -1.000000
0.790000, 0.600000, 2.030002, 0.409500, 0.346883, -1.000000, 0.399208, -1.000000, 0.359281, -1.000000, 0.377360, -1.000000
0.790000, 0.610000, 2.020002, 0.411538, 0.348946, -1.000000, 0.399019, -1.000000, 0.362199, -1.000000, 0.380336, -1.000000
0.790000, 0.620000, 2.010002, 0.413500, 0.351015, -1.000000, 0.398830, -1.000000, 0.365127, -1.000000, 0.383321, -1.000000
0.790000, 0.630000, 2.000002, 0.415388, 0.352156, -1.000000, 0.398640, -1.000000, 0.366369, -1.000000, 0.386315, -1.000000
0.790000, 0.640000, 1.990002, 0.417200, 0.352194, -1.000000, 0.398451, -1.000000, 0.366352, -1.000000, 0.389317, -1.000000
0.790000, 0.650000, 1.980002, 0.418938, 0.352231, -1.000000, 0.398262, -1.000000, 0.366335, -1.000000, 0.392218, -1.000000
0.790000, 0.660000, 1.970002, 0.420600, 0.352269, -1.000000, 0.398073, -1.000000, 0.366319, -1.000000, 0.392214, -1.000000
0.790000, 0.670000, 1.960002, 0.422188, 0.352306, -1.000000, 0.397884, -1.000000, 0.366302, -1.000000, 0.392210, -1.000000
0.790000, 0.680000, 1.950002, 0.423700, 0.352344, -1.000000, 0.397695, -1.000000, 0.366286, -1.000000, 0.392206, -1.000000
0.790000, 0.690000, 1.940002, 0.425138, 0.352381, -1.000000, 0.397506, -1.000000, 0.366269, -1.000000, 0.392202, -1.000000
0.790000, 0.700000, 1.930002, 0.426500, 0.352419, -1.000000, 0.397317, -1.000000, 0.366252, -1.000000, 0.392198, -1.000000
0.790000, 0.710000, 1.920002, 0.427788, 0.352457, -1.000000, 0.397128, -1.000000, 0.366236, -1.000000, 0.392194, -1.000000
0.790000, 0.720000, 1.910002, 0.429000, 0.352494, -1.000000, 0.396939, -1.000000, 0.366219, -1.000000, 0.392191, -1.000000
0.790000, 0.730000, 1.900002, 0.430138, 0.352532, -1.000000, 0.396750, -1.000000, 0.366203, -1.000000, 0.392187, -1.000000
0.790000, 0.740000, 1.890002, 0.431200, 0.352569, -1.000000, 0.396561, -1.000000, 0.366186, -1.000000, 0.392183, -1.000000
0.790000, 0.750000, 1.880002, 0.432188, 0.352607, -1.000000, 0.396372, -1.000000, 0.366170, -1.000000, 0.392179, -1.000000
0.790000, 0.760000, 1.870002, 0.433100, 0.352645, -1.000000, 0.396183, -1.000000, 0.366153, -1.000000, 0.392175, -1.000000
0.790000, 0.770000, 1.860002, 0.433938, 0.352682, -1.000000, 0.395994, -1.000000, 0.366136, -1.000000, 0.392171, -1.000000
0.790000, 0.780000, 1.850002, 0.434700, 0.352720, -1.000000, 0.395806, -1.000000, 0.366120, -1.000000, 0.392167, -1.000000
0.790000, 0.790000, 1.840002, 0.435388, 0.352757, -1.000000, 0.395617, -1.000000, 0.366103, -1.000000, 0.392163, -1.000000
0.790000, 0.800000, 1.830002, 0.436000, 0.352795, -1.000000, 0.395428, -1.000000, 0.366054, -1.000000, 0.392159, -1.000000
0.790000, 0.810000, 1.820002, 0.436538, 0.352832, -1.000000, 0.395240, -1.000000, 0.365972, -1.000000, 0.392155, -1.000000
0.790000, 0.820000, 1.810002, 0.437000, 0.352870, -1.000000, 0.395051, -1.000000, 0.365890, -1.000000, 0.392151, -1.000000
0.790000, 0.830000, 1.800002, 0.437388, 0.352908, -1.000000, 0.394862, -1.000000, 0.365808, -1.000000, 0.392147, -1.000000
0.790000, 0.839999, 1.790002, 0.437700, 0.352945, -1.000000, 0.394674, -1.000000, 0.365725, -1.000000, 0.392143, -1.000000
0.790000, 0.849999, 1.780002, 0.437938, 0.352983, -1.000000, 0.394485, -1.000000, 0.365643, -1.000000, 0.392139, -1.000000
0.790000, 0.859999, 1.770002, 0.438100, 0.353020, -1.000000, 0.394297, -1.000000, 0.365561, -1.000000, 0.392135, -1.000000
0.790000, 0.869999, 1.760002, 0.438188, 0.353058, -1.000000, 0.394108, -1.000000, 0.365479, -1.000000, 0.392131, -1.000000
0.790000, 0.879999, 1.750002, 0.438200, 0.353096, -1.000000, 0.393920, -1.000000, 0.365396, -1.000000, 0.392128, -1.000000
0.790000, 0.889999, 1.740002, 0.438138, 0.353133, -1.000000, 0.393731, -1.000000, 0.365314, -1.000000, 0.392124, -1.000000
0.790000, 0.899999, 1.730002, 0.438000, 0.353171, -1.000000, 0.393543, -1.000000, 0.365232, -1.000000, 0.392120, -1.000000
0.790000, 0.909999, 1.720002, 0.437788, 0.353209, -1.000000, 0.393355, -1.000000, 0.365150, -1.000000, 0.392116, -1.000000
0.790000, 0.919999, 1.710002, 0.437500, 0.353246, -1.000000, 0.393166, -1.000000, 0.365068, -1.000000, 0.392112, -1.000000
0.790000, 0.929999, 1.700002, 0.437138, 0.353284, -1.000000, 0.392978, -1.000000, 0.364985, -1.000000, 0.392108, -1.000000
0.790000, 0.939999, 1.690002, 0.436700, 0.353321, -1.000000, 0.392790, -1.000000, 0.364903, -1.000000, 0.392104, -1.000000
0.790000, 0.949999, 1.680002, 0.436188, 0.353359, -1.000000, 0.392601, -1.000000, 0.364821, -1.000000, 0.392100, -1.000000
0.790000, 0.959999, 1.670002, 0.435600, 0.353397, -1.000000, 0.392413, -1.000000, 0.364739, -1.000000, 0.392096, -1.000000
0.790000, 0.969999, 1.660002, 0.434938, 0.353434, -1.000000, 0.392225, -1.000000, 0.364657, -1.000000, 0.392092, -1.000000
0.790000, 0.979999, 1.650002, 0.434200, 0.353472, -1.000000, 0.392037, -1.000000, 0.364575, -1.000000, 0.392088, -1.000000
0.790000, 0.989999, 1.640002, 0.433388, 0.353510, -1.000000, 0.391849, -1.000000, 0.364493, -1.000000, 0.392084, -1.000000
0.790000, 0.999999, 1.630002, 0.432500, 0.353547, -1.000000, 0.391661, -1.000000, 0.364410, -1.000000, 0.392080, -1.000000
0.800000, 0.000000, 2.600001, 0.150000, 0.202845, 0.732896, 0.410729, 0.996312, 0.207808, 0.806330, 0.220590, 0.993616
0.800000, 0.010000, 2.590001, 0.156463, 0.204989, -1.000000, 0.410538, -1.000000, 0.209899, -1.000000, 0.222774, -1.000000
0.800000, 0.020000, 2.580001, 0.162850, 0.207150, -1.000000, 0.410347, -1.000000, 0.212005, -1.000000, 0.224975, -1.000000
0.800000, 0.030000, 2.570001, 0.169163, 0.209327, -1.000000, 0.410156, -1.000000, 0.214126, -1.000000, 0.227190, -1.000000
0.800000, 0.040000, 2.560001, 0.175400, 0.211522, -1.000000, 0.409965, -1.000000, 0.216263, -1.000000, 0.229421, -1.000000
0.800000, 0.050000, 2.550001, 0.181563, 0.213733, -1.000000, 0.409774, -1.000000, 0.218415, -1.000000, 0.231667, -1.000000
0.800000, 0.060000, 2.540001, 0.187650, 0.215961, -1.000000, 0.409583, -1.000000, 0.220583, -1.000000, 0.233929, -1.000000
0.800000, 0.070000, 2.530001, 0.193663, 0.218205, -1.000000, 0.409393, -1.000000, 0.222765, -1.000000, 0.236206, -1.000000
0.800000, 0.080000, 2.520001, 0.199600, 0.220467, -1.000000, 0.409202, -1.000000, 0.224964, -1.000000, 0.238498, -1.000000
0.800000, 0.090000, 2.510001, 0.205463, 0.222745, -1.000000, 0.409011, -1.000000, 0.227177, -1.000000, 0.240805, -1.000000
0.800000, 0.100000, 2.500001, 0.211250, 0.225040, -1.000000, 0.408820, -1.000000, 0.229406, -1.000000, 0.243128, -1.000000
0.800000, 0.110000, 2.490001, 0.216963, 0.227352, -1.000000, 0.408629, -1.000000, 0.231651, -1.000000, 0.245466, -1.000000
0.800000, 0.120000, 2.480001, 0.222600, 0.229680, -1.000000, 0.408439, -1.000000, 0.233910, -1.000000, 0.247818, -1.000000
0.800000, 0.130000, 2.470001, 0.228163, 0.232025, -1.000000, 0.408248, -1.000000, 0.236185, -1.000000, 0.250186, -1.000000
0.800000, 0.140000, 2.460001, 0.233650, 0.234387, -1.000000, 0.408057, -1.000000, 0.238475, -1.000000, 0.252569, -1.000000
0.800000, 0.150000, 2.450001, 0.239063, 0.236765, -1.000000, 0.407867, -1.000000, 0.240780, -1.000000, 0.254967, -1.000000
0.800000, 0.160000, 2.440001, 0.244400, 0.239160, -1.000000, 0.407676, -1.000000, 0.243101, -1.000000, 0.257380, -1.000000
0.800000, 0.170000, 2.430001, 0.249663, 0.241572, -1.000000, 0.407485, -1.000000, 0.245436, -1.000000, 0.259808, -1.000000
0.800000, 0.180000, 2.420001, 0.254850, 0.244000, -1.000000, 0.407295, -1.000000, 0.247787, -1.000000, 0.262250, -1.000000
0.800000, 0.190000, 2.410001, 0.259963, 0.246444, -1.000000, 0.407104, -1.000000, 0.250153, -1.000000, 0.264708, -1.000000
0.800000, 0.200000, 2.400001, 0.265000, 0.248905, -1.000000, 0.406914, -1.000000, 0.252534, -1.000000, 0.267180, -1.000000
0.800000, 0.210000, 2.390001, 0.269963, 0.251383, -1.000000, 0.406723, -1.000000, 0.254929, -1.000000, 0.269666, -1.000000
0.800000, 0.220000, 2.380001, 0.274850, 0.253876, -1.000000, 0.406533, -1.000000, 0.257340, -1.000000, 0.272167, -1.000000
0.800000, 0.230000, 2.370001, 0.279663, 0.256386, -1.000000, 0.406343, -1.000000, 0.259765, -1.000000, 0.274683, -1.000000
0.800000, 0.240000, 2.360001, 0.284400, 0.258912, -1.000000, 0.406152, -1.000000, 0.262205, -1.000000, 0.277213, -1.000000
0.800000, 0.250000, 2.350001, 0.289063, 0.261454, -1.000000, 0.405962, -1.000000, 0.264660, -1.000000, 0.279757, -1.000000
0.800000, 0.260000, 2.340001, 0.293650, 0.264013, -1.000000, 0.405772, -1.000000, 0.267130, -1.000000, 0.282316, -1.000000
0.800000, 0.270000, 2.330001, 0.298163, 0.266587, -1.000000, 0.405581, -1.000000, 0.269614, -1.000000, 0.284888, -1.000000
0.800000, 0.280000, 2.320001, 0.302600, 0.269177, -1.000000, 0.405391, -1.000000, 0.272113, -1.000000, 0.287475, -1.000000
0.800000, 0.290000, 2.310001, 0.306963, 0.271783, -1.000000, 0.405201, -1.000000, 0.274626, -1.000000, 0.290076, -1.000000
0.800000, 0.300000, 2.300001, 0.311250, 0.274405, -1.000000, 0.405010, -1.000000, 0.277154, -1.000000, 0.292690, -1.000000
0.800000, 0.310000, 2.290001, 0.315463, 0.277043, -1.000000, 0.404820, -1.000000, 0.279696, -1.000000, 0.295319, -1.000000
0.800000, 0.320000, 2.280001, 0.319600, 0.279696, -1.000000, 0.404630, -1.000000, 0.282252, -1.000000, 0.297961, -1.000000
0.800000, 0.330000, 2.270001, 0.323663, 0.282364, -1.000000, 0.404440, -1.000000, 0.284822, -1.000000, 0.300616, -1.000000
0.800000, 0.340000, 2.260001, 0.327650, 0.285048, -1.000000, 0.404250, -1.000000, 0.287406, -1.000000, 0.303285, -1.000000
0.800000, 0.350000, 2.250001, 0.331563, 0.287748, -1.000000, 0.404060, -1.000000, 0.290004, -1.000000, 0.305968, -1.000000
0.800000, 0.360000, 2.240001, 0.335400, 0.290462, -1.000000, 0.403870, -1.000000, 0.292616, -1.000000, 0.308663, -1.000000
0.800000, 0.370000, 2.230001, 0.339163, 0.293191, -1.000000, 0.403680, -1.000000, 0.295242, -1.000000, 0.311372, -1.000000
0.800000, 0.380000, 2.220001, 0.342850, 0.295936, -1.000000, 0.403490, -1.000000, 0.297881, -1.000000, 0.314093, -1.000000
0.800000, 0.390000, 2.210001, 0.346463, 0.298695, -1.000000, 0.403300, -1.000000, 0.300534, -1.000000, 0.316828, -1.000000
0.800000, 0.400000, 2.200001, 0.350000, 0.301469, -1.000000, 0.403110, -1.000000, 0.303200, -1.000000, 0.319575, -1.000000
0.800000, 0.410000, 2.190001, 0.353463, 0.304258, -1.000000, 0.402920, -1.000000, 0.305880, -1.000000, 0.322335, -1.000000
0.800000, 0.420000, 2.180001, 0.356850, 0.307061, -1.000000, 0.402730, -1.000000, 0.308573, -1.000000, 0.325105, -1.000000
0.800000, 0.430000, 2.170002, 0.360163, 0.309878, -1.000000, 0.402540, -1.000000, 0.311279, -1.000000, 0.327885, -1.000000
0.800000, 0.440000, 2.160002, 0.363400, 0.312710, -1.000000, 0.402351, -1.000000, 0.313998, -1.000000, 0.330678, -1.000000
0.800000, 0.450000, 2.150002, 0.366563, 0.315555, -1.000000, 0.402161, -1.000000, 0.316729, -1.000000, 0.333483, -1.000000
0.800000, 0.460000, 2.140002, 0.369650, 0.318342, -1.000000, 0.401971, -1.000000, 0.319474, -1.000000, 0.336300, -1.000000
0.800000, 0.470000, 2.130002, 0.372663, 0.320318, -1.000000, 0.401781, -1.000000, 0.322231, -1.000000, 0.339129, -1.000000
0.800000, 0.480000, 2.120002, 0.375600, 0.322301, -1.000000, 0.401592, -1.000000, 0.325000, -1.000000, 0.341969, -1.000000
0.800000, 0.490000, 2.110002, 0.378463, 0.324290, -1.000000, 0.401402, -1.000000, 0.327782, -1.000000, 0.344820, -1.000000
0.800000, 0.500000, 2.100002, 0.381250, 0.326286, -1.000000, 0.401212, -1.000000, 0.330576, -1.000000, 0.347683, -1.000000
0.800000, 0.510000, 2.090002, 0.383963, 0.328288, -1.000000, 0.401023, -1.000000, 0.333381, -1.000000, 0.350556, -1.000000
0.800000, 0.520000, 2.080002, 0.386600, 0.330296, -1.000000, 0.400833, -1.000000, 0.336199, -1.000000, 0.353441, -1.000000
0.800000, 0.530000, 2.070002, 0.389163, 0.332310, -1.000000, 0.400644, -1.000000, 0.339028, -1.000000, 0.356336, -1.000000
0.800000, 0.540000, 2.060002, 0.391650, 0.334330, -1.000000, 0.400454, -1.000000, 0.341869, -1.000000, 0.359242, -1.000000
0.800000, 0.550000, 2.050002, 0.394063, 0.336357, -1.000000, 0.400265, -1.000000, 0.344722, -1.000000, 0.362158, -1.000000
0.800000, 0.560000, 2.040002, 0.396400, 0.338390, -1.000000, 0.400075, -1.000000, 0.347585, -1.000000, 0.365084, -1.000000
0.800000, 0.570000, 2.030002, 0.398663, 0.340428, -1.000000, 0.399886, -1.000000, 0.350460, -1.000000, 0.368020, -1.000000
0.800000, 0.580000, 2.020002, 0.400850, 0.342473, -1.000000, 0.399696, -1.000000, 0.353345, -1.000000, 0.370967, -1.000000
0.800000, 0.590000, 2.010002, 0.402963, 0.344523, -1.000000, 0.399507, -1.000000, 0.356242, -1.000000, 0.373922, -1.000000
0.800000, 0.600000, 2.000002, 0.405000, 0.346579, -1.000000, 0.399318, -1.000000, 0.359148, -1.000000, 0.376888, -1.000000
0.800000, 0.610000, 1.990002, 0.406963, 0.348641, -1.000000, 0.399128, -1.000000, 0.362066, -1.000000, 0.379862, -1.000000
0.800000, 0.620000, 1.980002, 0.408850, 0.350709, -1.000000, 0.398939, -1.000000, 0.364993, -1.000000, 0.382845, -1.000000
0.800000, 0.630000, 1.970002, 0.410663, 0.352137, -1.000000, 0.398750, -1.000000, 0.366294, -1.000000, 0.385838, -1.000000
0.800000, 0.640000, 1.960002, 0.412400, 0.352175, -1.000000, 0.398561, -1.000000, 0.366277, -1.000000, 0.388839, -1.000000
0.800000, 0.650000, 1.950002, 0.414063, 0.352212, -1.000000, 0.398371, -1.000000, 0.366260, -1.000000, 0.391848, -1.000000
0.800000, 0.660000, 1.940002, 0.415650, 0.352250, -1.000000, 0.398182, -1.000000, 0.366244, -1.000000, 0.392201, -1.000000
0.800000, 0.670000, 1.930002, 0.417163, 0.352287, -1.000000, 0.397993, -1.000000, 0.366227, -1.000000, 0.392198, -1.000000
0.800000, 0.680000, 1.920002, 0.418600, 0.352325, -1.000000, 0.397804, -1.000000, 0.366211, -1.000000, 0.392194, -1.000000
0.800000, 0.690000, 1.910002, 0.419963, 0.352363, -1.000000, 0.397615, -1.000000, 0.366194, -1.000000, 0.392190, -1.000000
0.800000, 0.700000, 1.900002, 0.421250, 0.352400, -1.000000, 0.397426, -1.000000, 0.366178, -1.000000, 0.392186, -1.000000
0.800000, 0.710000, 1.890002, 0.422463, 0.352438, -1.000000, 0.397237, -1.000000, 0.366161, -1.000000, 0.392182, -1.000000
0.800000, 0.720000, 1.880002, 0.423600, 0.352475, -1.000000, 0.397048, -1.000000, 0.366144, -1.000000, 0.392178, -1.000000
0.800000, 0.730000, 1.870002, 0.424663, 0.352513, -1.000000, 0.396859, -1.000000, 0.366128, -1.000000, 0.392174, -1.000000
0.800000, 0.740000, 1.860002, 0.425650, 0.352551, -1.000000, 0.396670, -1.000000, 0.366111, -1.000000, 0.392170, -1.000000
0.800000, 0.750000, 1.850002, 0.426563, 0.352588, -1.000000, 0.396481, -1.000000, 0.366095, -1.000000, 0.392166, -1.000000
0.800000, 0.760000, 1.840002, 0.427400, 0.352626, -1.000000, 0.396292, -1.000000, 0.366078, -1.000000, 0.392162, -1.000000
0.800000, 0.770000, 1.830002, 0.428163, 0.352663, -1.000000, 0.396104, -1.000000, 0.366061, -1.000000, 0.392158, -1.000000
0.800000, 0.780000, 1.820002, 0.428850, 0.352701, -1.000000, 0.395915, -1.000000, 0.366045, -1.000000, 0.392154, -1.000000
0.800000, 0.790000, 1.810002, 0.429463, 0.352738, -1.000000, 0.395726, -1.000000, 0.366028, -1.000000, 0.392150, -1.000000
0.800000, 0.800000, 1.800002, 0.430000, 0.352776, -1.000000, 0.395537, -1.000000, 0.366008, -1.000000, 0.392146, -1.000000
0.800000, 0.810000, 1.790002, 0.430463, 0.352814, -1.000000, 0.395349, -1.000000, 0.365926, -1.000000, 0.392142, -1.000000
0.800000, 0.820000, 1.780002, 0.430850, 0.352851, -1.000000, 0.395160, -1.000000, 0.365844, -1.000000, 0.392138, -1.000000
0.800000, 0.830000, 1.770002, 0.431163, 0.352889, -1.000000, 0.394971, -1.000000, 0.365761, -1.000000, 0.392135, -1.000000
0.800000, 0.839999, 1.760002, 0.431400, 0.352926, -1.000000, 0.394783, -1.000000, 0.365679, -1.000000, 0.392131, -1.000000
0.800000, 0.849999, 1.750002, 0.431563, 0.352964, -1.000000, 0.394594, -1.000000, 0.365597, -1.000000, 0.392127, -1.000000
0.800000, 0.859999, 1.740002, 0.431650, 0.353002, -1.000000, 0.394406, -1.000000, 0.365515, -1.000000, 0.392123, -1.000000
0.800000, 0.869999, 1.730002, 0.431663, 0.353039, -1.000000, 0.394217, -1.000000, 0.365432, -1.000000, 0.392119, -1.000000
0.800000, 0.879999, 1.720002, 0.431600, 0.353077, -1.000000, 0.394029, -1.000000, 0.365350, -1.000000, 0.392115, -1.000000
0.800000, 0.889999, 1.710002, 0.431463, 0.353114, -1.000000, 0.393840, -1.000000, 0.365268, -1.000000, 0.392111, -1.000000
0.800000, 0.899999, 1.700002, 0.431250, 0.353152, -1.000000, 0.393652, -1.000000, 0.365186, -1.000000, 0.392107, -1.000000
0.800000, 0.909999, 1.690002, 0.430963, 0.353190, -1.000000, 0.393463, -1.000000, 0.365104, -1.000000, 0.392103, -1.000000
0.800000, 0.919999, 1.680002, 0.430600, 0.353227, -1.000000, 0.393275, -1.000000, 0.365022, -1.000000, 0.392099, -1.000000
0.800000, 0.929999, 1.670002, 0.430163, 0.353265, -1.000000, 0.393087, -1.000000, 0.364939, -1.000000, 0.392095, -1.000000
0.800000, 0.939999, 1.660002, 0.429650, 0.353303, -1.000000, 0.392898, -1.000000, 0.364857, -1.000000, 0.392091, -1.000000
0.800000, 0.949999, 1.650002, 0.429063, 0.353340, -1.000000, 0.392710, -1.000000, 0.364775, -1.000000, 0.392087, -1.000000
0.800000, 0.959999, 1.640002, 0.428400, 0.353378, -1.000000, 0.392522, -1.000000, 0.364693, -1.000000, 0.392083, -1.000000
0.800000, 0.969999, 1.630002, 0.427663, 0.353415, -1.000000, 0.392334, -1.000000, 0.364611, -1.000000, 0.392079, -1.000000
0.800000, 0.979999, 1.620002, 0.426850, 0.353453, -1.000000, 0.392146, -1.000000, 0.364529, -1.000000, 0.392075, -1.000000
0.800000, 0.989999, 1.610002, 0.425963, 0.353491, -1.000000, 0.391958, -1.000000, 0.364447, -1.000000, 0.392071, -1.000000
0.800000, 0.999999, 1.600002, 0.425000, 0.353528, -1.000000, 0.391769, -1.000000, 0.364364, -1.000000, 0.392067, -1.000000
0.810000, 0.000000, 2.570001, 0.150000, 0.202690, 0.732895, 0.410840, 0.996325, 0.207713, 0.806330, 0.220253, 0.993712
0.810000, 0.010000, 2.560001, 0.156388, 0.204833, -1.000000, 0.410649, -1.000000, 0.209803, -1.000000, 0.222435, -1.000000
0.810000, 0.020000, 2.550001, 0.162700, 0.206993, -1.000000, 0.410458, -1.000000, 0.211908, -1.000000, 0.224633, -1.000000
0.810000, 0.030000, 2.540001, 0.168938, 0.209169, -1.000000, 0.410267, -1.000000, 0.214029, -1.000000, 0.226846, -1.000000
0.810000, 0.040000, 2.530001, 0.175100, 0.211362, -1.000000, 0.410076, -1.000000, 0.216165, -1.000000, 0.229075, -1.000000
0.810000, 0.050000, 2.520001, 0.181188, 0.213572, -1.000000, 0.409885, -1.000000, 0.218317, -1.000000, 0.231319, -1.000000
0.810000, 0.060000, 2.510001, 0.187200, 0.215799, -1.000000, 0.409694, -1.000000, 0.220483, -1.000000, 0.233578, -1.000000
0.810000, 0.070000, 2.500001, 0.193138, 0.218042, -1.000000, 0.409503, -1.000000, 0.222666, -1.000000, 0.235852, -1.000000
0.810000, 0.080000, 2.490001, 0.199000, 0.220302, -1.000000, 0.409312, -1.000000, 0.224863, -1.000000, 0.238142, -1.000000
0.810000, 0.090000, 2.480001, 0.204788, 0.222579, -1.000000, 0.409121, -1.000000, 0.227076, -1.000000, 0.240447, -1.000000
0.810000, 0.100000, 2.470001, 0.210500, 0.224873, -1.000000, 0.408930, -1.000000, 0.229304, -1.000000, 0.242767, -1.000000
0.810000, 0.110000, 2.460001, 0.216138, 0.227184, -1.000000, 0.408740, -1.000000, 0.231548, -1.000000, 0.245103, -1.000000
0.810000, 0.120000, 2.450001, 0.221700, 0.229511, -1.000000, 0.408549, -1.000000, 0.233807, -1.000000, 0.247453, -1.000000
0.810000, 0.130000, 2.440001, 0.227188, 0.231855, -1.000000, 0.408358, -1.000000, 0.236081, -1.000000, 0.249819, -1.000000
0.810000, 0.140000, 2.430001, 0.232600, 0.234215, -1.000000, 0.408168, -1.000000, 0.238370, -1.000000, 0.252199, -1.000000
0.810000, 0.150000, 2.420001, 0.237938, 0.236592, -1.000000, 0.407977, -1.000000, 0.240675, -1.000000, 0.254595, -1.000000
0.810000, 0.160000, 2.410001, 0.243200, 0.238986, -1.000000, 0.407786, -1.000000, 0.242995, -1.000000, 0.257006, -1.000000
0.810000, 0.170000, 2.400001, 0.248388, 0.241397, -1.000000, 0.407596, -1.000000, 0.245330, -1.000000, 0.259431, -1.000000
0.810000, 0.180000, 2.390001, 0.253500, 0.243823, -1.000000, 0.407405, -1.000000, 0.247680, -1.000000, 0.261871, -1.000000
0.810000, 0.190000, 2.380001, 0.258538, 0.246267, -1.000000, 0.407215, -1.000000, 0.250045, -1.000000, 0.264326, -1.000000
0.810000, 0.200000, 2.370001, 0.263500, 0.248726, -1.000000, 0.407024, -1.000000, 0.252425, -1.000000, 0.266796, -1.000000
0.810000, 0.210000, 2.360001, 0.268388, 0.251203, -1.000000, 0.406834, -1.000000, 0.254820, -1.000000, 0.269280, -1.000000
0.810000, 0.220000, 2.350001, 0.273200, 0.253695, -1.000000, 0.406643, -1.000000, 0.257230, -1.000000, 0.271779, -1.000000
0.810000, 0.230000, 2.340001, 0.277938, 0.256204, -1.000000, 0.406453, -1.000000, 0.259654, -1.000000, 0.274292, -1.000000
0.810000, 0.240000, 2.330001, 0.282600, 0.258729, -1.000000, 0.406262, -1.000000, 0.262094, -1.000000, 0.276820, -1.000000
0.810000, 0.250000, 2.320001, 0.287188, 0.261270, -1.000000, 0.406072, -1.000000, 0.264548, -1.000000, 0.279362, -1.000000
0.810000, 0.260000, 2.310001, 0.291700, 0.263827, -1.000000, 0.405882, -1.000000, 0.267017, -1.000000, 0.281919, -1.000000
0.810000, 0.270000, 2.300001, 0.296138, 0.266400, -1.000000, 0.405691, -1.000000, 0.269501, -1.000000, 0.284489, -1.000000
0.810000, 0.280000, 2.290001, 0.300500, 0.268989, -1.000000, 0.405501, -1.000000, 0.271999, -1.000000, 0.287074, -1.000000
0.810000, 0.290000, 2.280001, 0.304788, 0.271594, -1.000000, 0.405311, -1.000000, 0.274511, -1.000000, 0.289672, -1.000000
0.810000, 0.300000, 2.270001, 0.309000, 0.274215, -1.000000, 0.405121, -1.000000, 0.277038, -1.000000, 0.292285, -1.000000
0.810000, 0.310000, 2.260001, 0.313138, 0.276851, -1.000000, 0.404930, -1.000000, 0.279579, -1.000000, 0.294911, -1.000000
0.810000, 0.320000, 2.250001, 0.317200, 0.279503, -1.000000, 0.404740, -1.000000, 0.282135, -1.000000, 0.297551, -1.000000
0.810000, 0.330000, 2.240001, 0.321188, 0.282171, -1.000000, 0.404550, -1.000000, 0.284704, -1.000000, 0.300204, -1.000000
0.810000, 0.340000, 2.230001, 0.325100, 0.284854, -1.000000, 0.404360, -1.000000, 0.287288, -1.000000, 0.302871, -1.000000
0.810000, 0.350000, 2.220001, 0.328938, 0.287552, -1.000000, 0.404170, -1.000000, 0.289885, -1.000000, 0.305551, -1.000000
0.810000, 0.360000, 2.210001, 0.332700, 0.290265, -1.000000, 0.403980, -1.000000, 0.292497, -1.000000, 0.308245, -1.000000
0.810000, 0.370000, 2.200001, 0.336388, 0.292993, -1.000000, 0.403790, -1.000000, 0.295122, -1.000000, 0.310952, -1.000000
0.810000, 0.380000, 2.190001, 0.340000, 0.295737, -1.000000, 0.403600, -1.000000, 0.297761, -1.000000, 0.313671, -1.000000
0.810000, 0.390000, 2.180001, 0.343538, 0.298495, -1.000000, 0.403410, -1.000000, 0.300413, -1.000000, 0.316401, -1.000000
0.810000, 0.400000, 2.170002, 0.347000, 0.301268, -1.000000, 0.403220, -1.000000, 0.303079, -1.000000, 0.319142, -1.000000
0.810000, 0.410000, 2.160002, 0.350388, 0.304055, -1.000000, 0.403030, -1.000000, 0.305758, -1.000000, 0.321896, -1.000000
0.810000, 0.420000, 2.150002, 0.353700, 0.306857, -1.000000, 0.402840, -1.000000, 0.308450, -1.000000, 0.324663, -1.000000
0.810000, 0.430000, 2.140002, 0.356938, 0.309674, -1.000000, 0.402650, -1.000000, 0.311155, -1.000000, 0.327442, -1.000000
0.810000, 0.440000, 2.130002, 0.360100, 0.312504, -1.000000, 0.402460, -1.000000, 0.313873, -1.000000, 0.330233, -1.000000
0.810000, 0.450000, 2.120002, 0.363188, 0.315349, -1.000000, 0.402270, -1.000000, 0.316604, -1.000000, 0.333036, -1.000000
0.810000, 0.460000, 2.110002, 0.366200, 0.318051, -1.000000, 0.402081, -1.000000, 0.319348, -1.000000, 0.335851, -1.000000
0.810000, 0.470000, 2.100002, 0.369138, 0.320026, -1.000000, 0.401891, -1.000000, 0.322105, -1.000000, 0.338677, -1.000000
0.810000, 0.480000, 2.090002, 0.372000, 0.322008, -1.000000, 0.401701, -1.000000, 0.324873, -1.000000, 0.341516, -1.000000
0.810000, 0.490000, 2.080002, 0.374788, 0.323996, -1.000000, 0.401512, -1.000000, 0.327655, -1.000000, 0.344365, -1.000000
0.810000, 0.500000, 2.070002, 0.377500, 0.325991, -1.000000, 0.401322, -1.000000, 0.330448, -1.000000, 0.347226, -1.000000
0.810000, 0.510000, 2.060002, 0.380138, 0.327992, -1.000000, 0.401132, -1.000000, 0.333253, -1.000000, 0.350098, -1.000000
0.810000, 0.520000, 2.050002, 0.382700, 0.329999, -1.000000, 0.400943, -1.000000, 0.336070, -1.000000, 0.352981, -1.000000
0.810000, 0.530000, 2.040002, 0.385188, 0.332012, -1.000000, 0.400753, -1.000000, 0.338899, -1.000000, 0.355874, -1.000000
0.810000, 0.540000, 2.030002, 0.387600, 0.334032, -1.000000, 0.400564, -1.000000, 0.341740, -1.000000, 0.358778, -1.000000
0.810000, 0.550000, 2.020002, 0.389938, 0.336057, -1.000000, 0.400374, -1.000000, 0.344591, -1.000000, 0.361693, -1.000000
0.810000, 0.560000, 2.010002, 0.392200, 0.338089, -1.000000, 0.400185, -1.000000, 0.347454, -1.000000, 0.364618, -1.000000
0.810000, 0.570000, 2.000002, 0.394388, 0.340127, -1.000000, 0.399995, -1.000000, 0.350329, -1.000000, 0.367552, -1.000000
0.810000, 0.580000, 1.990002, 0.396500, 0.342170, -1.000000, 0.399806, -1.000000, 0.353214, -1.000000, 0.370497, -1.000000
0.810000, 0.590000, 1.980002, 0.398538, 0.344220, -1.000000, 0.399616, -1.000000, 0.356109, -1.000000, 0.373451, -1.000000
0.810000, 0.600000, 1.970002, 0.400500, 0.346275, -1.000000, 0.399427, -1.000000, 0.359016, -1.000000, 0.376415, -1.000000
0.810000, 0.610000, 1.960002, 0.402388, 0.348336, -1.000000, 0.399238, -1.000000, 0.361932, -1.000000, 0.379388, -1.000000
0.810000, 0.620000, 1.950002, 0.404200, 0.350403, -1.000000, 0.399049, -1.000000, 0.364859, -1.000000, 0.382370, -1.000000
0.810000, 0.630000, 1.940002, 0.405938, 0.352118, -1.000000, 0.398859, -1.000000, 0.366219, -1.000000, 0.385361, -1.000000
0.810000, 0.640000, 1.930002, 0.407600, 0.352156, -1.000000, 0.398670, -1.000000, 0.366202, -1.000000, 0.388360, -1.000000
0.810000, 0.650000, 1.920002, 0.409188, 0.352194, -1.000000, 0.398481, -1.000000, 0.366186, -1.000000, 0.391369, -1.000000
0.810000, 0.660000, 1.910002, 0.410700, 0.352231, -1.000000, 0.398292, -1.000000, 0.366169, -1.000000, 0.392189, -1.000000
0.810000, 0.670000, 1.900002, 0.412138, 0.352269, -1.000000, 0.398102, -1.000000, 0.366152, -1.000000, 0.392185, -1.000000
0.810000, 0.680000, 1.890002, 0.413500, 0.352306, -1.000000, 0.397913, -1.000000, 0.366136, -1.000000, 0.392181, -1.000000
0.810000, 0.690000, 1.880002, 0.414788, 0.352344, -1.000000, 0.397724, -1.000000, 0.366119, -1.000000, 0.392177, -1.000000
0.810000, 0.700000, 1.870002, 0.416000, 0.352381, -1.000000, 0.397535, -1.000000, 0.366103, -1.000000, 0.392173, -1.000000
0.810000, 0.710000, 1.860002, 0.417138, 0.352419, -1.000000, 0.397346, -1.000000, 0.366086, -1.000000, 0.392169, -1.000000
0.810000, 0.720000, 1.850002, 0.418200, 0.352457, -1.000000, 0.397157, -1.000000, 0.366069, -1.000000, 0.392165, -1.000000
0.810000, 0.730000, 1.840002, 0.419188, 0.352494, -1.000000, 0.396968, -1.000000, 0.366053, -1.000000, 0.392161, -1.000000
0.810000, 0.740000, 1.830002, 0.420100, 0.352532, -1.000000, 0.396779, -1.000000, 0.366036, -1.000000, 0.392157, -1.000000
0.810000, 0.750000, 1.820002, 0.420938, 0.352569, -1.000000, 0.396590, -1.000000, 0.366020, -1.000000, 0.392153, -1.000000
0.810000, 0.760000, 1.810002, 0.421700, 0.352607, -1.000000, 0.396402, -1.000000, 0.366003, -1.000000, 0.392149, -1.000000
0.810000, 0.770000, 1.800002, 0.422388, 0.352644, -1.000000, 0.396213, -1.000000, 0.365987, -1.000000, 0.392145, -1.000000
0.810000, 0.780000, 1.790002, 0.423000, 0.352682, -1.000000, 0.396024, -1.000000, 0.365970, -1.000000, 0.392142, -1.000000
0.810000, 0.790000, 1.780002, 0.423538, 0.352720, -1.000000, 0.395835, -1.000000, 0.365953, -1.000000, 0.392138, -1.000000
0.810000, 0.800000, 1.770002, 0.424000, 0.352757, -1.000000, 0.395646, -1.000000, 0.365937, -1.000000, 0.392134, -1.000000
0.810000, 0.810000, 1.760002, 0.424388, 0.352795, -1.000000, 0.395458, -1.000000, 0.365880, -1.000000, 0.392130, -1.000000
0.810000, 0.820000, 1.750002, 0.424700, 0.352832, -1.000000, 0.395269, -1.000000, 0.365797, -1.000000, 0.392126, -1.000000
0.810000, 0.830000, 1.740002, 0.424938, 0.352870, -1.000000, 0.395080, -1.000000, 0.365715, -1.000000, 0.392122, -1.000000
0.810000, 0.839999, 1.730002, 0.425100, 0.352908, -1.000000, 0.394892, -1.000000, 0.365633, -1.000000, 0.392118, -1.000000
0.810000, 0.849999, 1.720002, 0.425188, 0.352945, -1.000000, 0.394703, -1.000000, 0.365551, -1.000000, 0.392114, -1.000000
0.810000, 0.859999, 1.710002, 0.425200, 0.352983, -1.000000, 0.394515, -1.000000, 0.365469, -1.000000, 0.392110, -1.000000
0.810000, 0.869999, 1.700002, 0.425138, 0.353020, -1.000000, 0.394326, -1.000000, 0.365386, -1.000000, 0.392106, -1.000000
0.810000, 0.879999, 1.690002, 0.425000, 0.353058, -1.000000, 0.394138, -1.000000, 0.365304, -1.000000, 0.392102, -1.000000
0.810000, 0.889999, 1.680002, 0.424788, 0.353096, -1.000000, 0.393949, -1.000000, 0.365222, -1.000000, 0.392098, -1.000000
0.810000, 0.899999, 1.670002, 0.424500, 0.353133, -1.000000, 0.393761, -1.000000, 0.365140, -1.000000, 0.392094, -1.000000
0.810000, 0.909999, 1.660002, 0.424138, 0.353171, -1.000000, 0.393572, -1.000000, 0.365058, -1.000000, 0.392090, -1.000000
0.810000, 0.919999, 1.650002, 0.423700, 0.353208, -1.000000, 0.393384, -1.000000, 0.364975, -1.000000, 0.392086, -1.000000
0.810000, 0.929999, 1.640002, 0.423188, 0.353246, -1.000000, 0.393196, -1.000000, 0.364893, -1.000000, 0.392082, -1.000000
0.810000, 0.939999, 1.630002, 0.422600, 0.353284, -1.000000, 0.393007, -1.000000, 0.364811, -1.000000, 0.392078, -1.000000
0.810000, 0.949999, 1.620002, 0.421938, 0.353321, -1.000000, 0.392819, -1.000000, 0.364729, -1.000000, 0.392074, -1.000000
0.810000, 0.959999, 1.610002, 0.421200, 0.353359, -1.000000, 0.392631, -1.000000, 0.364647, -1.000000, 0.392071, -1.000000
0.810000, 0.969999, 1.600002, 0.420388, 0.353397, -1.000000, 0.392443, -1.000000, 0.364565, -1.000000, 0.392067, -1.000000
0.810000, 0.979999, 1.590002, 0.419500, 0.353434, -1.000000, 0.392254, -1.000000, 0.364483, -1.000000, 0.392063, -1.000000
0.810000, 0.989999, 1.580002, 0.418538, 0.353472, -1.000000, 0.392066, -1.000000, 0.364400, -1.000000, 0.392059, -1.000000
0.810000, 0.999999, 1.570002, 0.417500, 0.353510, -1.000000, 0.391878, -1.000000, 0.364318, -1.000000, 0.392055, -1.000000
0.820000, 0.000000, 2.540001, 0.150000, 0.202536, 0.732893, 0.410950, 0.996337, 0.207618, 0.806329, 0.219916, 0.993808
0.820000, 0.010000, 2.530001, 0.156313, 0.204677, -1.000000, 0.410759, -1.000000, 0.209708, -1.000000, 0.222096, -1.000000
0.820000, 0.020000, 2.520001, 0.162550, 0.206836, -1.000000, 0.410568, -1.000000, 0.211812, -1.000000, 0.224292, -1.000000
0.820000, 0.030000, 2.510001, 0.168713, 0.209011, -1.000000, 0.410377, -1.000000, 0.213932, -1.000000, 0.226503, -1.000000
0.820000, 0.040000, 2.500001, 0.174800, 0.211203, -1.000000, 0.410186, -1.000000, 0.216067, -1.000000, 0.228729, -1.000000
0.820000, 0.050000, 2.490001, 0.180813, 0.213411, -1.000000, 0.409995, -1.000000, 0.218218, -1.000000, 0.230970, -1.000000
0.820000, 0.060000, 2.480001, 0.186750, 0.215637, -1.000000, 0.409804, -1.000000, 0.220384, -1.000000, 0.233227, -1.000000
0.820000, 0.070000, 2.470001, 0.192613, 0.217879, -1.000000, 0.409613, -1.000000, 0.222566, -1.000000, 0.235499, -1.000000
0.820000, 0.080000, 2.460001, 0.198400, 0.220138, -1.000000, 0.409422, -1.000000, 0.224763, -1.000000, 0.237787, -1.000000
0.820000, 0.090000, 2.450001, 0.204113, 0.222414, -1.000000, 0.409232, -1.000000, 0.226975, -1.000000, 0.240089, -1.000000
0.820000, 0.100000, 2.440001, 0.209750, 0.224707, -1.000000, 0.409041, -1.000000, 0.229202, -1.000000, 0.242407, -1.000000
0.820000, 0.110000, 2.430001, 0.215313, 0.227016, -1.000000, 0.408850, -1.000000, 0.231445, -1.000000, 0.244740, -1.000000
0.820000, 0.120000, 2.420002, 0.220800, 0.229342, -1.000000, 0.408659, -1.000000, 0.233703, -1.000000, 0.247088, -1.000000
0.820000, 0.130000, 2.410001, 0.226213, 0.231685, -1.000000, 0.408469, -1.000000, 0.235977, -1.000000, 0.249452, -1.000000
0.820000, 0.140000, 2.400001, 0.231550, 0.234044, -1.000000, 0.408278, -1.000000, 0.238266, -1.000000, 0.251830, -1.000000
0.820000, 0.150000, 2.390001, 0.236813, 0.236420, -1.000000, 0.408087, -1.000000, 0.240569, -1.000000, 0.254223, -1.000000
0.820000, 0.160000, 2.380001, 0.242000, 0.238812, -1.000000, 0.407897, -1.000000, 0.242889, -1.000000, 0.256631, -1.000000
0.820000, 0.170000, 2.370001, 0.247113, 0.241222, -1.000000, 0.407706, -1.000000, 0.245223, -1.000000, 0.259055, -1.000000
0.820000, 0.180000, 2.360001, 0.252150, 0.243647, -1.000000, 0.407515, -1.000000, 0.247572, -1.000000, 0.261493, -1.000000
0.820000, 0.190000, 2.350001, 0.257113, 0.246089, -1.000000, 0.407325, -1.000000, 0.249936, -1.000000, 0.263945, -1.000000
0.820000, 0.200000, 2.340001, 0.262000, 0.248548, -1.000000, 0.407134, -1.000000, 0.252316, -1.000000, 0.266413, -1.000000
0.820000, 0.210000, 2.330001, 0.266813, 0.251023, -1.000000, 0.406944, -1.000000, 0.254710, -1.000000, 0.268895, -1.000000
0.820000, 0.220000, 2.320001, 0.271550, 0.253514, -1.000000, 0.406753, -1.000000, 0.257119, -1.000000, 0.271391, -1.000000
0.820000, 0.230000, 2.310001, 0.276213, 0.256022, -1.000000, 0.406563, -1.000000, 0.259543, -1.000000, 0.273902, -1.000000
0.820000, 0.240000, 2.300001, 0.280800, 0.258545, -1.000000, 0.406372, -1.000000, 0.261982, -1.000000, 0.276428, -1.000000
0.820000, 0.250000, 2.290001, 0.285313, 0.261085, -1.000000, 0.406182, -1.000000, 0.264436, -1.000000, 0.278968, -1.000000
0.820000, 0.260000, 2.280001, 0.289750, 0.263641, -1.000000, 0.405992, -1.000000, 0.266904, -1.000000, 0.281522, -1.000000
0.820000, 0.270000, 2.270001, 0.294113, 0.266213, -1.000000, 0.405801, -1.000000, 0.269387, -1.000000, 0.284090, -1.000000
0.820000, 0.280000, 2.260001, 0.298400, 0.268801, -1.000000, 0.405611, -1.000000, 0.271884, -1.000000, 0.286673, -1.000000
0.820000, 0.290000, 2.250001, 0.302613, 0.271405, -1.000000, 0.405421, -1.000000, 0.274396, -1.000000, 0.289269, -1.000000
0.820000, 0.300000, 2.240001, 0.306750, 0.274025, -1.000000, 0.405231, -1.000000, 0.276922, -1.000000, 0.291879, -1.000000
0.820000, 0.310000, 2.230001, 0.310813, 0.276660, -1.000000, 0.405040, -1.000000, 0.279463, -1.000000, 0.294504, -1.000000
0.820000, 0.320000, 2.220001, 0.314800, 0.279311, -1.000000, 0.404850, -1.000000, 0.282018, -1.000000, 0.297141, -1.000000
0.820000, 0.330000, 2.210001, 0.318713, 0.281977, -1.000000, 0.404660, -1.000000, 0.284587, -1.000000, 0.299793, -1.000000
0.820000, 0.340000, 2.200001, 0.322550, 0.284659, -1.000000, 0.404470, -1.000000, 0.287170, -1.000000, 0.302457, -1.000000
0.820000, 0.350000, 2.190001, 0.326313, 0.287356, -1.000000, 0.404280, -1.000000, 0.289767, -1.000000, 0.305136, -1.000000
0.820000, 0.360000, 2.180001, 0.330000, 0.290068, -1.000000, 0.404090, -1.000000, 0.292377, -1.000000, 0.307823, -1.000000
0.820000, 0.370000, 2.170002, 0.333613, 0.292795, -1.000000, 0.403900, -1.000000, 0.295002, -1.000000, 0.310525, -1.000000
0.820000, 0.380000, 2.160002, 0.337150, 0.295538, -1.000000, 0.403710, -1.000000, 0.297640, -1.000000, 0.313238, -1.000000
0.820000, 0.390000, 2.150002, 0.340613, 0.298295, -1.000000, 0.403520, -1.000000, 0.300292, -1.000000, 0.315965, -1.000000
0.820000, 0.400000, 2.140002, 0.344000, 0.301067, -1.000000, 0.403330, -1.000000, 0.302957, -1.000000, 0.318705, -1.000000
0.820000, 0.410000, 2.130002, 0.347313, 0.303853, -1.000000, 0.403140, -1.000000, 0.305635, -1.000000, 0.321457, -1.000000
0.820000, 0.420000, 2.120002, 0.350550, 0.306654, -1.000000, 0.402950, -1.000000, 0.308327, -1.000000, 0.324222, -1.000000
0.820000, 0.430000, 2.110002, 0.353713, 0.309469, -1.000000, 0.402760, -1.000000, 0.311031, -1.000000, 0.326999, -1.000000
0.820000, 0.440000, 2.100002, 0.356800, 0.312299, -1.000000, 0.402570, -1.000000, 0.313749, -1.000000, 0.329788, -1.000000
0.820000, 0.450000, 2.090002, 0.359813, 0.315142, -1.000000, 0.402380, -1.000000, 0.316480, -1.000000, 0.332589, -1.000000
0.820000, 0.460000, 2.080002, 0.362750, 0.317760, -1.000000, 0.402191, -1.000000, 0.319223, -1.000000, 0.335402, -1.000000
0.820000, 0.470000, 2.070002, 0.365613, 0.319734, -1.000000, 0.402001, -1.000000, 0.321979, -1.000000, 0.338227, -1.000000
0.820000, 0.480000, 2.060002, 0.368400, 0.321715, -1.000000, 0.401811, -1.000000, 0.324747, -1.000000, 0.341063, -1.000000
0.820000, 0.490000, 2.050002, 0.371113, 0.323702, -1.000000, 0.401621, -1.000000, 0.327527, -1.000000, 0.343911, -1.000000
0.820000, 0.500000, 2.040002, 0.373750, 0.325696, -1.000000, 0.401432, -1.000000, 0.330320, -1.000000, 0.346770, -1.000000
0.820000, 0.510000, 2.030002, 0.376313, 0.327696, -1.000000, 0.401242, -1.000000, 0.333125, -1.000000, 0.349640, -1.000000
0.820000, 0.520000, 2.020002, 0.378800, 0.329702, -1.000000, 0.401052, -1.000000, 0.335942, -1.000000, 0.352521, -1.000000
0.820000, 0.530000, 2.010002, 0.381213, 0.331714, -1.000000, 0.400863, -1.000000, 0.338770, -1.000000, 0.355413, -1.000000
0.820000, 0.540000, 2.000002, 0.383550, 0.333733, -1.000000, 0.400673, -1.000000, 0.341610, -1.000000, 0.358315, -1.000000
0.820000, 0.550000, 1.990002, 0.385813, 0.335758, -1.000000, 0.400484, -1.000000, 0.344461, -1.000000, 0.361228, -1.000000
0.820000, 0.560000, 1.980002, 0.388000, 0.337789, -1.000000, 0.400294, -1.000000, 0.347324, -1.000000, 0.364151, -1.000000
0.820000, 0.570000, 1.970002, 0.390113, 0.339826, -1.000000, 0.400105, -1.000000, 0.350197, -1.000000, 0.367084, -1.000000
0.820000, 0.580000, 1.960002, 0.392150, 0.341868, -1.000000, 0.399915, -1.000000, 0.353082, -1.000000, 0.370027, -1.000000
0.820000, 0.590000, 1.950002, 0.394113, 0.343917, -1.000000, 0.399726, -1.000000, 0.355977, -1.000000, 0.372980, -1.000000
0.820000, 0.600000, 1.940002, 0.396000, 0.345971, -1.000000, 0.399537, -1.000000, 0.358883, -1.000000, 0.375942, -1.000000
0.820000, 0.610000, 1.930002, 0.397813, 0.348032, -1.000000, 0.399347, -1.000000, 0.361799, -1.000000, 0.378914, -1.000000
0.820000, 0.620000, 1.920002, 0.399550, 0.350098, -1.000000, 0.399158, -1.000000, 0.364725, -1.000000, 0.381894, -1.000000
0.820000, 0.630000, 1.910002, 0.401213, 0.352100, -1.000000, 0.398969, -1.000000, 0.366144, -1.000000, 0.384884, -1.000000
0.820000, 0.640000, 1.900002, 0.402800, 0.352137, -1.000000, 0.398779, -1.000000, 0.366127, -1.000000, 0.387882, -1.000000
0.820000, 0.650000, 1.890002, 0.404313, 0.352175, -1.000000, 0.398590, -1.000000, 0.366111, -1.000000, 0.390889, -1.000000
0.820000, 0.660000, 1.880002, 0.405750, 0.352212, -1.000000, 0.398401, -1.000000, 0.366094, -1.000000, 0.392176, -1.000000
0.820000, 0.670000, 1.870002, 0.407113, 0.352250, -1.000000, 0.398212, -1.000000, 0.366078, -1.000000, 0.392172, -1.000000
0.820000, 0.680000, 1.860002, 0.408400, 0.352287, -1.000000, 0.398023, -1.000000, 0.366061, -1.000000, 0.392168, -1.000000
0.820000, 0.690000, 1.850002, 0.409613, 0.352325, -1.000000, 0.397834, -1.000000, 0.366044, -1.000000, 0.392164, -1.000000
0.820000, 0.700000, 1.840002, 0.410750, 0.352362, -1.000000, 0.397645, -1.000000, 0.366028, -1.000000, 0.392160, -1.000000
0.820000, 0.710000, 1.830002, 0.411813, 0.352400, -1.000000, 0.397456, -1.000000, 0.366011, -1.000000, 0.392156, -1.000000
0.820000, 0.720000, 1.820002, 0.412800, 0.352438, -1.000000, 0.397267, -1.000000, 0.365995, -1.000000, 0.392152, -1.000000
0.820000, 0.730000, 1.810002, 0.413713, 0.352475, -1.000000, 0.397078, -1.000000, 0.365978, -1.000000, 0.392149, -1.000000
0.820000, 0.740000, 1.800002, 0.414550, 0.352513, -1.000000, 0.396889, -1.000000, 0.365961, -1.000000, 0.392145, -1.000000
0.820000, 0.750000, 1.790002, 0.415313, 0.352550, -1.000000, 0.396700, -1.000000, 0.365945, -1.000000, 0.392141, -1.000000
0.820000, 0.760000, 1.780002, 0.416000, 0.352588, -1.000000, 0.396511, -1.000000, 0.365928, -1.000000, 0.392137, -1.000000
0.820000, 0.770000, 1.770002, 0.416613, 0.352626, -1.000000, 0.396322, -1.000000, 0.365912, -1.000000, 0.392133, -1.000000
0.820000, 0.780000, 1.760002, 0.417150, 0.352663, -1.000000, 0.396133, -1.000000, 0.365895, -1.000000, 0.392129, -1.000000
0.820000, 0.790000, 1.750002, 0.417613, 0.352701, -1.000000, 0.395944, -1.000000, 0.365878, -1.000000, 0.392125, -1.000000
0.820000, 0.800000, 1.740002, 0.418000, 0.352738, -1.000000, 0.395756, -1.000000, 0.365862, -1.000000, 0.392121, -1.000000
0.820000, 0.810000, 1.730002, 0.418313, 0.352776, -1.000000, 0.395567, -1.000000, 0.365834, -1.000000, 0.392117, -1.000000
0.820000, 0.820000, 1.720002, 0.418550, 0.352814, -1.000000, 0.395378, -1.000000, 0.365751, -1.000000, 0.392113, -1.000000
0.820000, 0.830000, 1.710002, 0.418713, 0.352851, -1.000000, 0.395189, -1.000000, 0.365669, -1.000000, 0.392109, -1.000000
0.820000, 0.839999, 1.700002, 0.418800, 0.352889, -1.000000, 0.395001, -1.000000, 0.365587, -1.000000, 0.392105, -1.000000
0.820000, 0.849999, 1.690002, 0.418813, 0.352926, -1.000000, 0.394812, -1.000000, 0.365505, -1.000000, 0.392101, -1.000000
0.820000, 0.859999, 1.680002, 0.418750, 0.352964, -1.000000, 0.394624, -1.000000, 0.365422, -1.000000, 0.392097, -1.000000
0.820000, 0.869999, 1.670002, 0.418613, 0.353002, -1.000000, 0.394435, -1.000000, 0.365340, -1.000000, 0.392093, -1.000000
0.820000, 0.879999, 1.660002, 0.418400, 0.353039, -1.000000, 0.394247, -1.000000, 0.365258, -1.000000, 0.392089, -1.000000
0.820000, 0.889999, 1.650002, 0.418113, 0.353077, -1.000000, 0.394058, -1.000000, 0.365176, -1.000000, 0.392085, -1.000000
0.820000, 0.899999, 1.640002, 0.417750, 0.353114, -1.000000, 0.393870, -1.000000, 0.365094, -1.000000, 0.392082, -1.000000
0.820000, 0.909999, 1.630002, 0.417313, 0.353152, -1.000000, 0.393681, -1.000000, 0.365011, -1.000000, 0.392078, -1.000000
0.820000, 0.919999, 1.620002, 0.416800, 0.353190, -1.000000, 0.393493, -1.000000, 0.364929, -1.000000, 0.392074, -1.000000
0.820000, 0.929999, 1.610002, 0.416213, 0.353227, -1.000000, 0.393305, -1.000000, 0.364847, -1.000000, 0.392070, -1.000000
0.820000, 0.939999, 1.600002, 0.415550, 0.353265, -1.000000, 0.393116, -1.000000, 0.364765, -1.000000, 0.392066, -1.000000
0.820000, 0.949999, 1.590002, 0.414813, 0.353302, -1.000000, 0.392928, -1.000000, 0.364683, -1.000000, 0.392062, -1.000000
0.820000, 0.959999, 1.580002, 0.414000, 0.353340, -1.000000, 0.392740, -1.000000, 0.364601, -1.000000, 0.392058, -1.000000
0.820000, 0.969999, 1.570002, 0.413113, 0.353378, -1.000000, 0.392551, -1.000000, 0.364519, -1.000000, 0.392054, -1.000000
0.820000, 0.979999, 1.560002, 0.412150, 0.353415, -1.000000, 0.392363, -1.000000, 0.364437, -1.000000, 0.392050, -1.000000
0.820000, 0.989999, 1.550002, 0.411113, 0.353453, -1.000000, 0.392175, -1.000000, 0.364354, -1.000000, 0.392046, -1.000000
0.820000, 0.999999, 1.540002, 0.410000, 0.353491, -1.000000, 0.391987, -1.000000, 0.364272, -1.000000, 0.392042, -1.000000
0.830000, 0.000000, 2.510001, 0.150000, 0.202381, 0.732892, 0.411061, 0.996349, 0.207523, 0.806329, 0.219580, 0.993902
0.830000, 0.010000, 2.500001, 0.156238, 0.204522, -1.000000, 0.410869, -1.000000, 0.209612, -1.000000, 0.221758, -1.000000
0.830000, 0.020000, 2.490001, 0.162400, 0.206679, -1.000000, 0.410678, -1.000000, 0.211716, -1.000000, 0.223951, -1.000000
0.830000, 0.030000, 2.480001, 0.168488, 0.208853, -1.000000, 0.410487, -1.000000, 0.213835, -1.000000, 0.226159, -1.000000
0.830000, 0.040000, 2.470001, 0.174500, 0.211044, -1.000000, 0.410296, -1.000000, 0.215970, -1.000000, 0.228383, -1.000000
0.830000, 0.050000, 2.460001, 0.180438, 0.213251, -1.000000, 0.410105, -1.000000, 0.218120, -1.000000, 0.230622, -1.000000
0.830000, 0.060000, 2.450001, 0.186300, 0.215475, -1.000000, 0.409915, -1.000000, 0.220285, -1.000000, 0.232877, -1.000000
0.830000, 0.070000, 2.440001, 0.192088, 0.217716, -1.000000, 0.409724, -1.000000, 0.222466, -1.000000, 0.235147, -1.000000
0.830000, 0.080000, 2.430001, 0.197800, 0.219974, -1.000000, 0.409533, -1.000000, 0.224662, -1.000000, 0.237432, -1.000000
0.830000, 0.090000, 2.420002, 0.203438, 0.222249, -1.000000, 0.409342, -1.000000, 0.226874, -1.000000, 0.239732, -1.000000
0.830000, 0.100000, 2.410002, 0.209000, 0.224540, -1.000000, 0.409151, -1.000000, 0.229100, -1.000000, 0.242047, -1.000000
0.830000, 0.110000, 2.400002, 0.214488, 0.226848, -1.000000, 0.408960, -1.000000, 0.231343, -1.000000, 0.244378, -1.000000
0.830000, 0.120000, 2.390002, 0.219900, 0.229173, -1.000000, 0.408770, -1.000000, 0.233600, -1.000000, 0.246724, -1.000000
0.830000, 0.130000, 2.380002, 0.225238, 0.231514, -1.000000, 0.408579, -1.000000, 0.235873, -1.000000, 0.249085, -1.000000
0.830000, 0.140000, 2.370001, 0.230500, 0.233872, -1.000000, 0.408388, -1.000000, 0.238161, -1.000000, 0.251461, -1.000000
0.830000, 0.150000, 2.360001, 0.235688, 0.236247, -1.000000, 0.408197, -1.000000, 0.240464, -1.000000, 0.253852, -1.000000
0.830000, 0.160000, 2.350001, 0.240800, 0.238639, -1.000000, 0.408007, -1.000000, 0.242782, -1.000000, 0.256258, -1.000000
0.830000, 0.170000, 2.340001, 0.245838, 0.241047, -1.000000, 0.407816, -1.000000, 0.245116, -1.000000, 0.258678, -1.000000
0.830000, 0.180000, 2.330001, 0.250800, 0.243471, -1.000000, 0.407626, -1.000000, 0.247465, -1.000000, 0.261114, -1.000000
0.830000, 0.190000, 2.320001, 0.255688, 0.245912, -1.000000, 0.407435, -1.000000, 0.249828, -1.000000, 0.263565, -1.000000
0.830000, 0.200000, 2.310001, 0.260500, 0.248369, -1.000000, 0.407244, -1.000000, 0.252207, -1.000000, 0.266030, -1.000000
0.830000, 0.210000, 2.300001, 0.265238, 0.250843, -1.000000, 0.407054, -1.000000, 0.254601, -1.000000, 0.268510, -1.000000
0.830000, 0.220000, 2.290001, 0.269900, 0.253333, -1.000000, 0.406863, -1.000000, 0.257009, -1.000000, 0.271004, -1.000000
0.830000, 0.230000, 2.280001, 0.274488, 0.255840, -1.000000, 0.406673, -1.000000, 0.259432, -1.000000, 0.273513, -1.000000
0.830000, 0.240000, 2.270001, 0.279000, 0.258362, -1.000000, 0.406483, -1.000000, 0.261871, -1.000000, 0.276036, -1.000000
0.830000, 0.250000, 2.260001, 0.283438, 0.260901, -1.000000, 0.406292, -1.000000, 0.264324, -1.000000, 0.278574, -1.000000
0.830000, 0.260000, 2.250001, 0.287800, 0.263456, -1.000000, 0.406102, -1.000000, 0.266791, -1.000000, 0.281126, -1.000000
0.830000, 0.270000, 2.240001, 0.292088, 0.266027, -1.000000, 0.405911, -1.000000, 0.269273, -1.000000, 0.283692, -1.000000
0.830000, 0.280000, 2.230001, 0.296300, 0.268613, -1.000000, 0.405721, -1.000000, 0.271770, -1.000000, 0.286272, -1.000000
0.830000, 0.290000, 2.220001, 0.300438, 0.271216, -1.000000, 0.405531, -1.000000, 0.274281, -1.000000, 0.288866, -1.000000
0.830000, 0.300000, 2.210001, 0.304500, 0.273834, -1.000000, 0.405341, -1.000000, 0.276807, -1.000000, 0.291474, -1.000000
0.830000, 0.310000, 2.200001, 0.308488, 0.276469, -1.000000, 0.405150, -1.000000, 0.279347, -1.000000, 0.294096, -1.000000
0.830000, 0.320000, 2.190001, 0.312400, 0.279118, -1.000000, 0.404960, -1.000000, 0.281901, -1.000000, 0.296731, -1.000000
0.830000, 0.330000, 2.180001, 0.316238, 0.281783, -1.000000, 0.404770, -1.000000, 0.284469, -1.000000, 0.299377, -1.000000
0.830000, 0.340000, 2.170002, 0.320000, 0.284464, -1.000000, 0.404580, -1.000000, 0.287052, -1.000000, 0.302036, -1.000000
0.830000, 0.350000, 2.160002, 0.323688, 0.287160, -1.000000, 0.404390, -1.000000, 0.289648, -1.000000, 0.304709, -1.000000
0.830000, 0.360000, 2.150002, 0.327300, 0.289871, -1.000000, 0.404200, -1.000000, 0.292258, -1.000000, 0.307395, -1.000000
0.830000, 0.370000, 2.140002, 0.330838, 0.292597, -1.000000, 0.404010, -1.000000, 0.294882, -1.000000, 0.310094, -1.000000
0.830000, 0.380000, 2.130002, 0.334300, 0.295339, -1.000000, 0.403819, -1.000000, 0.297519, -1.000000, 0.312806, -1.000000
0.830000, 0.390000, 2.120002, 0.337688, 0.298095, -1.000000, 0.403629, -1.000000, 0.300170, -1.000000, 0.315530, -1.000000
0.830000, 0.400000, 2.110002, 0.341000, 0.300865, -1.000000, 0.403440, -1.000000, 0.302835, -1.000000, 0.318268, -1.000000
0.830000, 0.410000, 2.100002, 0.344238, 0.303651, -1.000000, 0.403250, -1.000000, 0.305513, -1.000000, 0.321018, -1.000000
0.830000, 0.420000, 2.090002, 0.347400, 0.306451, -1.000000, 0.403060, -1.000000, 0.308204, -1.000000, 0.323781, -1.000000
0.830000, 0.430000, 2.080002, 0.350488, 0.309265, -1.000000, 0.402870, -1.000000, 0.310908, -1.000000, 0.326556, -1.000000
0.830000, 0.440000, 2.070002, 0.353500, 0.312093, -1.000000, 0.402680, -1.000000, 0.313625, -1.000000, 0.329343, -1.000000
0.830000, 0.450000, 2.060002, 0.356438, 0.314936, -1.000000, 0.402490, -1.000000, 0.316355, -1.000000, 0.332142, -1.000000
0.830000, 0.460000, 2.050002, 0.359300, 0.317468, -1.000000, 0.402300, -1.000000, 0.319097, -1.000000, 0.334953, -1.000000
0.830000, 0.470000, 2.040002, 0.362088, 0.319442, -1.000000, 0.402110, -1.000000, 0.321853, -1.000000, 0.337776, -1.000000
0.830000, 0.480000, 2.030002, 0.364800, 0.321422, -1.000000, 0.401921, -1.000000, 0.324620, -1.000000, 0.340611, -1.000000
0.830000, 0.490000, 2.020002, 0.367438, 0.323408, -1.000000, 0.401731, -1.000000, 0.327400, -1.000000, 0.343457, -1.000000
0.830000, 0.500000, 2.010002, 0.370000, 0.325401, -1.000000, 0.401541, -1.000000, 0.330193, -1.000000, 0.346314, -1.000000
0.830000, 0.510000, 2.000002, 0.372488, 0.327400, -1.000000, 0.401352, -1.000000, 0.332997, -1.000000, 0.349182, -1.000000
0.830000, 0.520000, 1.990002, 0.374900, 0.329405, -1.000000, 0.401162, -1.000000, 0.335813, -1.000000, 0.352062, -1.000000
0.830000, 0.530000, 1.980002, 0.377238, 0.331417, -1.000000, 0.400972, -1.000000, 0.338641, -1.000000, 0.354952, -1.000000
0.830000, 0.540000, 1.970002, 0.379500, 0.333435, -1.000000, 0.400783, -1.000000, 0.341480, -1.000000, 0.357852, -1.000000
0.830000, 0.550000, 1.960002, 0.381688, 0.335459, -1.000000, 0.400593, -1.000000, 0.344331, -1.000000, 0.360764, -1.000000
0.830000, 0.560000, 1.950002, 0.383800, 0.337488, -1.000000, 0.400404, -1.000000, 0.347193, -1.000000, 0.363685, -1.000000
0.830000, 0.570000, 1.940002, 0.385838, 0.339524, -1.000000, 0.400214, -1.000000, 0.350066, -1.000000, 0.366617, -1.000000
0.830000, 0.580000, 1.930002, 0.387800, 0.341566, -1.000000, 0.400025, -1.000000, 0.352950, -1.000000, 0.369558, -1.000000
0.830000, 0.590000, 1.920002, 0.389688, 0.343614, -1.000000, 0.399835, -1.000000, 0.355845, -1.000000, 0.372509, -1.000000
0.830000, 0.600000, 1.910002, 0.391500, 0.345668, -1.000000, 0.399646, -1.000000, 0.358750, -1.000000, 0.375470, -1.000000
0.830000, 0.610000, 1.900002, 0.393238, 0.347727, -1.000000, 0.399457, -1.000000, 0.361666, -1.000000, 0.378440, -1.000000
0.830000, 0.620000, 1.890002, 0.394900, 0.349792, -1.000000, 0.399267, -1.000000, 0.364592, -1.000000, 0.381419, -1.000000
0.830000, 0.630000, 1.880002, 0.396488, 0.351863, -1.000000, 0.399078, -1.000000, 0.366069, -1.000000, 0.384407, -1.000000
0.830000, 0.640000, 1.870002, 0.398000, 0.352118, -1.000000, 0.398889, -1.000000, 0.366052, -1.000000, 0.387404, -1.000000
0.830000, 0.650000, 1.860002, 0.399438, 0.352156, -1.000000, 0.398700, -1.000000, 0.366036, -1.000000, 0.390410, -1.000000
0.830000, 0.660000, 1.850002, 0.400800, 0.352193, -1.000000, 0.398510, -1.000000, 0.366019, -1.000000, 0.392163, -1.000000
0.830000, 0.670000, 1.840002, 0.402088, 0.352231, -1.000000, 0.398321, -1.000000, 0.366003, -1.000000, 0.392159, -1.000000
0.830000, 0.680000, 1.830002, 0.403300, 0.352269, -1.000000, 0.398132, -1.000000, 0.365986, -1.000000, 0.392156, -1.000000
0.830000, 0.690000, 1.820002, 0.404438, 0.352306, -1.000000, 0.397943, -1.000000, 0.365969, -1.000000, 0.392152, -1.000000
0.830000, 0.700000, 1.810002, 0.405500, 0.352344, -1.000000, 0.397754, -1.000000, 0.365953, -1.000000, 0.392148, -1.000000
0.830000, 0.710000, 1.800002, 0.406488, 0.352381, -1.000000, 0.397565, -1.000000, 0.365936, -1.000000, 0.392144, -1.000000
0.830000, 0.720000, 1.790002, 0.407400, 0.352419, -1.000000, 0.397376, -1.000000, 0.365920, -1.000000, 0.392140, -1.000000
0.830000, 0.730000, 1.780002, 0.408238, 0.352456, -1.000000, 0.397187, -1.000000, 0.365903, -1.000000, 0.392136, -1.000000
0.830000, 0.740000, 1.770002, 0.409000, 0.352494, -1.000000, 0.396998, -1.000000, 0.365887, -1.000000, 0.392132, -1.000000
0.830000, 0.750000, 1.760002, 0.409688, 0.352532, -1.000000, 0.396809, -1.000000, 0.365870, -1.000000, 0.392128, -1.000000
0.830000, 0.760000, 1.750002, 0.410300, 0.352569, -1.000000, 0.396620, -1.000000, 0.365853, -1.000000, 0.392124, -1.000000
0.830000, 0.770000, 1.740002, 0.410838, 0.352607, -1.000000, 0.396431, -1.000000, 0.365837, -1.000000, 0.392120, -1.000000
0.830000, 0.780000, 1.730002, 0.411300, 0.352644, -1.000000, 0.396242, -1.000000, 0.365820, -1.000000, 0.392116, -1.000000
0.830000, 0.790000, 1.720002, 0.411688, 0.352682, -1.000000, 0.396054, -1.000000, 0.365804, -1.000000, 0.392112, -1.000000
0.830000, 0.800000, 1.710002, 0.412000, 0.352720, -1.000000, 0.395865, -1.000000, 0.365787, -1.000000, 0.392108, -1.000000
0.830000, 0.810000, 1.700002, 0.412238, 0.352757, -1.000000, 0.395676, -1.000000, 0.365770, -1.000000, 0.392104, -1.000000
0.830000, 0.820000, 1.690002, 0.412400, 0.352795, -1.000000, 0.395487, -1.000000, 0.365705, -1.000000, 0.392100, -1.000000
0.830000, 0.830000, 1.680002, 0.412488, 0.352832, -1.000000, 0.395299, -1.000000, 0.365623, -1.000000, 0.392096, -1.000000
0.830000, 0.839999, 1.670002, 0.412500, 0.352870, -1.000000, 0.395110, -1.000000, 0.365541, -1.000000, 0.392092, -1.000000
0.830000, 0.849999, 1.660002, 0.412438, 0.352908, -1.000000, 0.394921, -1.000000, 0.365458, -1.000000, 0.392089, -1.000000
0.830000, 0.859999, 1.650002, 0.412300, 0.352945, -1.000000, 0.394733, -1.000000, 0.365376, -1.000000, 0.392085, -1.000000
0.830000, 0.869999, 1.640002, 0.412088, 0.352983, -1.000000, 0.394544, -1.000000, 0.365294, -1.000000, 0.392081, -1.000000
0.830000, 0.879999, 1.630002, 0.411800, 0.353020, -1.000000, 0.394356, -1.000000, 0.365212, -1.000000, 0.392077, -1.000000
0.830000, 0.889999, 1.620002, 0.411438, 0.353058, -1.000000, 0.394167, -1.000000, 0.365130, -1.000000, 0.392073, -1.000000
0.830000, 0.899999, 1.610002, 0.411000, 0.353096, -1.000000, 0.393979, -1.000000, 0.365048, -1.000000, 0.392069, -1.000000
0.830000, 0.909999, 1.600002, 0.410488, 0.353133, -1.000000, 0.393790, -1.000000, 0.364965, -1.000000, 0.392065, -1.000000
0.830000, 0.919999, 1.590002, 0.409900, 0.353171, -1.000000, 0.393602, -1.000000, 0.364883, -1.000000, 0.392061, -1.000000
0.830000, 0.929999, 1.580002, 0.409238, 0.353208, -1.000000, 0.393413, -1.000000, 0.364801, -1.000000, 0.392057, -1.000000
0.830000, 0.939999, 1.570002, 0.408500, 0.353246, -1.000000, 0.393225, -1.000000, 0.364719, -1.000000, 0.392053, -1.000000
0.830000, 0.949999, 1.560002, 0.407688, 0.353284, -1.000000, 0.393037, -1.000000, 0.364637, -1.000000, 0.392049, -1.000000
0.830000, 0.959999, 1.550002, 0.406800, 0.353321, -1.000000, 0.392849, -1.000000, 0.364555, -1.000000, 0.392045, -1.000000
0.830000, 0.969999, 1.540002, 0.405838, 0.353359, -1.000000, 0.392660, -1.000000, 0.364473, -1.000000, 0.392041, -1.000000
0.830000, 0.979999, 1.530002, 0.404800, 0.353397, -1.000000, 0.392472, -1.000000, 0.364390, -1.000000, 0.392037, -1.000000
0.830000, 0.989999, 1.520002, 0.403688, 0.353434, -1.000000, 0.392284, -1.000000, 0.364308, -1.000000, 0.392033, -1.000000
0.830000, 0.999999, 1.510002, 0.402500, 0.353472, -1.000000, 0.392096, -1.000000, 0.364226, -1.000000, 0.392029, -1.000000
0.839999, 0.000000, 2.480001, 0.150000, 0.202227, 0.732890, 0.411171, 0.996361, 0.207429, 0.806329, 0.219245, 0.993995
0.839999, 0.010000, 2.470001, 0.156163, 0.204366, -1.000000, 0.410980, -1.000000, 0.209516, -1.000000, 0.221420, -1.000000
0.839999, 0.020000, 2.460001, 0.162250, 0.206522, -1.000000, 0.410789, -1.000000, 0.211619, -1.000000, 0.223610, -1.000000
0.839999, 0.030000, 2.450001, 0.168263, 0.208695, -1.000000, 0.410598, -1.000000, 0.213738, -1.000000, 0.225816, -1.000000
0.839999, 0.040000, 2.440001, 0.174200, 0.210884, -1.000000, 0.410407, -1.000000, 0.215872, -1.000000, 0.228038, -1.000000
0.839999, 0.050000, 2.430001, 0.180063, 0.213091, -1.000000, 0.410216, -1.000000, 0.218021, -1.000000, 0.230275, -1.000000
0.839999, 0.060000, 2.420002, 0.185850, 0.215314, -1.000000, 0.410025, -1.000000, 0.220186, -1.000000, 0.232527, -1.000000
0.839999, 0.070000, 2.410002, 0.191563, 0.217554, -1.000000, 0.409834, -1.000000, 0.222366, -1.000000, 0.234794, -1.000000
0.839999, 0.080000, 2.400002, 0.197200, 0.219810, -1.000000, 0.409643, -1.000000, 0.224562, -1.000000, 0.237077, -1.000000
0.839999, 0.090000, 2.390002, 0.202763, 0.222083, -1.000000, 0.409452, -1.000000, 0.226772, -1.000000, 0.239375, -1.000000
0.839999, 0.100000, 2.380002, 0.208250, 0.224374, -1.000000, 0.409261, -1.000000, 0.228999, -1.000000, 0.241688, -1.000000
0.839999, 0.110000, 2.370002, 0.213663, 0.226680, -1.000000, 0.409071, -1.000000, 0.231240, -1.000000, 0.244016, -1.000000
0.839999, 0.120000, 2.360002, 0.219000, 0.229004, -1.000000, 0.408880, -1.000000, 0.233497, -1.000000, 0.246360, -1.000000
0.839999, 0.130000, 2.350001, 0.224263, 0.231344, -1.000000, 0.408689, -1.000000, 0.235769, -1.000000, 0.248718, -1.000000
0.839999, 0.140000, 2.340001, 0.229450, 0.233701, -1.000000, 0.408498, -1.000000, 0.238056, -1.000000, 0.251092, -1.000000
0.839999, 0.150000, 2.330001, 0.234563, 0.236075, -1.000000, 0.408308, -1.000000, 0.240359, -1.000000, 0.253481, -1.000000
0.839999, 0.160000, 2.320001, 0.239600, 0.238465, -1.000000, 0.408117, -1.000000, 0.242676, -1.000000, 0.255884, -1.000000
0.839999, 0.170000, 2.310001, 0.244563, 0.240872, -1.000000, 0.407926, -1.000000, 0.245009, -1.000000, 0.258303, -1.000000
0.839999, 0.180000, 2.300001, 0.249450, 0.243295, -1.000000, 0.407736, -1.000000, 0.247357, -1.000000, 0.260736, -1.000000
0.839999, 0.190000, 2.290001, 0.254263, 0.245735, -1.000000, 0.407545, -1.000000, 0.249720, -1.000000, 0.263184, -1.000000
0.839999, 0.200000, 2.280001, 0.259000, 0.248191, -1.000000, 0.407355, -1.000000, 0.252098, -1.000000, 0.265647, -1.000000
0.839999, 0.210000, 2.270001, 0.263663, 0.250663, -1.000000, 0.407164, -1.000000, 0.254491, -1.000000, 0.268125, -1.000000
0.839999, 0.220000, 2.260001, 0.268250, 0.253152, -1.000000, 0.406974, -1.000000, 0.256899, -1.000000, 0.270617, -1.000000
0.839999, 0.230000, 2.250001, 0.272763, 0.255658, -1.000000, 0.406783, -1.000000, 0.259322, -1.000000, 0.273123, -1.000000
0.839999, 0.240000, 2.240001, 0.277200, 0.258179, -1.000000, 0.406593, -1.000000, 0.261759, -1.000000, 0.275645, -1.000000
0.839999, 0.250000, 2.230001, 0.281563, 0.260717, -1.000000, 0.406402, -1.000000, 0.264211, -1.000000, 0.278180, -1.000000
0.839999, 0.260000, 2.220001, 0.285850, 0.263270, -1.000000, 0.406212, -1.000000, 0.266678, -1.000000, 0.280730, -1.000000
0.839999, 0.270000, 2.210001, 0.290063, 0.265840, -1.000000, 0.406021, -1.000000, 0.269160, -1.000000, 0.283294, -1.000000
0.839999, 0.280000, 2.200001, 0.294200, 0.268426, -1.000000, 0.405831, -1.000000, 0.271656, -1.000000, 0.285872, -1.000000
0.839999, 0.290000, 2.190001, 0.298263, 0.271027, -1.000000, 0.405641, -1.000000, 0.274167, -1.000000, 0.288462, -1.000000
0.839999, 0.300000, 2.180001, 0.302250, 0.273644, -1.000000, 0.405451, -1.000000, 0.276691, -1.000000, 0.291065, -1.000000
0.839999, 0.310000, 2.170002, 0.306163, 0.276277, -1.000000, 0.405260, -1.000000, 0.279231, -1.000000, 0.293681, -1.000000
0.839999, 0.320000, 2.160002, 0.310000, 0.278926, -1.000000, 0.405070, -1.000000, 0.281784, -1.000000, 0.296311, -1.000000
0.839999, 0.330000, 2.150002, 0.313763, 0.281590, -1.000000, 0.404880, -1.000000, 0.284352, -1.000000, 0.298955, -1.000000
0.839999, 0.340000, 2.140002, 0.317450, 0.284270, -1.000000, 0.404690, -1.000000, 0.286933, -1.000000, 0.301612, -1.000000
0.839999, 0.350000, 2.130002, 0.321063, 0.286964, -1.000000, 0.404500, -1.000000, 0.289529, -1.000000, 0.304282, -1.000000
0.839999, 0.360000, 2.120002, 0.324600, 0.289674, -1.000000, 0.404309, -1.000000, 0.292138, -1.000000, 0.306966, -1.000000
0.839999, 0.370000, 2.110002, 0.328063, 0.292399, -1.000000, 0.404119, -1.000000, 0.294762, -1.000000, 0.309663, -1.000000
0.839999, 0.380000, 2.100002, 0.331450, 0.295140, -1.000000, 0.403929, -1.000000, 0.297399, -1.000000, 0.312373, -1.000000
0.839999, 0.390000, 2.090002, 0.334763, 0.297895, -1.000000, 0.403739, -1.000000, 0.300049, -1.000000, 0.315096, -1.000000
0.839999, 0.400000, 2.080002, 0.338000, 0.300664, -1.000000, 0.403549, -1.000000, 0.302713, -1.000000, 0.317831, -1.000000
0.839999, 0.410000, 2.070002, 0.341163, 0.303449, -1.000000, 0.403359, -1.000000, 0.305390, -1.000000, 0.320579, -1.000000
0.839999, 0.420000, 2.060002, 0.344250, 0.306247, -1.000000, 0.403169, -1.000000, 0.308081, -1.000000, 0.323340, -1.000000
0.839999, 0.430000, 2.050002, 0.347263, 0.309061, -1.000000, 0.402980, -1.000000, 0.310784, -1.000000, 0.326113, -1.000000
0.839999, 0.440000, 2.040002, 0.350200, 0.311888, -1.000000, 0.402790, -1.000000, 0.313501, -1.000000, 0.328898, -1.000000
0.839999, 0.450000, 2.030002, 0.353063, 0.314730, -1.000000, 0.402600, -1.000000, 0.316230, -1.000000, 0.331696, -1.000000
0.839999, 0.460000, 2.020002, 0.355850, 0.317178, -1.000000, 0.402410, -1.000000, 0.318972, -1.000000, 0.334505, -1.000000
0.839999, 0.470000, 2.010002, 0.358563, 0.319150, -1.000000, 0.402220, -1.000000, 0.321727, -1.000000, 0.337326, -1.000000
0.839999, 0.480000, 2.000002, 0.361200, 0.321129, -1.000000, 0.402030, -1.000000, 0.324494, -1.000000, 0.340158, -1.000000
0.839999, 0.490000, 1.990002, 0.363763, 0.323114, -1.000000, 0.401841, -1.000000, 0.327273, -1.000000, 0.343003, -1.000000
0.839999, 0.500000, 1.980002, 0.366250, 0.325106, -1.000000, 0.401651, -1.000000, 0.330065, -1.000000, 0.345858, -1.000000
0.839999, 0.510000, 1.970002, 0.368663, 0.327104, -1.000000, 0.401461, -1.000000, 0.332869, -1.000000, 0.348725, -1.000000
0.839999, 0.520000, 1.960002, 0.371000, 0.329109, -1.000000, 0.401272, -1.000000, 0.335684, -1.000000, 0.351602, -1.000000
0.839999, 0.530000, 1.950002, 0.373263, 0.331119, -1.000000, 0.401082, -1.000000, 0.338511, -1.000000, 0.354491, -1.000000
0.839999, 0.540000, 1.940002, 0.375450, 0.333136, -1.000000, 0.400892, -1.000000, 0.341350, -1.000000, 0.357390, -1.000000
0.839999, 0.550000, 1.930002, 0.377563, 0.335159, -1.000000, 0.400703, -1.000000, 0.344200, -1.000000, 0.360299, -1.000000
0.839999, 0.560000, 1.920002, 0.379600, 0.337188, -1.000000, 0.400513, -1.000000, 0.347062, -1.000000, 0.363219, -1.000000
0.839999, 0.570000, 1.910002, 0.381563, 0.339223, -1.000000, 0.400324, -1.000000, 0.349935, -1.000000, 0.366149, -1.000000
0.839999, 0.580000, 1.900002, 0.383450, 0.341264, -1.000000, 0.400134, -1.000000, 0.352818, -1.000000, 0.369089, -1.000000
0.839999, 0.590000, 1.890002, 0.385263, 0.343311, -1.000000, 0.399945, -1.000000, 0.355712, -1.000000, 0.372039, -1.000000
0.839999, 0.600000, 1.880002, 0.387000, 0.345364, -1.000000, 0.399756, -1.000000, 0.358617, -1.000000, 0.374998, -1.000000
0.839999, 0.610000, 1.870002, 0.388663, 0.347423, -1.000000, 0.399566, -1.000000, 0.361533, -1.000000, 0.377967, -1.000000
0.839999, 0.620000, 1.860002, 0.390250, 0.349487, -1.000000, 0.399377, -1.000000, 0.364458, -1.000000, 0.380944, -1.000000
0.839999, 0.630000, 1.850002, 0.391763, 0.351557, -1.000000, 0.399188, -1.000000, 0.365994, -1.000000, 0.383931, -1.000000
0.839999, 0.640000, 1.840002, 0.393200, 0.352100, -1.000000, 0.398998, -1.000000, 0.365977, -1.000000, 0.386927, -1.000000
0.839999, 0.650000, 1.830002, 0.394563, 0.352137, -1.000000, 0.398809, -1.000000, 0.365961, -1.000000, 0.389931, -1.000000
0.839999, 0.660000, 1.820002, 0.395850, 0.352175, -1.000000, 0.398620, -1.000000, 0.365944, -1.000000, 0.392151, -1.000000
0.839999, 0.670000, 1.810002, 0.397063, 0.352212, -1.000000, 0.398431, -1.000000, 0.365928, -1.000000, 0.392147, -1.000000
0.839999, 0.680000, 1.800002, 0.398200, 0.352250, -1.000000, 0.398241, -1.000000, 0.365911, -1.000000, 0.392143, -1.000000
0.839999, 0.690000, 1.790002, 0.399263, 0.352287, -1.000000, 0.398052, -1.000000, 0.365895, -1.000000, 0.392139, -1.000000
0.839999, 0.700000, 1.780002, 0.400250, 0.352325, -1.000000, 0.397863, -1.000000, 0.365878, -1.000000, 0.392135, -1.000000
0.839999, 0.710000, 1.770002, 0.401163, 0.352362, -1.000000, 0.397674, -1.000000, 0.365861, -1.000000, 0.392131, -1.000000
0.839999, 0.720000, 1.760002, 0.402000, 0.352400, -1.000000, 0.397485, -1.000000, 0.365845, -1.000000, 0.392127, -1.000000
0.839999, 0.730000, 1.750002, 0.402763, 0.352438, -1.000000, 0.397296, -1.000000, 0.365828, -1.000000, 0.392123, -1.000000
0.839999, 0.740000, 1.740002, 0.403450, 0.352475, -1.000000, 0.397107, -1.000000, 0.365812, -1.000000, 0.392119, -1.000000
0.839999, 0.750000, 1.730002, 0.404063, 0.352513, -1.000000, 0.396918, -1.000000, 0.365795, -1.000000, 0.392115, -1.000000
0.839999, 0.760000, 1.720002, 0.404600, 0.352550, -1.000000, 0.396729, -1.000000, 0.365778, -1.000000, 0.392111, -1.000000
0.839999, 0.770000, 1.710002, 0.405063, 0.352588, -1.000000, 0.396540, -1.000000, 0.365762, -1.000000, 0.392107, -1.000000
0.839999, 0.780000, 1.700002, 0.405450, 0.352626, -1.000000, 0.396352, -1.000000, 0.365745, -1.000000, 0.392103, -1.000000
0.839999, 0.790000, 1.690002, 0.405763, 0.352663, -1.000000, 0.396163, -1.000000, 0.365729, -1.000000, 0.392099, -1.000000
0.839999, 0.800000, 1.680002, 0.406000, 0.352701, -1.000000, 0.395974, -1.000000, 0.365712, -1.000000, 0.392096, -1.000000
0.839999, 0.810000, 1.670002, 0.406163, 0.352738, -1.000000, 0.395785, -1.000000, 0.365696, -1.000000, 0.392092, -1.000000
0.839999, 0.820000, 1.660002, 0.406250, 0.352776, -1.000000, 0.395596, -1.000000, 0.365659, -1.000000, 0.392088, -1.000000
0.839999, 0.830000, 1.650002, 0.406263, 0.352813, -1.000000, 0.395408, -1.000000, 0.365577, -1.000000, 0.392084, -1.000000
0.839999, 0.839999, 1.640002, 0.406200, 0.352851, -1.000000, 0.395219, -1.000000, 0.365495, -1.000000, 0.392080, -1.000000
0.839999, 0.849999, 1.630002, 0.406063, 0.352889, -1.000000, 0.395030, -1.000000, 0.365412, -1.000000, 0.392076, -1.000000
0.839999, 0.859999, 1.620002, 0.405850, 0.352926, -1.000000, 0.394842, -1.000000, 0.365330, -1.000000, 0.392072, -1.000000
0.839999, 0.869999, 1.610002, 0.405563, 0.352964, -1.000000, 0.394653, -1.000000, 0.365248, -1.000000, 0.392068, -1.000000
0.839999, 0.879999, 1.600002, 0.405200, 0.353002, -1.000000, 0.394465, -1.000000, 0.365166, -1.000000, 0.392064, -1.000000
0.839999, 0.889999, 1.590002, 0.404763, 0.353039, -1.000000, 0.394276, -1.000000, 0.365084, -1.000000, 0.392060, -1.000000
0.839999, 0.899999, 1.580002, 0.404250, 0.353077, -1.000000, 0.394088, -1.000000, 0.365001, -1.000000, 0.392056, -1.000000
0.839999, 0.909999, 1.570002, 0.403663, 0.353114, -1.000000, 0.393899, -1.000000, 0.364919, -1.000000, 0.392052, -1.000000
0.839999, 0.919999, 1.560002, 0.403000, 0.353152, -1.000000, 0.393711, -1.000000, 0.364837, -1.000000, 0.392048, -1.000000
0.839999, 0.929999, 1.550002, 0.402263, 0.353190, -1.000000, 0.393522, -1.000000, 0.364755, -1.000000, 0.392044, -1.000000
0.839999, 0.939999, 1.540002, 0.401450, 0.353227, -1.000000, 0.393334, -1.000000, 0.364673, -1.000000, 0.392040, -1.000000
0.839999, 0.949999, 1.530002, 0.400563, 0.353265, -1.000000, 0.393146, -1.000000, 0.364591, -1.000000, 0.392036, -1.000000
0.839999, 0.959999, 1.520002, 0.399600, 0.353302, -1.000000, 0.392957, -1.000000, 0.364509, -1.000000, 0.392033, -1.000000
0.839999, 0.969999, 1.510002, 0.398563, 0.353340, -1.000000, 0.392769, -1.000000, 0.364426, -1.000000, 0.392029, -1.000000
0.839999, 0.979999, 1.500002, 0.397450, 0.353378, -1.000000, 0.392581, -1.000000, 0.364344, -1.000000, 0.392025, -1.000000
0.839999, 0.989999, 1.490002, 0.396263, 0.353415, -1.000000, 0.392393, -1.000000, 0.364262, -1.000000, 0.392021, -1.000000
0.839999, 0.999999, 1.480002, 0.395000, 0.353453, -1.000000, 0.392205, -1.000000, 0.364180, -1.000000, 0.392017, -1.000000
0.849999, 0.000000, 2.450001, 0.150000, 0.202073, 0.732889, 0.411282, 0.996373, 0.207334, 0.806329, 0.218909, 0.994086
0.849999, 0.010000, 2.440001, 0.156088, 0.204211, -1.000000, 0.411090, -1.000000, 0.209421, -1.000000, 0.221082, -1.000000
0.849999, 0.020000, 2.430001, 0.162100, 0.206366, -1.000000, 0.410899, -1.000000, 0.211523, -1.000000, 0.223270, -1.000000
0.849999, 0.030000, 2.420002, 0.168038, 0.208537, -1.000000, 0.410708, -1.000000, 0.213641, -1.000000, 0.225474, -1.000000
0.849999, 0.040000, 2.410002, 0.173900, 0.210725, -1.000000, 0.410517, -1.000000, 0.215774, -1.000000, 0.227693, -1.000000
0.849999, 0.050000, 2.400002, 0.179688, 0.212930, -1.000000, 0.410326, -1.000000, 0.217923, -1.000000, 0.229927, -1.000000
0.849999, 0.060000, 2.390002, 0.185400, 0.215152, -1.000000, 0.410135, -1.000000, 0.220087, -1.000000, 0.232177, -1.000000
0.849999, 0.070000, 2.380002, 0.191038, 0.217391, -1.000000, 0.409944, -1.000000, 0.222266, -1.000000, 0.234442, -1.000000
0.849999, 0.080000, 2.370002, 0.196600, 0.219646, -1.000000, 0.409754, -1.000000, 0.224461, -1.000000, 0.236722, -1.000000
0.849999, 0.090000, 2.360002, 0.202088, 0.221918, -1.000000, 0.409563, -1.000000, 0.226671, -1.000000, 0.239018, -1.000000
0.849999, 0.100000, 2.350002, 0.207500, 0.224207, -1.000000, 0.409372, -1.000000, 0.228897, -1.000000, 0.241329, -1.000000
0.849999, 0.110000, 2.340002, 0.212838, 0.226513, -1.000000, 0.409181, -1.000000, 0.231137, -1.000000, 0.243655, -1.000000
0.849999, 0.120000, 2.330002, 0.218100, 0.228835, -1.000000, 0.408990, -1.000000, 0.233394, -1.000000, 0.245996, -1.000000
0.849999, 0.130000, 2.320002, 0.223288, 0.231174, -1.000000, 0.408799, -1.000000, 0.235665, -1.000000, 0.248352, -1.000000
0.849999, 0.140000, 2.310001, 0.228400, 0.233530, -1.000000, 0.408609, -1.000000, 0.237951, -1.000000, 0.250724, -1.000000
0.849999, 0.150000, 2.300001, 0.233438, 0.235902, -1.000000, 0.408418, -1.000000, 0.240253, -1.000000, 0.253110, -1.000000
0.849999, 0.160000, 2.290001, 0.238400, 0.238291, -1.000000, 0.408227, -1.000000, 0.242570, -1.000000, 0.255511, -1.000000
0.849999, 0.170000, 2.280001, 0.243288, 0.240697, -1.000000, 0.408037, -1.000000, 0.244902, -1.000000, 0.257927, -1.000000
0.849999, 0.180000, 2.270001, 0.248100, 0.243119, -1.000000, 0.407846, -1.000000, 0.247250, -1.000000, 0.260358, -1.000000
0.849999, 0.190000, 2.260001, 0.252838, 0.245557, -1.000000, 0.407655, -1.000000, 0.249612, -1.000000, 0.262804, -1.000000
0.849999, 0.200000, 2.250001, 0.257500, 0.248012, -1.000000, 0.407465, -1.000000, 0.251989, -1.000000, 0.265265, -1.000000
0.849999, 0.210000, 2.240001, 0.262088, 0.250484, -1.000000, 0.407274, -1.000000, 0.254382, -1.000000, 0.267740, -1.000000
0.849999, 0.220000, 2.230001, 0.266600, 0.252972, -1.000000, 0.407084, -1.000000, 0.256789, -1.000000, 0.270230, -1.000000
0.849999, 0.230000, 2.220001, 0.271038, 0.255476, -1.000000, 0.406893, -1.000000, 0.259211, -1.000000, 0.272734, -1.000000
0.849999, 0.240000, 2.210001, 0.275400, 0.257996, -1.000000, 0.406703, -1.000000, 0.261648, -1.000000, 0.275253, -1.000000
0.849999, 0.250000, 2.200001, 0.279688, 0.260532, -1.000000, 0.406512, -1.000000, 0.264099, -1.000000, 0.277787, -1.000000
0.849999, 0.260000, 2.190001, 0.283900, 0.263085, -1.000000, 0.406322, -1.000000, 0.266566, -1.000000, 0.280332, -1.000000
0.849999, 0.270000, 2.180001, 0.288038, 0.265653, -1.000000, 0.406132, -1.000000, 0.269046, -1.000000, 0.282890, -1.000000
0.849999, 0.280000, 2.170002, 0.292100, 0.268238, -1.000000, 0.405941, -1.000000, 0.271542, -1.000000, 0.285463, -1.000000
0.849999, 0.290000, 2.160002, 0.296088, 0.270838, -1.000000, 0.405751, -1.000000, 0.274052, -1.000000, 0.288049, -1.000000
0.849999, 0.300000, 2.150002, 0.300000, 0.273454, -1.000000, 0.405561, -1.000000, 0.276576, -1.000000, 0.290650, -1.000000
0.849999, 0.310000, 2.140002, 0.303838, 0.276086, -1.000000, 0.405370, -1.000000, 0.279115, -1.000000, 0.293264, -1.000000
0.849999, 0.320000, 2.130002, 0.307600, 0.278734, -1.000000, 0.405180, -1.000000, 0.281667, -1.000000, 0.295892, -1.000000
0.849999, 0.330000, 2.120002, 0.311288, 0.281397, -1.000000, 0.404990, -1.000000, 0.284234, -1.000000, 0.298533, -1.000000
0.849999, 0.340000, 2.110002, 0.314900, 0.284075, -1.000000, 0.404800, -1.000000, 0.286815, -1.000000, 0.301188, -1.000000
0.849999, 0.350000, 2.100002, 0.318438, 0.286769, -1.000000, 0.404610, -1.000000, 0.289410, -1.000000, 0.303856, -1.000000
0.849999, 0.360000, 2.090002, 0.321900, 0.289478, -1.000000, 0.404419, -1.000000, 0.292019, -1.000000, 0.306538, -1.000000
0.849999, 0.370000, 2.080002, 0.325288, 0.292202, -1.000000, 0.404229, -1.000000, 0.294642, -1.000000, 0.309233, -1.000000
0.849999, 0.380000, 2.070002, 0.328600, 0.294941, -1.000000, 0.404039, -1.000000, 0.297278, -1.000000, 0.311941, -1.000000
0.849999, 0.390000, 2.060002, 0.331838, 0.297695, -1.000000, 0.403849, -1.000000, 0.299928, -1.000000, 0.314661, -1.000000
0.849999, 0.400000, 2.050002, 0.335000, 0.300463, -1.000000, 0.403659, -1.000000, 0.302591, -1.000000, 0.317395, -1.000000
0.849999, 0.410000, 2.040002, 0.338088, 0.303247, -1.000000, 0.403469, -1.000000, 0.305268, -1.000000, 0.320141, -1.000000
0.849999, 0.420000, 2.030002, 0.341100, 0.306044, -1.000000, 0.403279, -1.000000, 0.307958, -1.000000, 0.322900, -1.000000
0.849999, 0.430000, 2.020002, 0.344038, 0.308857, -1.000000, 0.403089, -1.000000, 0.310661, -1.000000, 0.325671, -1.000000
0.849999, 0.440000, 2.010002, 0.346900, 0.311683, -1.000000, 0.402899, -1.000000, 0.313376, -1.000000, 0.328454, -1.000000
0.849999, 0.450000, 2.000002, 0.349688, 0.314523, -1.000000, 0.402710, -1.000000, 0.316105, -1.000000, 0.331249, -1.000000
0.849999, 0.460000, 1.990002, 0.352400, 0.316887, -1.000000, 0.402520, -1.000000, 0.318847, -1.000000, 0.334057, -1.000000
0.849999, 0.470000, 1.980002, 0.355038, 0.318858, -1.000000, 0.402330, -1.000000, 0.321601, -1.000000, 0.336876, -1.000000
0.849999, 0.480000, 1.970002, 0.357600, 0.320836, -1.000000, 0.402140, -1.000000, 0.324367, -1.000000, 0.339707, -1.000000
0.849999, 0.490000, 1.960002, 0.360088, 0.322821, -1.000000, 0.401950, -1.000000, 0.327146, -1.000000, 0.342549, -1.000000
0.849999, 0.500000, 1.950002, 0.362500, 0.324812, -1.000000, 0.401761, -1.000000, 0.329937, -1.000000, 0.345403, -1.000000
0.849999, 0.510000, 1.940002, 0.364838, 0.326809, -1.000000, 0.401571, -1.000000, 0.332740, -1.000000, 0.348268, -1.000000
0.849999, 0.520000, 1.930002, 0.367100, 0.328812, -1.000000, 0.401381, -1.000000, 0.335555, -1.000000, 0.351143, -1.000000
0.849999, 0.530000, 1.920002, 0.369288, 0.330822, -1.000000, 0.401192, -1.000000, 0.338382, -1.000000, 0.354030, -1.000000
0.849999, 0.540000, 1.910002, 0.371400, 0.332838, -1.000000, 0.401002, -1.000000, 0.341220, -1.000000, 0.356928, -1.000000
0.849999, 0.550000, 1.900002, 0.373438, 0.334860, -1.000000, 0.400813, -1.000000, 0.344070, -1.000000, 0.359835, -1.000000
0.849999, 0.560000, 1.890002, 0.375400, 0.336888, -1.000000, 0.400623, -1.000000, 0.346931, -1.000000, 0.362754, -1.000000
0.849999, 0.570000, 1.880002, 0.377288, 0.338923, -1.000000, 0.400434, -1.000000, 0.349803, -1.000000, 0.365682, -1.000000
0.849999, 0.580000, 1.870002, 0.379100, 0.340963, -1.000000, 0.400244, -1.000000, 0.352686, -1.000000, 0.368620, -1.000000
0.849999, 0.590000, 1.860002, 0.380838, 0.343009, -1.000000, 0.400055, -1.000000, 0.355580, -1.000000, 0.371568, -1.000000
0.849999, 0.600000, 1.850002, 0.382500, 0.345061, -1.000000, 0.399865, -1.000000, 0.358485, -1.000000, 0.374526, -1.000000
0.849999, 0.610000, 1.840002, 0.384088, 0.347118, -1.000000, 0.399676, -1.000000, 0.361399, -1.000000, 0.377493, -1.000000
0.849999, 0.620000, 1.830002, 0.385600, 0.349182, -1.000000, 0.399486, -1.000000, 0.364324, -1.000000, 0.380470, -1.000000
0.849999, 0.630000, 1.820002, 0.387038, 0.351251, -1.000000, 0.399297, -1.000000, 0.365919, -1.000000, 0.383455, -1.000000
0.849999, 0.640000, 1.810002, 0.388400, 0.352081, -1.000000, 0.399108, -1.000000, 0.365903, -1.000000, 0.386449, -1.000000
0.849999, 0.650000, 1.800002, 0.389688, 0.352118, -1.000000, 0.398918, -1.000000, 0.365886, -1.000000, 0.389452, -1.000000
0.849999, 0.660000, 1.790002, 0.390900, 0.352156, -1.000000, 0.398729, -1.000000, 0.365869, -1.000000, 0.392138, -1.000000
0.849999, 0.670000, 1.780002, 0.392038, 0.352193, -1.000000, 0.398540, -1.000000, 0.365853, -1.000000, 0.392134, -1.000000
0.849999, 0.680000, 1.770002, 0.393100, 0.352231, -1.000000, 0.398351, -1.000000, 0.365836, -1.000000, 0.392130, -1.000000
0.849999, 0.690000, 1.760002, 0.394088, 0.352269, -1.000000, 0.398162, -1.000000, 0.365820, -1.000000, 0.392126, -1.000000
0.849999, 0.700000, 1.750002, 0.395000, 0.352306, -1.000000, 0.397973, -1.000000, 0.365803, -1.000000, 0.392122, -1.000000
0.849999, 0.710000, 1.740002, 0.395838, 0.352344, -1.000000, 0.397784, -1.000000, 0.365786, -1.000000, 0.392118, -1.000000
0.849999, 0.720000, 1.730002, 0.396600, 0.352381, -1.000000, 0.397594, -1.000000, 0.365770, -1.000000, 0.392114, -1.000000
0.849999, 0.730000, 1.720002, 0.397288, 0.352419, -1.000000, 0.397405, -1.000000, 0.365753, -1.000000, 0.392110, -1.000000
0.849999, 0.740000, 1.710002, 0.397900, 0.352456, -1.000000, 0.397216, -1.000000, 0.365737, -1.000000, 0.392107, -1.000000
0.849999, 0.750000, 1.700002, 0.398438, 0.352494, -1.000000, 0.397027, -1.000000, 0.365720, -1.000000, 0.392103, -1.000000
0.849999, 0.760000, 1.690002, 0.398900, 0.352532, -1.000000, 0.396839, -1.000000, 0.365704, -1.000000, 0.392099, -1.000000
0.849999, 0.770000, 1.680002, 0.399288, 0.352569, -1.000000, 0.396650, -1.000000, 0.365687, -1.000000, 0.392095, -1.000000
0.849999, 0.780000, 1.670002, 0.399600, 0.352607, -1.000000, 0.396461, -1.000000, 0.365670, -1.000000, 0.392091, -1.000000
0.849999, 0.790000, 1.660002, 0.399838, 0.352644, -1.000000, 0.396272, -1.000000, 0.365654, -1.000000, 0.392087, -1.000000
0.849999, 0.800000, 1.650002, 0.400000, 0.352682, -1.000000, 0.396083, -1.000000, 0.365637, -1.000000, 0.392083, -1.000000
0.849999, 0.810000, 1.640002, 0.400088, 0.352720, -1.000000, 0.395894, -1.000000, 0.365621, -1.000000, 0.392079, -1.000000
0.849999, 0.820000, 1.630002, 0.400100, 0.352757, -1.000000, 0.395706, -1.000000, 0.365604, -1.000000, 0.392075, -1.000000
0.849999, 0.830000, 1.620002, 0.400038, 0.352795, -1.000000, 0.395517, -1.000000, 0.365531, -1.000000, 0.392071, -1.000000
0.849999, 0.839999, 1.610002, 0.399900, 0.352832, -1.000000, 0.395328, -1.000000, 0.365448, -1.000000, 0.392067, -1.000000
0.849999, 0.849999, 1.600002, 0.399688, 0.352870, -1.000000, 0.395140, -1.000000, 0.365366, -1.000000, 0.392063, -1.000000
0.849999, 0.859999, 1.590002, 0.399400, 0.352907, -1.000000, 0.394951, -1.000000, 0.365284, -1.000000, 0.392059, -1.000000
0.849999, 0.869999, 1.580002, 0.399038, 0.352945, -1.000000, 0.394762, -1.000000, 0.365202, -1.000000, 0.392055, -1.000000
0.849999, 0.879999, 1.570002, 0.398600, 0.352983, -1.000000, 0.394574, -1.000000, 0.365120, -1.000000, 0.392051, -1.000000
0.849999, 0.889999, 1.560002, 0.398088, 0.353020, -1.000000, 0.394385, -1.000000, 0.365037, -1.000000, 0.392047, -1.000000
0.849999, 0.899999, 1.550002, 0.397500, 0.353058, -1.000000, 0.394197, -1.000000, 0.364955, -1.000000, 0.392043, -1.000000
0.849999, 0.909999, 1.540002, 0.396838, 0.353095, -1.000000, 0.394008, -1.000000, 0.364873, -1.000000, 0.392040, -1.000000
0.849999, 0.919999, 1.530002, 0.396100, 0.353133, -1.000000, 0.393820, -1.000000, 0.364791, -1.000000, 0.392036, -1.000000
0.849999, 0.929999, 1.520002, 0.395288, 0.353171, -1.000000, 0.393631, -1.000000, 0.364709, -1.000000, 0.392032, -1.000000
0.849999, 0.939999, 1.510002, 0.394400, 0.353208, -1.000000, 0.393443, -1.000000, 0.364627, -1.000000, 0.392028, -1.000000
0.849999, 0.949999, 1.500002, 0.393438, 0.353246, -1.000000, 0.393255, -1.000000, 0.364545, -1.000000, 0.392024, -1.000000
0.849999, 0.959999, 1.490002, 0.392400, 0.353284, -1.000000, 0.393066, -1.000000, 0.364462, -1.000000, 0.392020, -1.000000
0.849999, 0.969999, 1.480002, 0.391288, 0.353321, -1.000000, 0.392878, -1.000000, 0.364380, -1.000000, 0.392016, -1.000000
0.849999, 0.979999, 1.470002, 0.390100, 0.353359, -1.000000, 0.392690, -1.000000, 0.364298, -1.000000, 0.392012, -1.000000
0.849999, 0.989999, 1.460002, 0.388838, 0.353397, -1.000000, 0.392502, -1.000000, 0.364216, -1.000000, 0.392008, -1.000000
0.849999, 0.999999, 1.450002, 0.387500, 0.353434, -1.000000, 0.392313, -1.000000, 0.364134, -1.000000, 0.392004, -1.000000
0.859999, 0.000000, 2.420002, 0.150000, 0.201919, 0.732888, 0.411415, 0.996385, 0.207239, 0.806329, 0.218574, 0.994176
0.859999, 0.010000, 2.410002, 0.156013, 0.204055, -1.000000, 0.411201, -1.000000, 0.209325, -1.000000, 0.220745, -1.000000
0.859999, 0.020000, 2.400002, 0.161950, 0.206209, -1.000000, 0.411010, -1.000000, 0.211427, -1.000000, 0.222931, -1.000000
0.859999, 0.030000, 2.390002, 0.167813, 0.208379, -1.000000, 0.410819, -1.000000, 0.213544, -1.000000, 0.225132, -1.000000
0.859999, 0.040000, 2.380002, 0.173600, 0.210566, -1.000000, 0.410628, -1.000000, 0.215677, -1.000000, 0.227348, -1.000000
0.859999, 0.050000, 2.370002, 0.179313, 0.212770, -1.000000, 0.410437, -1.000000, 0.217825, -1.000000, 0.229581, -1.000000
0.859999, 0.060000, 2.360002, 0.184950, 0.214991, -1.000000, 0.410246, -1.000000, 0.219988, -1.000000, 0.231828, -1.000000
0.859999, 0.070000, 2.350002, 0.190513, 0.217228, -1.000000, 0.410055, -1.000000, 0.222167, -1.000000, 0.234091, -1.000000
0.859999, 0.080000, 2.340002, 0.196000, 0.219482, -1.000000, 0.409864, -1.000000, 0.224361, -1.000000, 0.236368, -1.000000
0.859999, 0.090000, 2.330002, 0.201413, 0.221753, -1.000000, 0.409673, -1.000000, 0.226570, -1.000000, 0.238662, -1.000000
0.859999, 0.100000, 2.320002, 0.206750, 0.224041, -1.000000, 0.409482, -1.000000, 0.228795, -1.000000, 0.240970, -1.000000
0.859999, 0.110000, 2.310002, 0.212013, 0.226345, -1.000000, 0.409291, -1.000000, 0.231035, -1.000000, 0.243294, -1.000000
0.859999, 0.120000, 2.300002, 0.217200, 0.228667, -1.000000, 0.409101, -1.000000, 0.233290, -1.000000, 0.245633, -1.000000
0.859999, 0.130000, 2.290001, 0.222313, 0.231004, -1.000000, 0.408910, -1.000000, 0.235561, -1.000000, 0.247986, -1.000000
0.859999, 0.140000, 2.280001, 0.227350, 0.233359, -1.000000, 0.408719, -1.000000, 0.237847, -1.000000, 0.250355, -1.000000
0.859999, 0.150000, 2.270001, 0.232313, 0.235730, -1.000000, 0.408528, -1.000000, 0.240148, -1.000000, 0.252739, -1.000000
0.859999, 0.160000, 2.260001, 0.237200, 0.238118, -1.000000, 0.408338, -1.000000, 0.242464, -1.000000, 0.255138, -1.000000
0.859999, 0.170000, 2.250001, 0.242013, 0.240522, -1.000000, 0.408147, -1.000000, 0.244796, -1.000000, 0.257552, -1.000000
0.859999, 0.180000, 2.240001, 0.246750, 0.242943, -1.000000, 0.407956, -1.000000, 0.247142, -1.000000, 0.259981, -1.000000
0.859999, 0.190000, 2.230001, 0.251413, 0.245380, -1.000000, 0.407766, -1.000000, 0.249504, -1.000000, 0.262425, -1.000000
0.859999, 0.200000, 2.220001, 0.256000, 0.247834, -1.000000, 0.407575, -1.000000, 0.251881, -1.000000, 0.264883, -1.000000
0.859999, 0.210000, 2.210001, 0.260513, 0.250304, -1.000000, 0.407384, -1.000000, 0.254272, -1.000000, 0.267356, -1.000000
0.859999, 0.220000, 2.200001, 0.264950, 0.252791, -1.000000, 0.407194, -1.000000, 0.256679, -1.000000, 0.269844, -1.000000
0.859999, 0.230000, 2.190001, 0.269313, 0.255294, -1.000000, 0.407003, -1.000000, 0.259100, -1.000000, 0.272343, -1.000000
0.859999, 0.240000, 2.180001, 0.273600, 0.257813, -1.000000, 0.406813, -1.000000, 0.261536, -1.000000, 0.274856, -1.000000
0.859999, 0.250000, 2.170002, 0.277813, 0.260348, -1.000000, 0.406622, -1.000000, 0.263987, -1.000000, 0.277384, -1.000000
0.859999, 0.260000, 2.160002, 0.281950, 0.262900, -1.000000, 0.406432, -1.000000, 0.266453, -1.000000, 0.279926, -1.000000
0.859999, 0.270000, 2.150002, 0.286013, 0.265467, -1.000000, 0.406242, -1.000000, 0.268933, -1.000000, 0.282482, -1.000000
0.859999, 0.280000, 2.140002, 0.290000, 0.268050, -1.000000, 0.406051, -1.000000, 0.271428, -1.000000, 0.285052, -1.000000
0.859999, 0.290000, 2.130002, 0.293913, 0.270649, -1.000000, 0.405861, -1.000000, 0.273937, -1.000000, 0.287636, -1.000000
0.859999, 0.300000, 2.120002, 0.297750, 0.273264, -1.000000, 0.405671, -1.000000, 0.276460, -1.000000, 0.290235, -1.000000
0.859999, 0.310000, 2.110002, 0.301513, 0.275895, -1.000000, 0.405480, -1.000000, 0.278998, -1.000000, 0.292847, -1.000000
0.859999, 0.320000, 2.100002, 0.305200, 0.278541, -1.000000, 0.405290, -1.000000, 0.281551, -1.000000, 0.295472, -1.000000
0.859999, 0.330000, 2.090002, 0.308813, 0.281203, -1.000000, 0.405100, -1.000000, 0.284117, -1.000000, 0.298112, -1.000000
0.859999, 0.340000, 2.080002, 0.312350, 0.283881, -1.000000, 0.404910, -1.000000, 0.286697, -1.000000, 0.300764, -1.000000
0.859999, 0.350000, 2.070002, 0.315813, 0.286573, -1.000000, 0.404720, -1.000000, 0.289292, -1.000000, 0.303431, -1.000000
0.859999, 0.360000, 2.060002, 0.319200, 0.289281, -1.000000, 0.404529, -1.000000, 0.291900, -1.000000, 0.306110, -1.000000
0.859999, 0.370000, 2.050002, 0.322513, 0.292004, -1.000000, 0.404339, -1.000000, 0.294522, -1.000000, 0.308803, -1.000000
0.859999, 0.380000, 2.040002, 0.325750, 0.294742, -1.000000, 0.404149, -1.000000, 0.297157, -1.000000, 0.311509, -1.000000
0.859999, 0.390000, 2.030002, 0.328913, 0.297495, -1.000000, 0.403959, -1.000000, 0.299807, -1.000000, 0.314227, -1.000000
0.859999, 0.400000, 2.020002, 0.332000, 0.300262, -1.000000, 0.403769, -1.000000, 0.302469, -1.000000, 0.316959, -1.000000
0.859999, 0.410000, 2.010002, 0.335013, 0.303045, -1.000000, 0.403579, -1.000000, 0.305145, -1.000000, 0.319703, -1.000000
0.859999, 0.420000, 2.000002, 0.337950, 0.305841, -1.000000, 0.403389, -1.000000, 0.307835, -1.000000, 0.322460, -1.000000
0.859999, 0.430000, 1.990002, 0.340813, 0.308652, -1.000000, 0.403199, -1.000000, 0.310537, -1.000000, 0.325229, -1.000000
0.859999, 0.440000, 1.980002, 0.343600, 0.311478, -1.000000, 0.403009, -1.000000, 0.313252, -1.000000, 0.328010, -1.000000
0.859999, 0.450000, 1.970002, 0.346313, 0.314317, -1.000000, 0.402819, -1.000000, 0.315980, -1.000000, 0.330803, -1.000000
0.859999, 0.460000, 1.960002, 0.348950, 0.316596, -1.000000, 0.402630, -1.000000, 0.318721, -1.000000, 0.333609, -1.000000
0.859999, 0.470000, 1.950002, 0.351513, 0.318567, -1.000000, 0.402440, -1.000000, 0.321475, -1.000000, 0.336426, -1.000000
0.859999, 0.480000, 1.940002, 0.354000, 0.320544, -1.000000, 0.402250, -1.000000, 0.324241, -1.000000, 0.339255, -1.000000
0.859999, 0.490000, 1.930002, 0.356413, 0.322527, -1.000000, 0.402060, -1.000000, 0.327019, -1.000000, 0.342096, -1.000000
0.859999, 0.500000, 1.920002, 0.358750, 0.324517, -1.000000, 0.401870, -1.000000, 0.329810, -1.000000, 0.344948, -1.000000
0.859999, 0.510000, 1.910002, 0.361013, 0.326514, -1.000000, 0.401681, -1.000000, 0.332612, -1.000000, 0.347811, -1.000000
0.859999, 0.520000, 1.900002, 0.363200, 0.328516, -1.000000, 0.401491, -1.000000, 0.335427, -1.000000, 0.350685, -1.000000
0.859999, 0.530000, 1.890002, 0.365313, 0.330525, -1.000000, 0.401301, -1.000000, 0.338253, -1.000000, 0.353570, -1.000000
0.859999, 0.540000, 1.880002, 0.367350, 0.332540, -1.000000, 0.401112, -1.000000, 0.341091, -1.000000, 0.356466, -1.000000
0.859999, 0.550000, 1.870002, 0.369313, 0.334561, -1.000000, 0.400922, -1.000000, 0.343940, -1.000000, 0.359372, -1.000000
0.859999, 0.560000, 1.860002, 0.371200, 0.336589, -1.000000, 0.400733, -1.000000, 0.346800, -1.000000, 0.362288, -1.000000
0.859999, 0.570000, 1.850002, 0.373013, 0.338622, -1.000000, 0.400543, -1.000000, 0.349672, -1.000000, 0.365215, -1.000000
0.859999, 0.580000, 1.840002, 0.374750, 0.340661, -1.000000, 0.400354, -1.000000, 0.352555, -1.000000, 0.368152, -1.000000
0.859999, 0.590000, 1.830002, 0.376413, 0.342706, -1.000000, 0.400164, -1.000000, 0.355448, -1.000000, 0.371098, -1.000000
0.859999, 0.600000, 1.820002, 0.378000, 0.344757, -1.000000, 0.399975, -1.000000, 0.358352, -1.000000, 0.374055, -1.000000
0.859999, 0.610000, 1.810002, 0.379513, 0.346814, -1.000000, 0.399785, -1.000000, 0.361266, -1.000000, 0.377020, -1.000000
0.859999, 0.620000, 1.800002, 0.380950, 0.348877, -1.000000, 0.399596, -1.000000, 0.364191, -1.000000, 0.379995, -1.000000
0.859999, 0.630000, 1.790002, 0.382313, 0.350945, -1.000000, 0.399407, -1.000000, 0.365844, -1.000000, 0.382979, -1.000000
0.859999, 0.640000, 1.780002, 0.383600, 0.352062, -1.000000, 0.399217, -1.000000, 0.365828, -1.000000, 0.385972, -1.000000
0.859999, 0.650000, 1.770002, 0.384813, 0.352099, -1.000000, 0.399028, -1.000000, 0.365811, -1.000000, 0.388973, -1.000000
0.859999, 0.660000, 1.760002, 0.385950, 0.352137, -1.000000, 0.398839, -1.000000, 0.365794, -1.000000, 0.391983, -1.000000
0.859999, 0.670000, 1.750002, 0.387013, 0.352175, -1.000000, 0.398649, -1.000000, 0.365778, -1.000000, 0.392121, -1.000000
0.859999, 0.680000, 1.740002, 0.388000, 0.352212, -1.000000, 0.398460, -1.000000, 0.365761, -1.000000, 0.392117, -1.000000
0.859999, 0.690000, 1.730002, 0.388913, 0.352250, -1.000000, 0.398271, -1.000000, 0.365745, -1.000000, 0.392114, -1.000000
0.859999, 0.700000, 1.720002, 0.389750, 0.352287, -1.000000, 0.398082, -1.000000, 0.365728, -1.000000, 0.392110, -1.000000
0.859999, 0.710000, 1.710002, 0.390513, 0.352325, -1.000000, 0.397893, -1.000000, 0.365712, -1.000000, 0.392106, -1.000000
0.859999, 0.720000, 1.700002, 0.391200, 0.352362, -1.000000, 0.397704, -1.000000, 0.365695, -1.000000, 0.392102, -1.000000
0.859999, 0.730000, 1.690002, 0.391813, 0.352400, -1.000000, 0.397515, -1.000000, 0.365678, -1.000000, 0.392098, -1.000000
0.859999, 0.740000, 1.680002, 0.392350, 0.352438, -1.000000, 0.397326, -1.000000, 0.365662, -1.000000, 0.392094, -1.000000
0.859999, 0.750000, 1.670002, 0.392813, 0.352475, -1.000000, 0.397137, -1.000000, 0.365645, -1.000000, 0.392090, -1.000000
0.859999, 0.760000, 1.660002, 0.393200, 0.352513, -1.000000, 0.396948, -1.000000, 0.365629, -1.000000, 0.392086, -1.000000
0.859999, 0.770000, 1.650002, 0.393513, 0.352550, -1.000000, 0.396759, -1.000000, 0.365612, -1.000000, 0.392082, -1.000000
0.859999, 0.780000, 1.640002, 0.393750, 0.352588, -1.000000, 0.396570, -1.000000, 0.365596, -1.000000, 0.392078, -1.000000
0.859999, 0.790000, 1.630002, 0.393913, 0.352625, -1.000000, 0.396381, -1.000000, 0.365579, -1.000000, 0.392074, -1.000000
0.859999, 0.800000, 1.620002, 0.394000, 0.352663, -1.000000, 0.396192, -1.000000, 0.365562, -1.000000, 0.392070, -1.000000
0.859999, 0.810000, 1.610002, 0.394013, 0.352701, -1.000000, 0.396004, -1.000000, 0.365546, -1.000000, 0.392066, -1.000000
0.859999, 0.820000, 1.600002, 0.393950, 0.352738, -1.000000, 0.395815, -1.000000, 0.365529, -1.000000, 0.392062, -1.000000
0.859999, 0.830000, 1.590002, 0.393813, 0.352776, -1.000000, 0.395626, -1.000000, 0.365485, -1.000000, 0.392058, -1.000000
0.859999, 0.839999, 1.580002, 0.393600, 0.352813, -1.000000, 0.395437, -1.000000, 0.365402, -1.000000, 0.392054, -1.000000
0.859999, 0.849999, 1.570002, 0.393313, 0.352851, -1.000000, 0.395249, -1.000000, 0.365320, -1.000000, 0.392050, -1.000000
0.859999, 0.859999, 1.560002, 0.392950, 0.352889, -1.000000, 0.395060, -1.000000, 0.365238, -1.000000, 0.392047, -1.000000
0.859999, 0.869999, 1.550002, 0.392513, 0.352926, -1.000000, 0.394871, -1.000000, 0.365156, -1.000000, 0.392043, -1.000000
0.859999, 0.879999, 1.540002, 0.392000, 0.352964, -1.000000, 0.394683, -1.000000, 0.365074, -1.000000, 0.392039, -1.000000
0.859999, 0.889999, 1.530002, 0.391413, 0.353001, -1.000000, 0.394494, -1.000000, 0.364991, -1.000000, 0.392035, -1.000000
0.859999, 0.899999, 1.520002, 0.390750, 0.353039, -1.000000, 0.394306, -1.000000, 0.364909, -1.000000, 0.392031, -1.000000
0.859999, 0.909999, 1.510002, 0.390013, 0.353077, -1.000000, 0.394117, -1.000000, 0.364827, -1.000000, 0.392027, -1.000000
0.859999, 0.919999, 1.500002, 0.389200, 0.353114, -1.000000, 0.393929, -1.000000, 0.364745, -1.000000, 0.392023, -1.000000
0.859999, 0.929999, 1.490002, 0.388313, 0.353152, -1.000000, 0.393740, -1.000000, 0.364663, -1.000000, 0.392019, -1.000000
0.859999, 0.939999, 1.480002, 0.387350, 0.353189, -1.000000, 0.393552, -1.000000, 0.364581, -1.000000, 0.392015, -1.000000
0.859999, 0.949999, 1.470002, 0.386313, 0.353227, -1.000000, 0.393364, -1.000000, 0.364498, -1.000000, 0.392011, -1.000000
0.859999, 0.959999, 1.460002, 0.385200, 0.353265, -1.000000, 0.393175, -1.000000, 0.364416, -1.000000, 0.392007, -1.000000
0.859999, 0.969999, 1.450002, 0.384013, 0.353302, -1.000000, 0.392987, -1.000000, 0.364334, -1.000000, 0.392003, -1.000000
0.859999, 0.979999, 1.440002, 0.382750, 0.353340, -1.000000, 0.392799, -1.000000, 0.364252, -1.000000, 0.391999, -1.000000
0.859999, 0.989999, 1.430002, 0.381413, 0.353378, -1.000000, 0.392610, -1.000000, 0.364170, -1.000000, 0.391995, -1.000000
0.859999, 0.999999, 1.420002, 0.380000, 0.353415, -1.000000, 0.392422, -1.000000, 0.364088, -1.000000, 0.391991, -1.000000
0.869999, 0.000000, 2.390002, 0.150000, 0.201765, 0.732886, 0.411619, 0.996397, 0.207144, 0.806329, 0.218240, 0.994265
0.869999, 0.010000, 2.380002, 0.155938, 0.203900, -1.000000, 0.411312, -1.000000, 0.209230, -1.000000, 0.220408, -1.000000
0.869999, 0.020000, 2.370002, 0.161800, 0.206052, -1.000000, 0.411120, -1.000000, 0.211331, -1.000000, 0.222591, -1.000000
0.869999, 0.030000, 2.360002, 0.167588, 0.208222, -1.000000, 0.410929, -1.000000, 0.213447, -1.000000, 0.224790, -1.000000
0.869999, 0.040000, 2.350002, 0.173300, 0.210407, -1.000000, 0.410738, -1.000000, 0.215579, -1.000000, 0.227004, -1.000000
0.869999, 0.050000, 2.340002, 0.178938, 0.212610, -1.000000, 0.410547, -1.000000, 0.217726, -1.000000, 0.229234, -1.000000
0.869999, 0.060000, 2.330002, 0.184500, 0.214829, -1.000000, 0.410356, -1.000000, 0.219889, -1.000000, 0.231479, -1.000000
0.869999, 0.070000, 2.320002, 0.189988, 0.217066, -1.000000, 0.410165, -1.000000, 0.222067, -1.000000, 0.233739, -1.000000
0.869999, 0.080000, 2.310002, 0.195400, 0.219319, -1.000000, 0.409974, -1.000000, 0.224260, -1.000000, 0.236015, -1.000000
0.869999, 0.090000, 2.300002, 0.200738, 0.221588, -1.000000, 0.409783, -1.000000, 0.226469, -1.000000, 0.238306, -1.000000
0.869999, 0.100000, 2.290002, 0.206000, 0.223875, -1.000000, 0.409593, -1.000000, 0.228693, -1.000000, 0.240612, -1.000000
0.869999, 0.110000, 2.280002, 0.211188, 0.226178, -1.000000, 0.409402, -1.000000, 0.230932, -1.000000, 0.242933, -1.000000
0.869999, 0.120000, 2.270002, 0.216300, 0.228498, -1.000000, 0.409211, -1.000000, 0.233187, -1.000000, 0.245270, -1.000000
0.869999, 0.130000, 2.260002, 0.221338, 0.230835, -1.000000, 0.409020, -1.000000, 0.235457, -1.000000, 0.247621, -1.000000
0.869999, 0.140000, 2.250001, 0.226300, 0.233188, -1.000000, 0.408829, -1.000000, 0.237742, -1.000000, 0.249988, -1.000000
0.869999, 0.150000, 2.240001, 0.231188, 0.235558, -1.000000, 0.408639, -1.000000, 0.240043, -1.000000, 0.252369, -1.000000
0.869999, 0.160000, 2.230001, 0.236000, 0.237944, -1.000000, 0.408448, -1.000000, 0.242358, -1.000000, 0.254766, -1.000000
0.869999, 0.170000, 2.220001, 0.240738, 0.240347, -1.000000, 0.408257, -1.000000, 0.244689, -1.000000, 0.257178, -1.000000
0.869999, 0.180000, 2.210001, 0.245400, 0.242767, -1.000000, 0.408066, -1.000000, 0.247035, -1.000000, 0.259604, -1.000000
0.869999, 0.190000, 2.200001, 0.249988, 0.245203, -1.000000, 0.407876, -1.000000, 0.249396, -1.000000, 0.262045, -1.000000
0.869999, 0.200000, 2.190001, 0.254500, 0.247656, -1.000000, 0.407685, -1.000000, 0.251772, -1.000000, 0.264498, -1.000000
0.869999, 0.210000, 2.180001, 0.258938, 0.250125, -1.000000, 0.407495, -1.000000, 0.254163, -1.000000, 0.266965, -1.000000
0.869999, 0.220000, 2.170002, 0.263300, 0.252610, -1.000000, 0.407304, -1.000000, 0.256569, -1.000000, 0.269447, -1.000000
0.869999, 0.230000, 2.160002, 0.267588, 0.255112, -1.000000, 0.407114, -1.000000, 0.258989, -1.000000, 0.271944, -1.000000
0.869999, 0.240000, 2.150002, 0.271800, 0.257630, -1.000000, 0.406923, -1.000000, 0.261425, -1.000000, 0.274455, -1.000000
0.869999, 0.250000, 2.140002, 0.275938, 0.260164, -1.000000, 0.406733, -1.000000, 0.263875, -1.000000, 0.276980, -1.000000
0.869999, 0.260000, 2.130002, 0.280000, 0.262714, -1.000000, 0.406542, -1.000000, 0.266340, -1.000000, 0.279520, -1.000000
0.869999, 0.270000, 2.120002, 0.283988, 0.265280, -1.000000, 0.406352, -1.000000, 0.268819, -1.000000, 0.282074, -1.000000
0.869999, 0.280000, 2.110002, 0.287900, 0.267863, -1.000000, 0.406161, -1.000000, 0.271314, -1.000000, 0.284642, -1.000000
0.869999, 0.290000, 2.100002, 0.291738, 0.270461, -1.000000, 0.405971, -1.000000, 0.273822, -1.000000, 0.287224, -1.000000
0.869999, 0.300000, 2.090002, 0.295500, 0.273075, -1.000000, 0.405781, -1.000000, 0.276345, -1.000000, 0.289820, -1.000000
0.869999, 0.310000, 2.080002, 0.299188, 0.275704, -1.000000, 0.405590, -1.000000, 0.278882, -1.000000, 0.292430, -1.000000
0.869999, 0.320000, 2.070002, 0.302800, 0.278349, -1.000000, 0.405400, -1.000000, 0.281434, -1.000000, 0.295053, -1.000000
0.869999, 0.330000, 2.060002, 0.306338, 0.281010, -1.000000, 0.405210, -1.000000, 0.284000, -1.000000, 0.297690, -1.000000
0.869999, 0.340000, 2.050002, 0.309800, 0.283686, -1.000000, 0.405020, -1.000000, 0.286579, -1.000000, 0.300341, -1.000000
0.869999, 0.350000, 2.040002, 0.313188, 0.286378, -1.000000, 0.404830, -1.000000, 0.289173, -1.000000, 0.303005, -1.000000
0.869999, 0.360000, 2.030002, 0.316500, 0.289084, -1.000000, 0.404639, -1.000000, 0.291781, -1.000000, 0.305683, -1.000000
0.869999, 0.370000, 2.020002, 0.319738, 0.291806, -1.000000, 0.404449, -1.000000, 0.294402, -1.000000, 0.308373, -1.000000
0.869999, 0.380000, 2.010002, 0.322900, 0.294543, -1.000000, 0.404259, -1.000000, 0.297037, -1.000000, 0.311077, -1.000000
0.869999, 0.390000, 2.000002, 0.325988, 0.297295, -1.000000, 0.404069, -1.000000, 0.299686, -1.000000, 0.313793, -1.000000
0.869999, 0.400000, 1.990002, 0.329000, 0.300061, -1.000000, 0.403879, -1.000000, 0.302348, -1.000000, 0.316523, -1.000000
0.869999, 0.410000, 1.980002, 0.331938, 0.302843, -1.000000, 0.403689, -1.000000, 0.305023, -1.000000, 0.319265, -1.000000
0.869999, 0.420000, 1.970002, 0.334800, 0.305638, -1.000000, 0.403499, -1.000000, 0.307712, -1.000000, 0.322020, -1.000000
0.869999, 0.430000, 1.960002, 0.337588, 0.308448, -1.000000, 0.403309, -1.000000, 0.310413, -1.000000, 0.324787, -1.000000
0.869999, 0.440000, 1.950002, 0.340300, 0.311273, -1.000000, 0.403119, -1.000000, 0.313128, -1.000000, 0.327566, -1.000000
0.869999, 0.450000, 1.940002, 0.342938, 0.314111, -1.000000, 0.402929, -1.000000, 0.315856, -1.000000, 0.330358, -1.000000
0.869999, 0.460000, 1.930002, 0.345500, 0.316306, -1.000000, 0.402739, -1.000000, 0.318596, -1.000000, 0.333161, -1.000000
0.869999, 0.470000, 1.920002, 0.347988, 0.318276, -1.000000, 0.402549, -1.000000, 0.321349, -1.000000, 0.335977, -1.000000
0.869999, 0.480000, 1.910002, 0.350400, 0.320252, -1.000000, 0.402360, -1.000000, 0.324115, -1.000000, 0.338804, -1.000000
0.869999, 0.490000, 1.900002, 0.352738, 0.322234, -1.000000, 0.402170, -1.000000, 0.326892, -1.000000, 0.341643, -1.000000
0.869999, 0.500000, 1.890002, 0.355000, 0.324223, -1.000000, 0.401980, -1.000000, 0.329682, -1.000000, 0.344493, -1.000000
0.869999, 0.510000, 1.880002, 0.357188, 0.326218, -1.000000, 0.401790, -1.000000, 0.332484, -1.000000, 0.347354, -1.000000
0.869999, 0.520000, 1.870002, 0.359300, 0.328220, -1.000000, 0.401601, -1.000000, 0.335298, -1.000000, 0.350226, -1.000000
0.869999, 0.530000, 1.860002, 0.361338, 0.330228, -1.000000, 0.401411, -1.000000, 0.338124, -1.000000, 0.353110, -1.000000
0.869999, 0.540000, 1.850002, 0.363300, 0.332242, -1.000000, 0.401221, -1.000000, 0.340961, -1.000000, 0.356004, -1.000000
0.869999, 0.550000, 1.840002, 0.365188, 0.334262, -1.000000, 0.401032, -1.000000, 0.343810, -1.000000, 0.358908, -1.000000
0.869999, 0.560000, 1.830002, 0.367000, 0.336289, -1.000000, 0.400842, -1.000000, 0.346670, -1.000000, 0.361823, -1.000000
0.869999, 0.570000, 1.820002, 0.368738, 0.338321, -1.000000, 0.400653, -1.000000, 0.349541, -1.000000, 0.364748, -1.000000
0.869999, 0.580000, 1.810002, 0.370400, 0.340360, -1.000000, 0.400463, -1.000000, 0.352423, -1.000000, 0.367684, -1.000000
0.869999, 0.590000, 1.800002, 0.371988, 0.342404, -1.000000, 0.400274, -1.000000, 0.355316, -1.000000, 0.370629, -1.000000
0.869999, 0.600000, 1.790002, 0.373500, 0.344454, -1.000000, 0.400084, -1.000000, 0.358219, -1.000000, 0.373583, -1.000000
0.869999, 0.610000, 1.780002, 0.374938, 0.346510, -1.000000, 0.399895, -1.000000, 0.361133, -1.000000, 0.376547, -1.000000
0.869999, 0.620000, 1.770002, 0.376300, 0.348572, -1.000000, 0.399705, -1.000000, 0.364057, -1.000000, 0.379521, -1.000000
0.869999, 0.630000, 1.760002, 0.377588, 0.350639, -1.000000, 0.399516, -1.000000, 0.365769, -1.000000, 0.382503, -1.000000
0.869999, 0.640000, 1.750002, 0.378800, 0.352043, -1.000000, 0.399327, -1.000000, 0.365753, -1.000000, 0.385495, -1.000000
0.869999, 0.650000, 1.740002, 0.379938, 0.352081, -1.000000, 0.399137, -1.000000, 0.365736, -1.000000, 0.388495, -1.000000
0.869999, 0.660000, 1.730002, 0.381000, 0.352118, -1.000000, 0.398948, -1.000000, 0.365720, -1.000000, 0.391503, -1.000000
0.869999, 0.670000, 1.720002, 0.381988, 0.352156, -1.000000, 0.398759, -1.000000, 0.365703, -1.000000, 0.392109, -1.000000
0.869999, 0.680000, 1.710002, 0.382900, 0.352193, -1.000000, 0.398570, -1.000000, 0.365686, -1.000000, 0.392105, -1.000000
0.869999, 0.690000, 1.700002, 0.383738, 0.352231, -1.000000, 0.398381, -1.000000, 0.365670, -1.000000, 0.392101, -1.000000
0.869999, 0.700000, 1.690002, 0.384500, 0.352268, -1.000000, 0.398191, -1.000000, 0.365653, -1.000000, 0.392097, -1.000000
0.869999, 0.710000, 1.680002, 0.385188, 0.352306, -1.000000, 0.398002, -1.000000, 0.365637, -1.000000, 0.392093, -1.000000
0.869999, 0.720000, 1.670002, 0.385800, 0.352344, -1.000000, 0.397813, -1.000000, 0.365620, -1.000000, 0.392089, -1.000000
0.869999, 0.730000, 1.660002, 0.386338, 0.352381, -1.000000, 0.397624, -1.000000, 0.365604, -1.000000, 0.392085, -1.000000
0.869999, 0.740000, 1.650002, 0.386800, 0.352419, -1.000000, 0.397435, -1.000000, 0.365587, -1.000000, 0.392081, -1.000000
0.869999, 0.750000, 1.640002, 0.387188, 0.352456, -1.000000, 0.397246, -1.000000, 0.365570, -1.000000, 0.392077, -1.000000
0.869999, 0.760000, 1.630002, 0.387500, 0.352494, -1.000000, 0.397057, -1.000000, 0.365554, -1.000000, 0.392073, -1.000000
0.869999, 0.770000, 1.620002, 0.387738, 0.352531, -1.000000, 0.396868, -1.000000, 0.365537, -1.000000, 0.392069, -1.000000
0.869999, 0.780000, 1.610002, 0.387900, 0.352569, -1.000000, 0.396679, -1.000000, 0.365521, -1.000000, 0.392065, -1.000000
0.869999, 0.790000, 1.600002, 0.387988, 0.352607, -1.000000, 0.396490, -1.000000, 0.365504, -1.000000, 0.392061, -1.000000
0.869999, 0.800000, 1.590002, 0.388000, 0.352644, -1.000000, 0.396301, -1.000000, 0.365488, -1.000000, 0.392058, -1.000000
0.869999, 0.810000, 1.580002, 0.387938, 0.352682, -1.000000, 0.396113, -1.000000, 0.365471, -1.000000, 0.392054, -1.000000
0.869999, 0.820000, 1.570002, 0.387800, 0.352719, -1.000000, 0.395924, -1.000000, 0.365454, -1.000000, 0.392050, -1.000000
0.869999, 0.830000, 1.560002, 0.387588, 0.352757, -1.000000, 0.395735, -1.000000, 0.365438, -1.000000, 0.392046, -1.000000
0.869999, 0.839999, 1.550002, 0.387300, 0.352795, -1.000000, 0.395546, -1.000000, 0.365356, -1.000000, 0.392042, -1.000000
0.869999, 0.849999, 1.540002, 0.386938, 0.352832, -1.000000, 0.395358, -1.000000, 0.365274, -1.000000, 0.392038, -1.000000
0.869999, 0.859999, 1.530002, 0.386500, 0.352870, -1.000000, 0.395169, -1.000000, 0.365192, -1.000000, 0.392034, -1.000000
0.869999, 0.869999, 1.520002, 0.385988, 0.352907, -1.000000, 0.394980, -1.000000, 0.365110, -1.000000, 0.392030, -1.000000
0.869999, 0.879999, 1.510002, 0.385400, 0.352945, -1.000000, 0.394792, -1.000000, 0.365027, -1.000000, 0.392026, -1.000000
0.869999, 0.889999, 1.500002, 0.384738, 0.352983, -1.000000, 0.394603, -1.000000, 0.364945, -1.000000, 0.392022, -1.000000
0.869999, 0.899999, 1.490002, 0.384000, 0.353020, -1.000000, 0.394415, -1.000000, 0.364863, -1.000000, 0.392018, -1.000000
0.869999, 0.909999, 1.480002, 0.383188, 0.353058, -1.000000, 0.394226, -1.000000, 0.364781, -1.000000, 0.392014, -1.000000
0.869999, 0.919999, 1.470002, 0.382300, 0.353095, -1.000000, 0.394038, -1.000000, 0.364699, -1.000000, 0.392010, -1.000000
0.869999, 0.929999, 1.460002, 0.381338, 0.353133, -1.000000, 0.393849, -1.000000, 0.364617, -1.000000, 0.392006, -1.000000
0.869999, 0.939999, 1.450002, 0.380300, 0.353171, -1.000000, 0.393661, -1.000000, 0.364535, -1.000000, 0.392002, -1.000000
0.869999, 0.949999, 1.440002, 0.379188, 0.353208, -1.000000, 0.393472, -1.000000, 0.364452, -1.000000, 0.391998, -1.000000
0.869999, 0.959999, 1.430002, 0.378000, 0.353246, -1.000000, 0.393284, -1.000000, 0.364370, -1.000000, 0.391994, -1.000000
0.869999, 0.969999, 1.420002, 0.376738, 0.353284, -1.000000, 0.393096, -1.000000, 0.364288, -1.000000, 0.391991, -1.000000
0.869999, 0.979999, 1.410002, 0.375400, 0.353321, -1.000000, 0.392908, -1.000000, 0.364206, -1.000000, 0.391987, -1.000000
0.869999, 0.989999, 1.400002, 0.373988, 0.353359, -1.000000, 0.392719, -1.000000, 0.364124, -1.000000, 0.391983, -1.000000
0.869999, 0.999999, 1.390002, 0.372500, 0.353396, -1.000000, 0.392531, -1.000000, 0.364042, -1.000000, 0.391979, -1.000000
0.879999, 0.000000, 2.360002, 0.150000, 0.201611, 0.732885, 0.411823, 0.996409, 0.207049, 0.806328, 0.217905, 0.994352
0.879999, 0.010000, 2.350002, 0.155863, 0.203745, -1.000000, 0.411466, -1.000000, 0.209134, -1.000000, 0.220071, -1.000000
0.879999, 0.020000, 2.340002, 0.161650, 0.205896, -1.000000, 0.411231, -1.000000, 0.211235, -1.000000, 0.222252, -1.000000
0.879999, 0.030000, 2.330002, 0.167363, 0.208064, -1.000000, 0.411040, -1.000000, 0.213350, -1.000000, 0.224449, -1.000000
0.879999, 0.040000, 2.320002, 0.173000, 0.210249, -1.000000, 0.410849, -1.000000, 0.215481, -1.000000, 0.226661, -1.000000
0.879999, 0.050000, 2.310002, 0.178563, 0.212450, -1.000000, 0.410658, -1.000000, 0.217628, -1.000000, 0.228888, -1.000000
0.879999, 0.060000, 2.300002, 0.184050, 0.214668, -1.000000, 0.410467, -1.000000, 0.219790, -1.000000, 0.231130, -1.000000
0.879999, 0.070000, 2.290002, 0.189463, 0.216903, -1.000000, 0.410276, -1.000000, 0.221967, -1.000000, 0.233388, -1.000000
0.879999, 0.080000, 2.280002, 0.194800, 0.219155, -1.000000, 0.410085, -1.000000, 0.224160, -1.000000, 0.235662, -1.000000
0.879999, 0.090000, 2.270002, 0.200063, 0.221423, -1.000000, 0.409894, -1.000000, 0.226368, -1.000000, 0.237950, -1.000000
0.879999, 0.100000, 2.260002, 0.205250, 0.223709, -1.000000, 0.409703, -1.000000, 0.228591, -1.000000, 0.240254, -1.000000
0.879999, 0.110000, 2.250002, 0.210363, 0.226011, -1.000000, 0.409512, -1.000000, 0.230830, -1.000000, 0.242573, -1.000000
0.879999, 0.120000, 2.240002, 0.215400, 0.228329, -1.000000, 0.409321, -1.000000, 0.233084, -1.000000, 0.244907, -1.000000
0.879999, 0.130000, 2.230001, 0.220363, 0.230665, -1.000000, 0.409130, -1.000000, 0.235353, -1.000000, 0.247256, -1.000000
0.879999, 0.140000, 2.220001, 0.225250, 0.233017, -1.000000, 0.408940, -1.000000, 0.237638, -1.000000, 0.249620, -1.000000
0.879999, 0.150000, 2.210001, 0.230063, 0.235386, -1.000000, 0.408749, -1.000000, 0.239937, -1.000000, 0.252000, -1.000000
0.879999, 0.160000, 2.200001, 0.234800, 0.237771, -1.000000, 0.408558, -1.000000, 0.242252, -1.000000, 0.254393, -1.000000
0.879999, 0.170000, 2.190001, 0.239463, 0.240173, -1.000000, 0.408367, -1.000000, 0.244582, -1.000000, 0.256799, -1.000000
0.879999, 0.180000, 2.180001, 0.244050, 0.242591, -1.000000, 0.408177, -1.000000, 0.246928, -1.000000, 0.259220, -1.000000
0.879999, 0.190000, 2.170002, 0.248563, 0.245026, -1.000000, 0.407986, -1.000000, 0.249288, -1.000000, 0.261656, -1.000000
0.879999, 0.200000, 2.160002, 0.253000, 0.247478, -1.000000, 0.407796, -1.000000, 0.251663, -1.000000, 0.264106, -1.000000
0.879999, 0.210000, 2.150002, 0.257363, 0.249946, -1.000000, 0.407605, -1.000000, 0.254053, -1.000000, 0.266571, -1.000000
0.879999, 0.220000, 2.140002, 0.261650, 0.252430, -1.000000, 0.407414, -1.000000, 0.256458, -1.000000, 0.269051, -1.000000
0.879999, 0.230000, 2.130002, 0.265863, 0.254930, -1.000000, 0.407224, -1.000000, 0.258878, -1.000000, 0.271546, -1.000000
0.879999, 0.240000, 2.120002, 0.270000, 0.257447, -1.000000, 0.407033, -1.000000, 0.261313, -1.000000, 0.274054, -1.000000
0.879999, 0.250000, 2.110002, 0.274063, 0.259980, -1.000000, 0.406843, -1.000000, 0.263763, -1.000000, 0.276577, -1.000000
0.879999, 0.260000, 2.100002, 0.278050, 0.262529, -1.000000, 0.406652, -1.000000, 0.266227, -1.000000, 0.279115, -1.000000
0.879999, 0.270000, 2.090002, 0.281963, 0.265094, -1.000000, 0.406462, -1.000000, 0.268706, -1.000000, 0.281666, -1.000000
0.879999, 0.280000, 2.080002, 0.285800, 0.267675, -1.000000, 0.406272, -1.000000, 0.271199, -1.000000, 0.284232, -1.000000
0.879999, 0.290000, 2.070002, 0.289563, 0.270272, -1.000000, 0.406081, -1.000000, 0.273707, -1.000000, 0.286812, -1.000000
0.879999, 0.300000, 2.060002, 0.293250, 0.272885, -1.000000, 0.405891, -1.000000, 0.276230, -1.000000, 0.289406, -1.000000
0.879999, 0.310000, 2.050002, 0.296863, 0.275513, -1.000000, 0.405700, -1.000000, 0.278766, -1.000000, 0.292013, -1.000000
0.879999, 0.320000, 2.040002, 0.300400, 0.278157, -1.000000, 0.405510, -1.000000, 0.281317, -1.000000, 0.294635, -1.000000
0.879999, 0.330000, 2.030002, 0.303863, 0.280817, -1.000000, 0.405320, -1.000000, 0.283882, -1.000000, 0.297270, -1.000000
0.879999, 0.340000, 2.020002, 0.307250, 0.283492, -1.000000, 0.405130, -1.000000, 0.286461, -1.000000, 0.299918, -1.000000
0.879999, 0.350000, 2.010002, 0.310563, 0.286182, -1.000000, 0.404939, -1.000000, 0.289054, -1.000000, 0.302580, -1.000000
0.879999, 0.360000, 2.000002, 0.313800, 0.288888, -1.000000, 0.404749, -1.000000, 0.291661, -1.000000, 0.305255, -1.000000
0.879999, 0.370000, 1.990002, 0.316963, 0.291609, -1.000000, 0.404559, -1.000000, 0.294282, -1.000000, 0.307944, -1.000000
0.879999, 0.380000, 1.980002, 0.320050, 0.294345, -1.000000, 0.404369, -1.000000, 0.296917, -1.000000, 0.310646, -1.000000
0.879999, 0.390000, 1.970002, 0.323063, 0.297095, -1.000000, 0.404179, -1.000000, 0.299564, -1.000000, 0.313360, -1.000000
0.879999, 0.400000, 1.960002, 0.326000, 0.299861, -1.000000, 0.403989, -1.000000, 0.302226, -1.000000, 0.316088, -1.000000
0.879999, 0.410000, 1.950002, 0.328863, 0.302641, -1.000000, 0.403799, -1.000000, 0.304901, -1.000000, 0.318828, -1.000000
0.879999, 0.420000, 1.940002, 0.331650, 0.305435, -1.000000, 0.403609, -1.000000, 0.307589, -1.000000, 0.321580, -1.000000
0.879999, 0.430000, 1.930002, 0.334363, 0.308245, -1.000000, 0.403419, -1.000000, 0.310290, -1.000000, 0.324346, -1.000000
0.879999, 0.440000, 1.920002, 0.337000, 0.311068, -1.000000, 0.403229, -1.000000, 0.313004, -1.000000, 0.327123, -1.000000
0.879999, 0.450000, 1.910002, 0.339563, 0.313905, -1.000000, 0.403039, -1.000000, 0.315731, -1.000000, 0.329913, -1.000000
0.879999, 0.460000, 1.900002, 0.342050, 0.316016, -1.000000, 0.402849, -1.000000, 0.318471, -1.000000, 0.332714, -1.000000
0.879999, 0.470000, 1.890002, 0.344463, 0.317984, -1.000000, 0.402659, -1.000000, 0.321223, -1.000000, 0.335528, -1.000000
0.879999, 0.480000, 1.880002, 0.346800, 0.319959, -1.000000, 0.402469, -1.000000, 0.323988, -1.000000, 0.338353, -1.000000
0.879999, 0.490000, 1.870002, 0.349063, 0.321941, -1.000000, 0.402280, -1.000000, 0.326765, -1.000000, 0.341190, -1.000000
0.879999, 0.500000, 1.860002, 0.351250, 0.323929, -1.000000, 0.402090, -1.000000, 0.329555, -1.000000, 0.344038, -1.000000
0.879999, 0.510000, 1.850002, 0.353363, 0.325924, -1.000000, 0.401900, -1.000000, 0.332356, -1.000000, 0.346898, -1.000000
0.879999, 0.520000, 1.840002, 0.355400, 0.327924, -1.000000, 0.401710, -1.000000, 0.335170, -1.000000, 0.349768, -1.000000
0.879999, 0.530000, 1.830002, 0.357363, 0.329931, -1.000000, 0.401521, -1.000000, 0.337995, -1.000000, 0.352650, -1.000000
0.879999, 0.540000, 1.820002, 0.359250, 0.331944, -1.000000, 0.401331, -1.000000, 0.340831, -1.000000, 0.355542, -1.000000
0.879999, 0.550000, 1.810002, 0.361063, 0.333964, -1.000000, 0.401141, -1.000000, 0.343680, -1.000000, 0.358445, -1.000000
0.879999, 0.560000, 1.800002, 0.362800, 0.335989, -1.000000, 0.400952, -1.000000, 0.346539, -1.000000, 0.361358, -1.000000
0.879999, 0.570000, 1.790002, 0.364463, 0.338021, -1.000000, 0.400762, -1.000000, 0.349410, -1.000000, 0.364282, -1.000000
0.879999, 0.580000, 1.780002, 0.366050, 0.340058, -1.000000, 0.400573, -1.000000, 0.352291, -1.000000, 0.367216, -1.000000
0.879999, 0.590000, 1.770002, 0.367563, 0.342102, -1.000000, 0.400383, -1.000000, 0.355184, -1.000000, 0.370159, -1.000000
0.879999, 0.600000, 1.760002, 0.369000, 0.344151, -1.000000, 0.400194, -1.000000, 0.358086, -1.000000, 0.373112, -1.000000
0.879999, 0.610000, 1.750002, 0.370363, 0.346206, -1.000000, 0.400004, -1.000000, 0.361000, -1.000000, 0.376075, -1.000000
0.879999, 0.620000, 1.740002, 0.371650, 0.348267, -1.000000, 0.399815, -1.000000, 0.363924, -1.000000, 0.379047, -1.000000
0.879999, 0.630000, 1.730002, 0.372863, 0.350334, -1.000000, 0.399626, -1.000000, 0.365694, -1.000000, 0.382028, -1.000000
0.879999, 0.640000, 1.720002, 0.374000, 0.352024, -1.000000, 0.399436, -1.000000, 0.365678, -1.000000, 0.385018, -1.000000
0.879999, 0.650000, 1.710002, 0.375063, 0.352062, -1.000000, 0.399247, -1.000000, 0.365661, -1.000000, 0.388016, -1.000000
0.879999, 0.660000, 1.700002, 0.376050, 0.352099, -1.000000, 0.399058, -1.000000, 0.365645, -1.000000, 0.391024, -1.000000
0.879999, 0.670000, 1.690002, 0.376963, 0.352137, -1.000000, 0.398868, -1.000000, 0.365628, -1.000000, 0.392096, -1.000000
0.879999, 0.680000, 1.680002, 0.377800, 0.352175, -1.000000, 0.398679, -1.000000, 0.365612, -1.000000, 0.392092, -1.000000
0.879999, 0.690000, 1.670002, 0.378563, 0.352212, -1.000000, 0.398490, -1.000000, 0.365595, -1.000000, 0.392088, -1.000000
0.879999, 0.700000, 1.660002, 0.379250, 0.352250, -1.000000, 0.398301, -1.000000, 0.365578, -1.000000, 0.392084, -1.000000
0.879999, 0.710000, 1.650002, 0.379863, 0.352287, -1.000000, 0.398112, -1.000000, 0.365562, -1.000000, 0.392080, -1.000000
0.879999, 0.720000, 1.640002, 0.380400, 0.352325, -1.000000, 0.397923, -1.000000, 0.365545, -1.000000, 0.392076, -1.000000
0.879999, 0.730000, 1.630002, 0.380863, 0.352362, -1.000000, 0.397733, -1.000000, 0.365529, -1.000000, 0.392072, -1.000000
0.879999, 0.740000, 1.620002, 0.381250, 0.352400, -1.000000, 0.397544, -1.000000, 0.365512, -1.000000, 0.392068, -1.000000
0.879999, 0.750000, 1.610002, 0.381563, 0.352438, -1.000000, 0.397355, -1.000000, 0.365496, -1.000000, 0.392065, -1.000000
0.879999, 0.760000, 1.600002, 0.381800, 0.352475, -1.000000, 0.397166, -1.000000, 0.365479, -1.000000, 0.392061, -1.000000
0.879999, 0.770000, 1.590002, 0.381963, 0.352513, -1.000000, 0.396977, -1.000000, 0.365462, -1.000000, 0.392057, -1.000000
0.879999, 0.780000, 1.580002, 0.382050, 0.352550, -1.000000, 0.396788, -1.000000, 0.365446, -1.000000, 0.392053, -1.000000
0.879999, 0.790000, 1.570002, 0.382063, 0.352588, -1.000000, 0.396600, -1.000000, 0.365429, -1.000000, 0.392049, -1.000000
0.879999, 0.800000, 1.560002, 0.382000, 0.352625, -1.000000, 0.396411, -1.000000, 0.365413, -1.000000, 0.392045, -1.000000
0.879999, 0.810000, 1.550002, 0.381863, 0.352663, -1.000000, 0.396222, -1.000000, 0.365396, -1.000000, 0.392041, -1.000000
0.879999, 0.820000, 1.540002, 0.381650, 0.352701, -1.000000, 0.396033, -1.000000, 0.365380, -1.000000, 0.392037, -1.000000
0.879999, 0.830000, 1.530002, 0.381363, 0.352738, -1.000000, 0.395844, -1.000000, 0.365363, -1.000000, 0.392033, -1.000000
0.879999, 0.839999, 1.520002, 0.381000, 0.352776, -1.000000, 0.395656, -1.000000, 0.365310, -1.000000, 0.392029, -1.000000
0.879999, 0.849999, 1.510002, 0.380563, 0.352813, -1.000000, 0.395467, -1.000000, 0.365228, -1.000000, 0.392025, -1.000000
0.879999, 0.859999, 1.500002, 0.380050, 0.352851, -1.000000, 0.395278, -1.000000, 0.365146, -1.000000, 0.392021, -1.000000
0.879999, 0.869999, 1.490002, 0.379463, 0.352889, -1.000000, 0.395089, -1.000000, 0.365063, -1.000000, 0.392017, -1.000000
0.879999, 0.879999, 1.480002, 0.378800, 0.352926, -1.000000, 0.394901, -1.000000, 0.364981, -1.000000, 0.392013, -1.000000
0.879999, 0.889999, 1.470002, 0.378063, 0.352964, -1.000000, 0.394712, -1.000000, 0.364899, -1.000000, 0.392009, -1.000000
0.879999, 0.899999, 1.460002, 0.377250, 0.353001, -1.000000, 0.394524, -1.000000, 0.364817, -1.000000, 0.392005, -1.000000
0.879999, 0.909999, 1.450002, 0.376363, 0.353039, -1.000000, 0.394335, -1.000000, 0.364735, -1.000000, 0.392001, -1.000000
0.879999, 0.919999, 1.440002, 0.375400, 0.353077, -1.000000, 0.394147, -1.000000, 0.364653, -1.000000, 0.391998, -1.000000
0.879999, 0.929999, 1.430002, 0.374363, 0.353114, -1.000000, 0.393958, -1.000000, 0.364571, -1.000000, 0.391994, -1.000000
0.879999, 0.939999, 1.420002, 0.373250, 0.353152, -1.000000, 0.393770, -1.000000, 0.364488, -1.000000, 0.391990, -1.000000
0.879999, 0.949999, 1.410002, 0.372063, 0.353189, -1.000000, 0.393581, -1.000000, 0.364406, -1.000000, 0.391986, -1.000000
0.879999, 0.959999, 1.400002, 0.370800, 0.353227, -1.000000, 0.393393, -1.000000, 0.364324, -1.000000, 0.391982, -1.000000
0.879999, 0.969999, 1.390002, 0.369463, 0.353265, -1.000000, 0.393205, -1.000000, 0.364242, -1.000000, 0.391978, -1.000000
0.879999, 0.979999, 1.380002, 0.368051, 0.353302, -1.000000, 0.393016, -1.000000, 0.364160, -1.000000, 0.391974, -1.000000
0.879999, 0.989999, 1.370002, 0.366563, 0.353340, -1.000000, 0.392828, -1.000000, 0.364078, -1.000000, 0.391970, -1.000000
0.879999, 0.999999, 1.360002, 0.365001, 0.353378, -1.000000, 0.392640, -1.000000, 0.363996, -1.000000, 0.391966, -1.000000
0.889999, 0.000000, 2.330002, 0.150000, 0.201457, 0.732884, 0.412027, 0.996421, 0.206955, 0.806328, 0.217571, 0.994438
0.889999, 0.010000, 2.320002, 0.155788, 0.203590, -1.000000, 0.411670, -1.000000, 0.209039, -1.000000, 0.219735, -1.000000
0.889999, 0.020000, 2.310002, 0.161500, 0.205740, -1.000000, 0.411341, -1.000000, 0.211138, -1.000000, 0.221913, -1.000000
0.889999, 0.030000, 2.300002, 0.167138, 0.207906, -1.000000, 0.411150, -1.000000, 0.213253, -1.000000, 0.224108, -1.000000
0.889999, 0.040000, 2.290002, 0.172700, 0.210090, -1.000000, 0.410959, -1.000000, 0.215384, -1.000000, 0.226317, -1.000000
0.889999, 0.050000, 2.280002, 0.178188, 0.212290, -1.000000, 0.410768, -1.000000, 0.217530, -1.000000, 0.228542, -1.000000
0.889999, 0.060000, 2.270002, 0.183600, 0.214507, -1.000000, 0.410577, -1.000000, 0.219691, -1.000000, 0.230782, -1.000000
0.889999, 0.070000, 2.260002, 0.188938, 0.216741, -1.000000, 0.410386, -1.000000, 0.221868, -1.000000, 0.233038, -1.000000
0.889999, 0.080000, 2.250002, 0.194200, 0.218991, -1.000000, 0.410195, -1.000000, 0.224059, -1.000000, 0.235309, -1.000000
0.889999, 0.090000, 2.240002, 0.199388, 0.221259, -1.000000, 0.410004, -1.000000, 0.226267, -1.000000, 0.237595, -1.000000
0.889999, 0.100000, 2.230002, 0.204500, 0.223543, -1.000000, 0.409813, -1.000000, 0.228490, -1.000000, 0.239896, -1.000000
0.889999, 0.110000, 2.220002, 0.209538, 0.225843, -1.000000, 0.409622, -1.000000, 0.230727, -1.000000, 0.242213, -1.000000
0.889999, 0.120000, 2.210002, 0.214500, 0.228161, -1.000000, 0.409432, -1.000000, 0.232981, -1.000000, 0.244545, -1.000000
0.889999, 0.130000, 2.200002, 0.219388, 0.230495, -1.000000, 0.409241, -1.000000, 0.235249, -1.000000, 0.246890, -1.000000
0.889999, 0.140000, 2.190001, 0.224200, 0.232846, -1.000000, 0.409050, -1.000000, 0.237533, -1.000000, 0.249249, -1.000000
0.889999, 0.150000, 2.180001, 0.228938, 0.235214, -1.000000, 0.408859, -1.000000, 0.239832, -1.000000, 0.251622, -1.000000
0.889999, 0.160000, 2.170002, 0.233600, 0.237598, -1.000000, 0.408668, -1.000000, 0.242146, -1.000000, 0.254011, -1.000000
0.889999, 0.170000, 2.160002, 0.238188, 0.239999, -1.000000, 0.408478, -1.000000, 0.244476, -1.000000, 0.256415, -1.000000
0.889999, 0.180000, 2.150002, 0.242700, 0.242416, -1.000000, 0.408287, -1.000000, 0.246820, -1.000000, 0.258834, -1.000000
0.889999, 0.190000, 2.140002, 0.247138, 0.244850, -1.000000, 0.408096, -1.000000, 0.249180, -1.000000, 0.261267, -1.000000
0.889999, 0.200000, 2.130002, 0.251500, 0.247300, -1.000000, 0.407906, -1.000000, 0.251554, -1.000000, 0.263715, -1.000000
0.889999, 0.210000, 2.120002, 0.255788, 0.249767, -1.000000, 0.407715, -1.000000, 0.253944, -1.000000, 0.266178, -1.000000
0.889999, 0.220000, 2.110002, 0.260000, 0.252250, -1.000000, 0.407525, -1.000000, 0.256348, -1.000000, 0.268655, -1.000000
0.889999, 0.230000, 2.100002, 0.264138, 0.254749, -1.000000, 0.407334, -1.000000, 0.258768, -1.000000, 0.271147, -1.000000
0.889999, 0.240000, 2.090002, 0.268200, 0.257264, -1.000000, 0.407143, -1.000000, 0.261202, -1.000000, 0.273654, -1.000000
0.889999, 0.250000, 2.080002, 0.272188, 0.259796, -1.000000, 0.406953, -1.000000, 0.263651, -1.000000, 0.276175, -1.000000
0.889999, 0.260000, 2.070002, 0.276100, 0.262344, -1.000000, 0.406762, -1.000000, 0.266114, -1.000000, 0.278710, -1.000000
0.889999, 0.270000, 2.060002, 0.279938, 0.264908, -1.000000, 0.406572, -1.000000, 0.268593, -1.000000, 0.281259, -1.000000
0.889999, 0.280000, 2.050002, 0.283700, 0.267488, -1.000000, 0.406382, -1.000000, 0.271085, -1.000000, 0.283823, -1.000000
0.889999, 0.290000, 2.040002, 0.287388, 0.270084, -1.000000, 0.406191, -1.000000, 0.273593, -1.000000, 0.286400, -1.000000
0.889999, 0.300000, 2.030002, 0.291000, 0.272695, -1.000000, 0.406001, -1.000000, 0.276114, -1.000000, 0.288992, -1.000000
0.889999, 0.310000, 2.020002, 0.294538, 0.275322, -1.000000, 0.405811, -1.000000, 0.278650, -1.000000, 0.291597, -1.000000
0.889999, 0.320000, 2.010002, 0.298000, 0.277965, -1.000000, 0.405620, -1.000000, 0.281201, -1.000000, 0.294216, -1.000000
0.889999, 0.330000, 2.000002, 0.301388, 0.280624, -1.000000, 0.405430, -1.000000, 0.283765, -1.000000, 0.296849, -1.000000
0.889999, 0.340000, 1.990002, 0.304700, 0.283298, -1.000000, 0.405240, -1.000000, 0.286343, -1.000000, 0.299496, -1.000000
0.889999, 0.350000, 1.980002, 0.307938, 0.285987, -1.000000, 0.405049, -1.000000, 0.288936, -1.000000, 0.302155, -1.000000
0.889999, 0.360000, 1.970002, 0.311100, 0.288692, -1.000000, 0.404859, -1.000000, 0.291542, -1.000000, 0.304829, -1.000000
0.889999, 0.370000, 1.960002, 0.314188, 0.291411, -1.000000, 0.404669, -1.000000, 0.294162, -1.000000, 0.307515, -1.000000
0.889999, 0.380000, 1.950002, 0.317200, 0.294146, -1.000000, 0.404479, -1.000000, 0.296796, -1.000000, 0.310215, -1.000000
0.889999, 0.390000, 1.940002, 0.320138, 0.296896, -1.000000, 0.404289, -1.000000, 0.299443, -1.000000, 0.312927, -1.000000
0.889999, 0.400000, 1.930002, 0.323000, 0.299660, -1.000000, 0.404099, -1.000000, 0.302104, -1.000000, 0.315652, -1.000000
0.889999, 0.410000, 1.920002, 0.325788, 0.302439, -1.000000, 0.403909, -1.000000, 0.304778, -1.000000, 0.318391, -1.000000
0.889999, 0.420000, 1.910002, 0.328500, 0.305233, -1.000000, 0.403719, -1.000000, 0.307466, -1.000000, 0.321141, -1.000000
0.889999, 0.430000, 1.900002, 0.331138, 0.308041, -1.000000, 0.403529, -1.000000, 0.310166, -1.000000, 0.323904, -1.000000
0.889999, 0.440000, 1.890002, 0.333700, 0.310863, -1.000000, 0.403339, -1.000000, 0.312880, -1.000000, 0.326680, -1.000000
0.889999, 0.450000, 1.880002, 0.336188, 0.313699, -1.000000, 0.403149, -1.000000, 0.315606, -1.000000, 0.329468, -1.000000
0.889999, 0.460000, 1.870002, 0.338600, 0.315726, -1.000000, 0.402959, -1.000000, 0.318346, -1.000000, 0.332267, -1.000000
0.889999, 0.470000, 1.860002, 0.340938, 0.317693, -1.000000, 0.402769, -1.000000, 0.321097, -1.000000, 0.335079, -1.000000
0.889999, 0.480000, 1.850002, 0.343200, 0.319667, -1.000000, 0.402579, -1.000000, 0.323862, -1.000000, 0.337903, -1.000000
0.889999, 0.490000, 1.840002, 0.345388, 0.321648, -1.000000, 0.402389, -1.000000, 0.326638, -1.000000, 0.340738, -1.000000
0.889999, 0.500000, 1.830002, 0.347500, 0.323635, -1.000000, 0.402200, -1.000000, 0.329427, -1.000000, 0.343584, -1.000000
0.889999, 0.510000, 1.820002, 0.349538, 0.325629, -1.000000, 0.402010, -1.000000, 0.332228, -1.000000, 0.346442, -1.000000
0.889999, 0.520000, 1.810002, 0.351500, 0.327628, -1.000000, 0.401820, -1.000000, 0.335041, -1.000000, 0.349311, -1.000000
0.889999, 0.530000, 1.800002, 0.353388, 0.329634, -1.000000, 0.401630, -1.000000, 0.337866, -1.000000, 0.352190, -1.000000
0.889999, 0.540000, 1.790002, 0.355200, 0.331647, -1.000000, 0.401441, -1.000000, 0.340702, -1.000000, 0.355081, -1.000000
0.889999, 0.550000, 1.780002, 0.356938, 0.333665, -1.000000, 0.401251, -1.000000, 0.343549, -1.000000, 0.357982, -1.000000
0.889999, 0.560000, 1.770002, 0.358600, 0.335690, -1.000000, 0.401062, -1.000000, 0.346408, -1.000000, 0.360894, -1.000000
0.889999, 0.570000, 1.760002, 0.360188, 0.337720, -1.000000, 0.400872, -1.000000, 0.349278, -1.000000, 0.363816, -1.000000
0.889999, 0.580000, 1.750002, 0.361700, 0.339757, -1.000000, 0.400682, -1.000000, 0.352160, -1.000000, 0.366748, -1.000000
0.889999, 0.590000, 1.740002, 0.363138, 0.341800, -1.000000, 0.400493, -1.000000, 0.355051, -1.000000, 0.369690, -1.000000
0.889999, 0.600000, 1.730002, 0.364500, 0.343848, -1.000000, 0.400303, -1.000000, 0.357954, -1.000000, 0.372641, -1.000000
0.889999, 0.610000, 1.720002, 0.365788, 0.345902, -1.000000, 0.400114, -1.000000, 0.360867, -1.000000, 0.375603, -1.000000
0.889999, 0.620000, 1.710002, 0.367000, 0.347962, -1.000000, 0.399925, -1.000000, 0.363790, -1.000000, 0.378573, -1.000000
0.889999, 0.630000, 1.700002, 0.368138, 0.350028, -1.000000, 0.399735, -1.000000, 0.365620, -1.000000, 0.381553, -1.000000
0.889999, 0.640000, 1.690002, 0.369200, 0.352005, -1.000000, 0.399546, -1.000000, 0.365603, -1.000000, 0.384541, -1.000000
0.889999, 0.650000, 1.680002, 0.370188, 0.352043, -1.000000, 0.399356, -1.000000, 0.365586, -1.000000, 0.387538, -1.000000
0.889999, 0.660000, 1.670002, 0.371100, 0.352081, -1.000000, 0.399167, -1.000000, 0.365570, -1.000000, 0.390544, -1.000000
0.889999, 0.670000, 1.660002, 0.371938, 0.352118, -1.000000, 0.398978, -1.000000, 0.365553, -1.000000, 0.392083, -1.000000
0.889999, 0.680000, 1.650002, 0.372700, 0.352156, -1.000000, 0.398789, -1.000000, 0.365537, -1.000000, 0.392079, -1.000000
0.889999, 0.690000, 1.640002, 0.373388, 0.352193, -1.000000, 0.398599, -1.000000, 0.365520, -1.000000, 0.392075, -1.000000
0.889999, 0.700000, 1.630002, 0.374000, 0.352231, -1.000000, 0.398410, -1.000000, 0.365504, -1.000000, 0.392072, -1.000000
0.889999, 0.710000, 1.620002, 0.374538, 0.352268, -1.000000, 0.398221, -1.000000, 0.365487, -1.000000, 0.392068, -1.000000
0.889999, 0.720000, 1.610002, 0.375000, 0.352306, -1.000000, 0.398032, -1.000000, 0.365470, -1.000000, 0.392064, -1.000000
0.889999, 0.730000, 1.600002, 0.375388, 0.352344, -1.000000, 0.397843, -1.000000, 0.365454, -1.000000, 0.392060, -1.000000
0.889999, 0.740000, 1.590002, 0.375700, 0.352381, -1.000000, 0.397654, -1.000000, 0.365437, -1.000000, 0.392056, -1.000000
0.889999, 0.750000, 1.580002, 0.375938, 0.352419, -1.000000, 0.397465, -1.000000, 0.365421, -1.000000, 0.392052, -1.000000
0.889999, 0.760000, 1.570002, 0.376100, 0.352456, -1.000000, 0.397276, -1.000000, 0.365404, -1.000000, 0.392048, -1.000000
0.889999, 0.770000, 1.560002, 0.376188, 0.352494, -1.000000, 0.397087, -1.000000, 0.365388, -1.000000, 0.392044, -1.000000
0.889999, 0.780000, 1.550002, 0.376200, 0.352531, -1.000000, 0.396898, -1.000000, 0.365371, -1.000000, 0.392040, -1.000000
0.889999, 0.790000, 1.540002, 0.376138, 0.352569, -1.000000, 0.396709, -1.000000, 0.365354, -1.000000, 0.392036, -1.000000
0.889999, 0.800000, 1.530002, 0.376000, 0.352607, -1.000000, 0.396520, -1.000000, 0.365338, -1.000000, 0.392032, -1.000000
0.889999, 0.810000, 1.520002, 0.375788, 0.352644, -1.000000, 0.396331, -1.000000, 0.365321, -1.000000, 0.392028, -1.000000
0.889999, 0.820000, 1.510002, 0.375500, 0.352682, -1.000000, 0.396142, -1.000000, 0.365305, -1.000000, 0.392024, -1.000000
0.889999, 0.830000, 1.500002, 0.375138, 0.352719, -1.000000, 0.395953, -1.000000, 0.365288, -1.000000, 0.392020, -1.000000
0.889999, 0.839999, 1.490002, 0.374700, 0.352757, -1.000000, 0.395765, -1.000000, 0.365264, -1.000000, 0.392016, -1.000000
0.889999, 0.849999, 1.480002, 0.374188, 0.352795, -1.000000, 0.395576, -1.000000, 0.365182, -1.000000, 0.392012, -1.000000
0.889999, 0.859999, 1.470002, 0.373600, 0.352832, -1.000000, 0.395387, -1.000000, 0.365100, -1.000000, 0.392008, -1.000000
0.889999, 0.869999, 1.460002, 0.372938, 0.352870, -1.000000, 0.395199, -1.000000, 0.365017, -1.000000, 0.392005, -1.000000
0.889999, 0.879999, 1.450002, 0.372200, 0.352907, -1.000000, 0.395010, -1.000000, 0.364935, -1.000000, 0.392001, -1.000000
0.889999, 0.889999, 1.440002, 0.371388, 0.352945, -1.000000, 0.394821, -1.000000, 0.364853, -1.000000, 0.391997, -1.000000
0.889999, 0.899999, 1.430002, 0.370500, 0.352983, -1.000000, 0.394633, -1.000000, 0.364771, -1.000000, 0.391993, -1.000000
0.889999, 0.909999, 1.420002, 0.369538, 0.353020, -1.000000, 0.394444, -1.000000, 0.364689, -1.000000, 0.391989, -1.000000
0.889999, 0.919999, 1.410002, 0.368500, 0.353058, -1.000000, 0.394256, -1.000000, 0.364607, -1.000000, 0.391985, -1.000000
0.889999, 0.929999, 1.400002, 0.367388, 0.353095, -1.000000, 0.394067, -1.000000, 0.364524, -1.000000, 0.391981, -1.000000
0.889999, 0.939999, 1.390002, 0.366200, 0.353133, -1.000000, 0.393879, -1.000000, 0.364442, -1.000000, 0.391977, -1.000000
0.889999, 0.949999, 1.380002, 0.364938, 0.353171, -1.000000, 0.393690, -1.000000, 0.364360, -1.000000, 0.391973, -1.000000
0.889999, 0.959999, 1.370002, 0.363600, 0.353208, -1.000000, 0.393502, -1.000000, 0.364278, -1.000000, 0.391969, -1.000000
0.889999, 0.969999, 1.360002, 0.362188, 0.353246, -1.000000, 0.393314, -1.000000, 0.364196, -1.000000, 0.391965, -1.000000
0.889999, 0.979999, 1.350002, 0.360701, 0.353283, -1.000000, 0.393125, -1.000000, 0.364114, -1.000000, 0.391961, -1.000000
0.889999, 0.989999, 1.340002, 0.359138, 0.353321, -1.000000, 0.392937, -1.000000, 0.364032, -1.000000, 0.391957, -1.000000
0.889999, 0.999999, 1.330002, 0.357501, 0.353359, -1.000000, 0.392749, -1.000000, 0.363950, -1.000000, 0.391953, -1.000000
0.899999, 0.000000, 2.300002, 0.150000, 0.201303, 0.732882, 0.412231, 0.996433, 0.206860, 0.806328, 0.217238, 0.994523
0.899999, 0.010000, 2.290002, 0.155713, 0.203435, -1.000000, 0.411874, -1.000000, 0.208943, -1.000000, 0.219399, -1.000000
0.899999, 0.020000, 2.280002, 0.161350, 0.205584, -1.000000, 0.411518, -1.000000, 0.211042, -1.000000, 0.221575, -1.000000
0.899999, 0.030000, 2.270002, 0.166913, 0.207749, -1.000000, 0.411261, -1.000000, 0.213157, -1.000000, 0.223767, -1.000000
0.899999, 0.040000, 2.260002, 0.172400, 0.209931, -1.000000, 0.411070, -1.000000, 0.215286, -1.000000, 0.225974, -1.000000
0.899999, 0.050000, 2.250002, 0.177813, 0.212130, -1.000000, 0.410879, -1.000000, 0.217432, -1.000000, 0.228197, -1.000000
0.899999, 0.060000, 2.240002, 0.183150, 0.214346, -1.000000, 0.410688, -1.000000, 0.219592, -1.000000, 0.230434, -1.000000
0.899999, 0.070000, 2.230002, 0.188413, 0.216578, -1.000000, 0.410497, -1.000000, 0.221768, -1.000000, 0.232688, -1.000000
0.899999, 0.080000, 2.220002, 0.193600, 0.218828, -1.000000, 0.410306, -1.000000, 0.223959, -1.000000, 0.234956, -1.000000
0.899999, 0.090000, 2.210002, 0.198713, 0.221094, -1.000000, 0.410115, -1.000000, 0.226166, -1.000000, 0.237240, -1.000000
0.899999, 0.100000, 2.200002, 0.203750, 0.223377, -1.000000, 0.409924, -1.000000, 0.228388, -1.000000, 0.239537, -1.000000
0.899999, 0.110000, 2.190002, 0.208713, 0.225676, -1.000000, 0.409733, -1.000000, 0.230625, -1.000000, 0.241848, -1.000000
0.899999, 0.120000, 2.180002, 0.213600, 0.227993, -1.000000, 0.409542, -1.000000, 0.232878, -1.000000, 0.244174, -1.000000
0.899999, 0.130000, 2.170002, 0.218413, 0.230326, -1.000000, 0.409351, -1.000000, 0.235146, -1.000000, 0.246515, -1.000000
0.899999, 0.140000, 2.160002, 0.223150, 0.232675, -1.000000, 0.409160, -1.000000, 0.237429, -1.000000, 0.248872, -1.000000
0.899999, 0.150000, 2.150002, 0.227813, 0.235042, -1.000000, 0.408970, -1.000000, 0.239727, -1.000000, 0.251244, -1.000000
0.899999, 0.160000, 2.140002, 0.232400, 0.237425, -1.000000, 0.408779, -1.000000, 0.242041, -1.000000, 0.253630, -1.000000
0.899999, 0.170000, 2.130002, 0.236913, 0.239824, -1.000000, 0.408588, -1.000000, 0.244369, -1.000000, 0.256031, -1.000000
0.899999, 0.180000, 2.120002, 0.241350, 0.242240, -1.000000, 0.408397, -1.000000, 0.246713, -1.000000, 0.258448, -1.000000
0.899999, 0.190000, 2.110002, 0.245713, 0.244673, -1.000000, 0.408207, -1.000000, 0.249072, -1.000000, 0.260879, -1.000000
0.899999, 0.200000, 2.100002, 0.250000, 0.247122, -1.000000, 0.408016, -1.000000, 0.251446, -1.000000, 0.263324, -1.000000
0.899999, 0.210000, 2.090002, 0.254213, 0.249587, -1.000000, 0.407825, -1.000000, 0.253835, -1.000000, 0.265785, -1.000000
0.899999, 0.220000, 2.080002, 0.258350, 0.252069, -1.000000, 0.407635, -1.000000, 0.256238, -1.000000, 0.268260, -1.000000
0.899999, 0.230000, 2.070002, 0.262413, 0.254567, -1.000000, 0.407444, -1.000000, 0.258657, -1.000000, 0.270750, -1.000000
0.899999, 0.240000, 2.060002, 0.266400, 0.257082, -1.000000, 0.407254, -1.000000, 0.261091, -1.000000, 0.273254, -1.000000
0.899999, 0.250000, 2.050002, 0.270313, 0.259612, -1.000000, 0.407063, -1.000000, 0.263539, -1.000000, 0.275772, -1.000000
0.899999, 0.260000, 2.040002, 0.274150, 0.262159, -1.000000, 0.406873, -1.000000, 0.266002, -1.000000, 0.278305, -1.000000
0.899999, 0.270000, 2.030002, 0.277913, 0.264722, -1.000000, 0.406682, -1.000000, 0.268479, -1.000000, 0.280852, -1.000000
0.899999, 0.280000, 2.020002, 0.281600, 0.267300, -1.000000, 0.406492, -1.000000, 0.270971, -1.000000, 0.283414, -1.000000
0.899999, 0.290000, 2.010002, 0.285213, 0.269895, -1.000000, 0.406301, -1.000000, 0.273478, -1.000000, 0.285989, -1.000000
0.899999, 0.300000, 2.000002, 0.288750, 0.272506, -1.000000, 0.406111, -1.000000, 0.275999, -1.000000, 0.288578, -1.000000
0.899999, 0.310000, 1.990002, 0.292213, 0.275132, -1.000000, 0.405921, -1.000000, 0.278534, -1.000000, 0.291181, -1.000000
0.899999, 0.320000, 1.980002, 0.295600, 0.277773, -1.000000, 0.405730, -1.000000, 0.281084, -1.000000, 0.293798, -1.000000
0.899999, 0.330000, 1.970002, 0.298913, 0.280431, -1.000000, 0.405540, -1.000000, 0.283648, -1.000000, 0.296429, -1.000000
0.899999, 0.340000, 1.960002, 0.302150, 0.283104, -1.000000, 0.405350, -1.000000, 0.286225, -1.000000, 0.299073, -1.000000
0.899999, 0.350000, 1.950002, 0.305313, 0.285792, -1.000000, 0.405159, -1.000000, 0.288817, -1.000000, 0.301731, -1.000000
0.899999, 0.360000, 1.940002, 0.308400, 0.288495, -1.000000, 0.404969, -1.000000, 0.291423, -1.000000, 0.304402, -1.000000
0.899999, 0.370000, 1.930002, 0.311413, 0.291214, -1.000000, 0.404779, -1.000000, 0.294042, -1.000000, 0.307086, -1.000000
0.899999, 0.380000, 1.920002, 0.314350, 0.293948, -1.000000, 0.404589, -1.000000, 0.296676, -1.000000, 0.309784, -1.000000
0.899999, 0.390000, 1.910002, 0.317213, 0.296696, -1.000000, 0.404399, -1.000000, 0.299322, -1.000000, 0.312494, -1.000000
0.899999, 0.400000, 1.900002, 0.320000, 0.299459, -1.000000, 0.404209, -1.000000, 0.301983, -1.000000, 0.315218, -1.000000
0.899999, 0.410000, 1.890002, 0.322713, 0.302237, -1.000000, 0.404019, -1.000000, 0.304656, -1.000000, 0.317954, -1.000000
0.899999, 0.420000, 1.880002, 0.325350, 0.305030, -1.000000, 0.403829, -1.000000, 0.307343, -1.000000, 0.320702, -1.000000
0.899999, 0.430000, 1.870002, 0.327913, 0.307837, -1.000000, 0.403639, -1.000000, 0.310043, -1.000000, 0.323464, -1.000000
0.899999, 0.440000, 1.860002, 0.330400, 0.310658, -1.000000, 0.403449, -1.000000, 0.312756, -1.000000, 0.326237, -1.000000
0.899999, 0.450000, 1.850002, 0.332813, 0.313476, -1.000000, 0.403259, -1.000000, 0.315482, -1.000000, 0.329023, -1.000000
0.899999, 0.460000, 1.840002, 0.335150, 0.315436, -1.000000, 0.403069, -1.000000, 0.318220, -1.000000, 0.331821, -1.000000
0.899999, 0.470000, 1.830002, 0.337413, 0.317402, -1.000000, 0.402879, -1.000000, 0.320972, -1.000000, 0.334631, -1.000000
0.899999, 0.480000, 1.820002, 0.339600, 0.319376, -1.000000, 0.402689, -1.000000, 0.323735, -1.000000, 0.337452, -1.000000
0.899999, 0.490000, 1.810002, 0.341713, 0.321355, -1.000000, 0.402499, -1.000000, 0.326511, -1.000000, 0.340285, -1.000000
0.899999, 0.500000, 1.800002, 0.343750, 0.323341, -1.000000, 0.402309, -1.000000, 0.329300, -1.000000, 0.343130, -1.000000
0.899999, 0.510000, 1.790002, 0.345713, 0.325334, -1.000000, 0.402120, -1.000000, 0.332100, -1.000000, 0.345986, -1.000000
0.899999, 0.520000, 1.780002, 0.347600, 0.327333, -1.000000, 0.401930, -1.000000, 0.334912, -1.000000, 0.348853, -1.000000
0.899999, 0.530000, 1.770002, 0.349413, 0.329338, -1.000000, 0.401740, -1.000000, 0.337736, -1.000000, 0.351731, -1.000000
0.899999, 0.540000, 1.760002, 0.351150, 0.331349, -1.000000, 0.401550, -1.000000, 0.340572, -1.000000, 0.354620, -1.000000
0.899999, 0.550000, 1.750002, 0.352813, 0.333367, -1.000000, 0.401361, -1.000000, 0.343419, -1.000000, 0.357520, -1.000000
0.899999, 0.560000, 1.740002, 0.354400, 0.335390, -1.000000, 0.401171, -1.000000, 0.346278, -1.000000, 0.360430, -1.000000
0.899999, 0.570000, 1.730002, 0.355913, 0.337420, -1.000000, 0.400982, -1.000000, 0.349147, -1.000000, 0.363350, -1.000000
0.899999, 0.580000, 1.720002, 0.357350, 0.339456, -1.000000, 0.400792, -1.000000, 0.352028, -1.000000, 0.366280, -1.000000
0.899999, 0.590000, 1.710002, 0.358713, 0.341498, -1.000000, 0.400602, -1.000000, 0.354919, -1.000000, 0.369221, -1.000000
0.899999, 0.600000, 1.700002, 0.360000, 0.343545, -1.000000, 0.400413, -1.000000, 0.357821, -1.000000, 0.372171, -1.000000
0.899999, 0.610000, 1.690002, 0.361213, 0.345599, -1.000000, 0.400224, -1.000000, 0.360734, -1.000000, 0.375131, -1.000000
0.899999, 0.620000, 1.680002, 0.362350, 0.347658, -1.000000, 0.400034, -1.000000, 0.363656, -1.000000, 0.378099, -1.000000
0.899999, 0.630000, 1.670002, 0.363413, 0.349723, -1.000000, 0.399845, -1.000000, 0.365545, -1.000000, 0.381078, -1.000000
0.899999, 0.640000, 1.660002, 0.364400, 0.351793, -1.000000, 0.399655, -1.000000, 0.365528, -1.000000, 0.384065, -1.000000
0.899999, 0.650000, 1.650002, 0.365313, 0.352024, -1.000000, 0.399466, -1.000000, 0.365512, -1.000000, 0.387061, -1.000000
0.899999, 0.660000, 1.640002, 0.366150, 0.352062, -1.000000, 0.399277, -1.000000, 0.365495, -1.000000, 0.390065, -1.000000
0.899999, 0.670000, 1.630002, 0.366913, 0.352099, -1.000000, 0.399087, -1.000000, 0.365478, -1.000000, 0.392071, -1.000000
0.899999, 0.680000, 1.620002, 0.367600, 0.352137, -1.000000, 0.398898, -1.000000, 0.365462, -1.000000, 0.392067, -1.000000
0.899999, 0.690000, 1.610002, 0.368213, 0.352174, -1.000000, 0.398709, -1.000000, 0.365445, -1.000000, 0.392063, -1.000000
0.899999, 0.700000, 1.600002, 0.368750, 0.352212, -1.000000, 0.398520, -1.000000, 0.365429, -1.000000, 0.392059, -1.000000
0.899999, 0.710000, 1.590002, 0.369213, 0.352250, -1.000000, 0.398330, -1.000000, 0.365412, -1.000000, 0.392055, -1.000000
0.899999, 0.720000, 1.580002, 0.369600, 0.352287, -1.000000, 0.398141, -1.000000, 0.365396, -1.000000, 0.392051, -1.000000
0.899999, 0.730000, 1.570002, 0.369913, 0.352325, -1.000000, 0.397952, -1.000000, 0.365379, -1.000000, 0.392047, -1.000000
0.899999, 0.740000, 1.560002, 0.370150, 0.352362, -1.000000, 0.397763, -1.000000, 0.365362, -1.000000, 0.392043, -1.000000
0.899999, 0.750000, 1.550002, 0.370313, 0.352400, -1.000000, 0.397574, -1.000000, 0.365346, -1.000000, 0.392039, -1.000000
0.899999, 0.760000, 1.540002, 0.370400, 0.352437, -1.000000, 0.397385, -1.000000, 0.365329, -1.000000, 0.392035, -1.000000
0.899999, 0.770000, 1.530002, 0.370413, 0.352475, -1.000000, 0.397196, -1.000000, 0.365313, -1.000000, 0.392031, -1.000000
0.899999, 0.780000, 1.520002, 0.370350, 0.352513, -1.000000, 0.397007, -1.000000, 0.365296, -1.000000, 0.392027, -1.000000
0.899999, 0.790000, 1.510002, 0.370213, 0.352550, -1.000000, 0.396818, -1.000000, 0.365280, -1.000000, 0.392023, -1.000000
0.899999, 0.800000, 1.500002, 0.370000, 0.352588, -1.000000, 0.396629, -1.000000, 0.365263, -1.000000, 0.392019, -1.000000
0.899999, 0.810000, 1.490002, 0.369713, 0.352625, -1.000000, 0.396440, -1.000000, 0.365246, -1.000000, 0.392015, -1.000000
0.899999, 0.820000, 1.480002, 0.369350, 0.352663, -1.000000, 0.396251, -1.000000, 0.365230, -1.000000, 0.392012, -1.000000
0.899999, 0.830000, 1.470002, 0.368913, 0.352701, -1.000000, 0.396063, -1.000000, 0.365213, -1.000000, 0.392008, -1.000000
0.899999, 0.839999, 1.460002, 0.368400, 0.352738, -1.000000, 0.395874, -1.000000, 0.365197, -1.000000, 0.392004, -1.000000
0.899999, 0.849999, 1.450002, 0.367813, 0.352776, -1.000000, 0.395685, -1.000000, 0.365136, -1.000000, 0.392000, -1.000000
0.899999, 0.859999, 1.440002, 0.367150, 0.352813, -1.000000, 0.395496, -1.000000, 0.365053, -1.000000, 0.391996, -1.000000
0.899999, 0.869999, 1.430002, 0.366413, 0.352851, -1.000000, 0.395308, -1.000000, 0.364971, -1.000000, 0.391992, -1.000000
0.899999, 0.879999, 1.420002, 0.365600, 0.352889, -1.000000, 0.395119, -1.000000, 0.364889, -1.000000, 0.391988, -1.000000
0.899999, 0.889999, 1.410002, 0.364713, 0.352926, -1.000000, 0.394930, -1.000000, 0.364807, -1.000000, 0.391984, -1.000000
0.899999, 0.899999, 1.400002, 0.363750, 0.352964, -1.000000, 0.394742, -1.000000, 0.364725, -1.000000, 0.391980, -1.000000
0.899999, 0.909999, 1.390002, 0.362713, 0.353001, -1.000000, 0.394553, -1.000000, 0.364643, -1.000000, 0.391976, -1.000000
0.899999, 0.919999, 1.380002, 0.361600, 0.353039, -1.000000, 0.394365, -1.000000, 0.364561, -1.000000, 0.391972, -1.000000
0.899999, 0.929999, 1.370002, 0.360413, 0.353077, -1.000000, 0.394176, -1.000000, 0.364478, -1.000000, 0.391968, -1.000000
0.899999, 0.939999, 1.360002, 0.359150, 0.353114, -1.000000, 0.393988, -1.000000, 0.364396, -1.000000, 0.391964, -1.000000
0.899999, 0.949999, 1.350002, 0.357813, 0.353152, -1.000000, 0.393799, -1.000000, 0.364314, -1.000000, 0.391960, -1.000000
0.899999, 0.959999, 1.340002, 0.356400, 0.353189, -1.000000, 0.393611, -1.000000, 0.364232, -1.000000, 0.391956, -1.000000
0.899999, 0.969999, 1.330002, 0.354913, 0.353227, -1.000000, 0.393423, -1.000000, 0.364150, -1.000000, 0.391952, -1.000000
0.899999, 0.979999, 1.320002, 0.353351, 0.353265, -1.000000, 0.393234, -1.000000, 0.364068, -1.000000, 0.391948, -1.000000
0.899999, 0.989999, 1.310002, 0.351713, 0.353302, -1.000000, 0.393046, -1.000000, 0.363986, -1.000000, 0.391945, -1.000000
0.899999, 0.999999, 1.300002, 0.350001, 0.353340, -1.000000, 0.392858, -1.000000, 0.363904, -1.000000, 0.391941, -1.000000
0.909999, 0.000000, 2.270002, 0.150000, 0.201149, 0.732881, 0.412435, 0.996445, 0.206765, 0.806328, 0.216905, 0.994606
0.909999, 0.010000, 2.260002, 0.155638, 0.203280, -1.000000, 0.412078, -1.000000, 0.208848, -1.000000, 0.219063, -1.000000
0.909999, 0.020000, 2.250002, 0.161200, 0.205427, -1.000000, 0.411722, -1.000000, 0.210946, -1.000000, 0.221237, -1.000000
0.909999, 0.030000, 2.240002, 0.166688, 0.207592, -1.000000, 0.411371, -1.000000, 0.213060, -1.000000, 0.223427, -1.000000
0.909999, 0.040000, 2.230002, 0.172100, 0.209773, -1.000000, 0.411180, -1.000000, 0.215189, -1.000000, 0.225631, -1.000000
0.909999, 0.050000, 2.220002, 0.177438, 0.211970, -1.000000, 0.410989, -1.000000, 0.217333, -1.000000, 0.227852, -1.000000
0.909999, 0.060000, 2.210002, 0.182700, 0.214185, -1.000000, 0.410798, -1.000000, 0.219493, -1.000000, 0.230087, -1.000000
0.909999, 0.070000, 2.200002, 0.187888, 0.216416, -1.000000, 0.410607, -1.000000, 0.221668, -1.000000, 0.232335, -1.000000
0.909999, 0.080000, 2.190002, 0.193000, 0.218664, -1.000000, 0.410416, -1.000000, 0.223859, -1.000000, 0.234598, -1.000000
0.909999, 0.090000, 2.180002, 0.198038, 0.220929, -1.000000, 0.410225, -1.000000, 0.226065, -1.000000, 0.236876, -1.000000
0.909999, 0.100000, 2.170002, 0.203000, 0.223211, -1.000000, 0.410034, -1.000000, 0.228286, -1.000000, 0.239170, -1.000000
0.909999, 0.110000, 2.160002, 0.207888, 0.225509, -1.000000, 0.409843, -1.000000, 0.230523, -1.000000, 0.241479, -1.000000
0.909999, 0.120000, 2.150002, 0.212700, 0.227824, -1.000000, 0.409652, -1.000000, 0.232775, -1.000000, 0.243803, -1.000000
0.909999, 0.130000, 2.140002, 0.217438, 0.230156, -1.000000, 0.409461, -1.000000, 0.235042, -1.000000, 0.246142, -1.000000
0.909999, 0.140000, 2.130002, 0.222100, 0.232505, -1.000000, 0.409271, -1.000000, 0.237324, -1.000000, 0.248496, -1.000000
0.909999, 0.150000, 2.120002, 0.226688, 0.234870, -1.000000, 0.409080, -1.000000, 0.239622, -1.000000, 0.250865, -1.000000
0.909999, 0.160000, 2.110002, 0.231200, 0.237252, -1.000000, 0.408889, -1.000000, 0.241935, -1.000000, 0.253249, -1.000000
0.909999, 0.170000, 2.100002, 0.235638, 0.239650, -1.000000, 0.408698, -1.000000, 0.244263, -1.000000, 0.255648, -1.000000
0.909999, 0.180000, 2.090002, 0.240000, 0.242065, -1.000000, 0.408508, -1.000000, 0.246606, -1.000000, 0.258062, -1.000000
0.909999, 0.190000, 2.080002, 0.244288, 0.244496, -1.000000, 0.408317, -1.000000, 0.248964, -1.000000, 0.260491, -1.000000
0.909999, 0.200000, 2.070002, 0.248500, 0.246944, -1.000000, 0.408126, -1.000000, 0.251337, -1.000000, 0.262934, -1.000000
0.909999, 0.210000, 2.060002, 0.252638, 0.249408, -1.000000, 0.407936, -1.000000, 0.253725, -1.000000, 0.265392, -1.000000
0.909999, 0.220000, 2.050002, 0.256700, 0.251889, -1.000000, 0.407745, -1.000000, 0.256128, -1.000000, 0.267865, -1.000000
0.909999, 0.230000, 2.040002, 0.260688, 0.254386, -1.000000, 0.407554, -1.000000, 0.258546, -1.000000, 0.270352, -1.000000
0.909999, 0.240000, 2.030002, 0.264600, 0.256899, -1.000000, 0.407364, -1.000000, 0.260979, -1.000000, 0.272854, -1.000000
0.909999, 0.250000, 2.020002, 0.268438, 0.259429, -1.000000, 0.407173, -1.000000, 0.263427, -1.000000, 0.275370, -1.000000
0.909999, 0.260000, 2.010002, 0.272200, 0.261974, -1.000000, 0.406983, -1.000000, 0.265889, -1.000000, 0.277901, -1.000000
0.909999, 0.270000, 2.000002, 0.275888, 0.264536, -1.000000, 0.406792, -1.000000, 0.268366, -1.000000, 0.280446, -1.000000
0.909999, 0.280000, 1.990002, 0.279500, 0.267113, -1.000000, 0.406602, -1.000000, 0.270857, -1.000000, 0.283005, -1.000000
0.909999, 0.290000, 1.980002, 0.283038, 0.269707, -1.000000, 0.406411, -1.000000, 0.273363, -1.000000, 0.285578, -1.000000
0.909999, 0.300000, 1.970002, 0.286500, 0.272316, -1.000000, 0.406221, -1.000000, 0.275884, -1.000000, 0.288165, -1.000000
0.909999, 0.310000, 1.960002, 0.289888, 0.274941, -1.000000, 0.406031, -1.000000, 0.278418, -1.000000, 0.290766, -1.000000
0.909999, 0.320000, 1.950002, 0.293200, 0.277582, -1.000000, 0.405840, -1.000000, 0.280967, -1.000000, 0.293381, -1.000000
0.909999, 0.330000, 1.940002, 0.296438, 0.280238, -1.000000, 0.405650, -1.000000, 0.283530, -1.000000, 0.296009, -1.000000
0.909999, 0.340000, 1.930002, 0.299600, 0.282910, -1.000000, 0.405460, -1.000000, 0.286108, -1.000000, 0.298651, -1.000000
0.909999, 0.350000, 1.920002, 0.302688, 0.285597, -1.000000, 0.405269, -1.000000, 0.288699, -1.000000, 0.301307, -1.000000
0.909999, 0.360000, 1.910002, 0.305700, 0.288299, -1.000000, 0.405079, -1.000000, 0.291304, -1.000000, 0.303976, -1.000000
0.909999, 0.370000, 1.900002, 0.308638, 0.291017, -1.000000, 0.404889, -1.000000, 0.293923, -1.000000, 0.306658, -1.000000
0.909999, 0.380000, 1.890002, 0.311500, 0.293749, -1.000000, 0.404699, -1.000000, 0.296555, -1.000000, 0.309354, -1.000000
0.909999, 0.390000, 1.880002, 0.314288, 0.296497, -1.000000, 0.404509, -1.000000, 0.299201, -1.000000, 0.312062, -1.000000
0.909999, 0.400000, 1.870002, 0.317000, 0.299259, -1.000000, 0.404319, -1.000000, 0.301861, -1.000000, 0.314783, -1.000000
0.909999, 0.410000, 1.860002, 0.319638, 0.302036, -1.000000, 0.404129, -1.000000, 0.304534, -1.000000, 0.317517, -1.000000
0.909999, 0.420000, 1.850002, 0.322200, 0.304827, -1.000000, 0.403939, -1.000000, 0.307220, -1.000000, 0.320264, -1.000000
0.909999, 0.430000, 1.840002, 0.324688, 0.307633, -1.000000, 0.403748, -1.000000, 0.309920, -1.000000, 0.323023, -1.000000
0.909999, 0.440000, 1.830002, 0.327100, 0.310453, -1.000000, 0.403559, -1.000000, 0.312632, -1.000000, 0.325795, -1.000000
0.909999, 0.450000, 1.820002, 0.329438, 0.313187, -1.000000, 0.403369, -1.000000, 0.315357, -1.000000, 0.328579, -1.000000
0.909999, 0.460000, 1.810002, 0.331700, 0.315146, -1.000000, 0.403179, -1.000000, 0.318095, -1.000000, 0.331375, -1.000000
0.909999, 0.470000, 1.800002, 0.333888, 0.317112, -1.000000, 0.402989, -1.000000, 0.320846, -1.000000, 0.334183, -1.000000
0.909999, 0.480000, 1.790002, 0.336000, 0.319084, -1.000000, 0.402799, -1.000000, 0.323609, -1.000000, 0.337002, -1.000000
0.909999, 0.490000, 1.780002, 0.338038, 0.321062, -1.000000, 0.402609, -1.000000, 0.326385, -1.000000, 0.339834, -1.000000
0.909999, 0.500000, 1.770002, 0.340000, 0.323048, -1.000000, 0.402419, -1.000000, 0.329172, -1.000000, 0.342676, -1.000000
0.909999, 0.510000, 1.760002, 0.341888, 0.325039, -1.000000, 0.402229, -1.000000, 0.331972, -1.000000, 0.345531, -1.000000
0.909999, 0.520000, 1.750002, 0.343700, 0.327037, -1.000000, 0.402040, -1.000000, 0.334784, -1.000000, 0.348396, -1.000000
0.909999, 0.530000, 1.740002, 0.345438, 0.329041, -1.000000, 0.401850, -1.000000, 0.337607, -1.000000, 0.351272, -1.000000
0.909999, 0.540000, 1.730002, 0.347100, 0.331052, -1.000000, 0.401660, -1.000000, 0.340443, -1.000000, 0.354159, -1.000000
0.909999, 0.550000, 1.720002, 0.348688, 0.333068, -1.000000, 0.401470, -1.000000, 0.343289, -1.000000, 0.357057, -1.000000
0.909999, 0.560000, 1.710002, 0.350200, 0.335091, -1.000000, 0.401281, -1.000000, 0.346147, -1.000000, 0.359966, -1.000000
0.909999, 0.570000, 1.700002, 0.351638, 0.337120, -1.000000, 0.401091, -1.000000, 0.349016, -1.000000, 0.362884, -1.000000
0.909999, 0.580000, 1.690002, 0.353000, 0.339155, -1.000000, 0.400902, -1.000000, 0.351896, -1.000000, 0.365813, -1.000000
0.909999, 0.590000, 1.680002, 0.354288, 0.341196, -1.000000, 0.400712, -1.000000, 0.354787, -1.000000, 0.368752, -1.000000
0.909999, 0.600000, 1.670002, 0.355500, 0.343242, -1.000000, 0.400523, -1.000000, 0.357689, -1.000000, 0.371700, -1.000000
0.909999, 0.610000, 1.660002, 0.356638, 0.345295, -1.000000, 0.400333, -1.000000, 0.360601, -1.000000, 0.374659, -1.000000
0.909999, 0.620000, 1.650002, 0.357700, 0.347353, -1.000000, 0.400144, -1.000000, 0.363523, -1.000000, 0.377626, -1.000000
0.909999, 0.630000, 1.640002, 0.358688, 0.349417, -1.000000, 0.399954, -1.000000, 0.365470, -1.000000, 0.380603, -1.000000
0.909999, 0.640000, 1.630002, 0.359600, 0.351487, -1.000000, 0.399765, -1.000000, 0.365453, -1.000000, 0.383589, -1.000000
0.909999, 0.650000, 1.620002, 0.360438, 0.352005, -1.000000, 0.399575, -1.000000, 0.365437, -1.000000, 0.386583, -1.000000
0.909999, 0.660000, 1.610002, 0.361200, 0.352043, -1.000000, 0.399386, -1.000000, 0.365420, -1.000000, 0.389586, -1.000000
0.909999, 0.670000, 1.600002, 0.361888, 0.352080, -1.000000, 0.399197, -1.000000, 0.365404, -1.000000, 0.392058, -1.000000
0.909999, 0.680000, 1.590002, 0.362500, 0.352118, -1.000000, 0.399007, -1.000000, 0.365387, -1.000000, 0.392054, -1.000000
0.909999, 0.690000, 1.580002, 0.363038, 0.352156, -1.000000, 0.398818, -1.000000, 0.365370, -1.000000, 0.392050, -1.000000
0.909999, 0.700000, 1.570002, 0.363500, 0.352193, -1.000000, 0.398629, -1.000000, 0.365354, -1.000000, 0.392046, -1.000000
0.909999, 0.710000, 1.560002, 0.363888, 0.352231, -1.000000, 0.398440, -1.000000, 0.365337, -1.000000, 0.392042, -1.000000
0.909999, 0.720000, 1.550002, 0.364200, 0.352268, -1.000000, 0.398251, -1.000000, 0.365321, -1.000000, 0.392038, -1.000000
0.909999, 0.730000, 1.540002, 0.364438, 0.352306, -1.000000, 0.398062, -1.000000, 0.365304, -1.000000, 0.392034, -1.000000
0.909999, 0.740000, 1.530002, 0.364600, 0.352343, -1.000000, 0.397872, -1.000000, 0.365288, -1.000000, 0.392030, -1.000000
0.909999, 0.750000, 1.520002, 0.364688, 0.352381, -1.000000, 0.397683, -1.000000, 0.365271, -1.000000, 0.392026, -1.000000
0.909999, 0.760000, 1.510002, 0.364700, 0.352419, -1.000000, 0.397494, -1.000000, 0.365254, -1.000000, 0.392022, -1.000000
0.909999, 0.770000, 1.500002, 0.364638, 0.352456, -1.000000, 0.397305, -1.000000, 0.365238, -1.000000, 0.392019, -1.000000
0.909999, 0.780000, 1.490002, 0.364500, 0.352494, -1.000000, 0.397116, -1.000000, 0.365221, -1.000000, 0.392015, -1.000000
0.909999, 0.790000, 1.480002, 0.364288, 0.352531, -1.000000, 0.396927, -1.000000, 0.365205, -1.000000, 0.392011, -1.000000
0.909999, 0.800000, 1.470002, 0.364000, 0.352569, -1.000000, 0.396738, -1.000000, 0.365188, -1.000000, 0.392007, -1.000000
0.909999, 0.810000, 1.460002, 0.363638, 0.352607, -1.000000, 0.396550, -1.000000, 0.365172, -1.000000, 0.392003, -1.000000
0.909999, 0.820000, 1.450002, 0.363200, 0.352644, -1.000000, 0.396361, -1.000000, 0.365155, -1.000000, 0.391999, -1.000000
0.909999, 0.830000, 1.440002, 0.362688, 0.352682, -1.000000, 0.396172, -1.000000, 0.365138, -1.000000, 0.391995, -1.000000
0.909999, 0.839999, 1.430002, 0.362100, 0.352719, -1.000000, 0.395983, -1.000000, 0.365122, -1.000000, 0.391991, -1.000000
0.909999, 0.849999, 1.420002, 0.361438, 0.352757, -1.000000, 0.395794, -1.000000, 0.365089, -1.000000, 0.391987, -1.000000
0.909999, 0.859999, 1.410002, 0.360700, 0.352794, -1.000000, 0.395606, -1.000000, 0.365007, -1.000000, 0.391983, -1.000000
0.909999, 0.869999, 1.400002, 0.359888, 0.352832, -1.000000, 0.395417, -1.000000, 0.364925, -1.000000, 0.391979, -1.000000
0.909999, 0.879999, 1.390002, 0.359000, 0.352870, -1.000000, 0.395228, -1.000000, 0.364843, -1.000000, 0.391975, -1.000000
0.909999, 0.889999, 1.380002, 0.358038, 0.352907, -1.000000, 0.395040, -1.000000, 0.364761, -1.000000, 0.391971, -1.000000
0.909999, 0.899999, 1.370002, 0.357000, 0.352945, -1.000000, 0.394851, -1.000000, 0.364679, -1.000000, 0.391967, -1.000000
0.909999, 0.909999, 1.360002, 0.355888, 0.352982, -1.000000, 0.394662, -1.000000, 0.364597, -1.000000, 0.391963, -1.000000
0.909999, 0.919999, 1.350002, 0.354700, 0.353020, -1.000000, 0.394474, -1.000000, 0.364514, -1.000000, 0.391959, -1.000000
0.909999, 0.929999, 1.340002, 0.353438, 0.353058, -1.000000, 0.394285, -1.000000, 0.364432, -1.000000, 0.391955, -1.000000
0.909999, 0.939999, 1.330002, 0.352100, 0.353095, -1.000000, 0.394097, -1.000000, 0.364350, -1.000000, 0.391952, -1.000000
0.909999, 0.949999, 1.320002, 0.350688, 0.353133, -1.000000, 0.393908, -1.000000, 0.364268, -1.000000, 0.391948, -1.000000
0.909999, 0.959999, 1.310002, 0.349200, 0.353171, -1.000000, 0.393720, -1.000000, 0.364186, -1.000000, 0.391944, -1.000000
0.909999, 0.969999, 1.300002, 0.347638, 0.353208, -1.000000, 0.393532, -1.000000, 0.364104, -1.000000, 0.391940, -1.000000
0.909999, 0.979999, 1.290002, 0.346001, 0.353246, -1.000000, 0.393343, -1.000000, 0.364022, -1.000000, 0.391936, -1.000000
0.909999, 0.989999, 1.280002, 0.344288, 0.353283, -1.000000, 0.393155, -1.000000, 0.363940, -1.000000, 0.391932, -1.000000
0.909999, 0.999999, 1.270002, 0.342501, 0.353321, -1.000000, 0.392967, -1.000000, 0.363858, -1.000000, 0.391928, -1.000000
0.919999, 0.000000, 2.240002, 0.150000, 0.200996, 0.732880, 0.412640, 0.996457, 0.206671, 0.806328, 0.216572, 0.994687
0.919999, 0.010000, 2.230002, 0.155563, 0.203125, -1.000000, 0.412283, -1.000000, 0.208753, -1.000000, 0.218728, -1.000000
0.919999, 0.020000, 2.220002, 0.161050, 0.205271, -1.000000, 0.411926, -1.000000, 0.210850, -1.000000, 0.220900, -1.000000
0.919999, 0.030000, 2.210002, 0.166463, 0.207434, -1.000000, 0.411569, -1.000000, 0.212963, -1.000000, 0.223086, -1.000000
0.919999, 0.040000, 2.200002, 0.171800, 0.209614, -1.000000, 0.411291, -1.000000, 0.215091, -1.000000, 0.225286, -1.000000
0.919999, 0.050000, 2.190002, 0.177063, 0.211811, -1.000000, 0.411100, -1.000000, 0.217235, -1.000000, 0.227500, -1.000000
0.919999, 0.060000, 2.180002, 0.182250, 0.214024, -1.000000, 0.410909, -1.000000, 0.219394, -1.000000, 0.229730, -1.000000
0.919999, 0.070000, 2.170002, 0.187363, 0.216254, -1.000000, 0.410718, -1.000000, 0.221569, -1.000000, 0.231976, -1.000000
0.919999, 0.080000, 2.160002, 0.192400, 0.218501, -1.000000, 0.410527, -1.000000, 0.223759, -1.000000, 0.234237, -1.000000
0.919999, 0.090000, 2.150002, 0.197363, 0.220765, -1.000000, 0.410336, -1.000000, 0.225964, -1.000000, 0.236513, -1.000000
0.919999, 0.100000, 2.140002, 0.202250, 0.223045, -1.000000, 0.410145, -1.000000, 0.228184, -1.000000, 0.238804, -1.000000
0.919999, 0.110000, 2.130002, 0.207063, 0.225342, -1.000000, 0.409954, -1.000000, 0.230420, -1.000000, 0.241110, -1.000000
0.919999, 0.120000, 2.120002, 0.211800, 0.227656, -1.000000, 0.409763, -1.000000, 0.232671, -1.000000, 0.243432, -1.000000
0.919999, 0.130000, 2.110002, 0.216463, 0.229987, -1.000000, 0.409572, -1.000000, 0.234938, -1.000000, 0.245768, -1.000000
0.919999, 0.140000, 2.100002, 0.221050, 0.232334, -1.000000, 0.409381, -1.000000, 0.237220, -1.000000, 0.248120, -1.000000
0.919999, 0.150000, 2.090002, 0.225563, 0.234698, -1.000000, 0.409190, -1.000000, 0.239517, -1.000000, 0.250487, -1.000000
0.919999, 0.160000, 2.080002, 0.230000, 0.237079, -1.000000, 0.408999, -1.000000, 0.241829, -1.000000, 0.252868, -1.000000
0.919999, 0.170000, 2.070002, 0.234363, 0.239476, -1.000000, 0.408809, -1.000000, 0.244156, -1.000000, 0.255265, -1.000000
0.919999, 0.180000, 2.060002, 0.238650, 0.241889, -1.000000, 0.408618, -1.000000, 0.246499, -1.000000, 0.257677, -1.000000
0.919999, 0.190000, 2.050002, 0.242863, 0.244320, -1.000000, 0.408427, -1.000000, 0.248856, -1.000000, 0.260103, -1.000000
0.919999, 0.200000, 2.040002, 0.247000, 0.246766, -1.000000, 0.408236, -1.000000, 0.251229, -1.000000, 0.262544, -1.000000
0.919999, 0.210000, 2.030002, 0.251063, 0.249229, -1.000000, 0.408046, -1.000000, 0.253616, -1.000000, 0.265000, -1.000000
0.919999, 0.220000, 2.020002, 0.255050, 0.251709, -1.000000, 0.407855, -1.000000, 0.256019, -1.000000, 0.267470, -1.000000
0.919999, 0.230000, 2.010002, 0.258963, 0.254205, -1.000000, 0.407665, -1.000000, 0.258436, -1.000000, 0.269955, -1.000000
0.919999, 0.240000, 2.000002, 0.262800, 0.256717, -1.000000, 0.407474, -1.000000, 0.260868, -1.000000, 0.272455, -1.000000
0.919999, 0.250000, 1.990002, 0.266563, 0.259245, -1.000000, 0.407283, -1.000000, 0.263315, -1.000000, 0.274969, -1.000000
0.919999, 0.260000, 1.980002, 0.270250, 0.261789, -1.000000, 0.407093, -1.000000, 0.265776, -1.000000, 0.277497, -1.000000
0.919999, 0.270000, 1.970002, 0.273863, 0.264350, -1.000000, 0.406902, -1.000000, 0.268253, -1.000000, 0.280040, -1.000000
0.919999, 0.280000, 1.960002, 0.277400, 0.266926, -1.000000, 0.406712, -1.000000, 0.270743, -1.000000, 0.282596, -1.000000
0.919999, 0.290000, 1.950002, 0.280863, 0.269518, -1.000000, 0.406522, -1.000000, 0.273249, -1.000000, 0.285167, -1.000000
0.919999, 0.300000, 1.940002, 0.284250, 0.272127, -1.000000, 0.406331, -1.000000, 0.275768, -1.000000, 0.287752, -1.000000
0.919999, 0.310000, 1.930002, 0.287563, 0.274750, -1.000000, 0.406141, -1.000000, 0.278302, -1.000000, 0.290351, -1.000000
0.919999, 0.320000, 1.920002, 0.290800, 0.277390, -1.000000, 0.405950, -1.000000, 0.280851, -1.000000, 0.292964, -1.000000
0.919999, 0.330000, 1.910002, 0.293963, 0.280045, -1.000000, 0.405760, -1.000000, 0.283413, -1.000000, 0.295590, -1.000000
0.919999, 0.340000, 1.900002, 0.297050, 0.282716, -1.000000, 0.405570, -1.000000, 0.285990, -1.000000, 0.298230, -1.000000
0.919999, 0.350000, 1.890002, 0.300063, 0.285402, -1.000000, 0.405380, -1.000000, 0.288580, -1.000000, 0.300883, -1.000000
0.919999, 0.360000, 1.880002, 0.303000, 0.288103, -1.000000, 0.405189, -1.000000, 0.291185, -1.000000, 0.303550, -1.000000
0.919999, 0.370000, 1.870002, 0.305863, 0.290819, -1.000000, 0.404999, -1.000000, 0.293803, -1.000000, 0.306230, -1.000000
0.919999, 0.380000, 1.860002, 0.308650, 0.293551, -1.000000, 0.404809, -1.000000, 0.296435, -1.000000, 0.308923, -1.000000
0.919999, 0.390000, 1.850002, 0.311363, 0.296297, -1.000000, 0.404619, -1.000000, 0.299080, -1.000000, 0.311630, -1.000000
0.919999, 0.400000, 1.840002, 0.314000, 0.299058, -1.000000, 0.404429, -1.000000, 0.301739, -1.000000, 0.314349, -1.000000
0.919999, 0.410000, 1.830002, 0.316563, 0.301834, -1.000000, 0.404239, -1.000000, 0.304412, -1.000000, 0.317081, -1.000000
0.919999, 0.420000, 1.820002, 0.319050, 0.304625, -1.000000, 0.404048, -1.000000, 0.307097, -1.000000, 0.319826, -1.000000
0.919999, 0.430000, 1.810002, 0.321463, 0.307430, -1.000000, 0.403858, -1.000000, 0.309796, -1.000000, 0.322583, -1.000000
0.919999, 0.440000, 1.800002, 0.323800, 0.310249, -1.000000, 0.403668, -1.000000, 0.312508, -1.000000, 0.325353, -1.000000
0.919999, 0.450000, 1.790002, 0.326063, 0.312898, -1.000000, 0.403478, -1.000000, 0.315233, -1.000000, 0.328135, -1.000000
0.919999, 0.460000, 1.780002, 0.328250, 0.314856, -1.000000, 0.403288, -1.000000, 0.317970, -1.000000, 0.330929, -1.000000
0.919999, 0.470000, 1.770002, 0.330363, 0.316821, -1.000000, 0.403099, -1.000000, 0.320720, -1.000000, 0.333735, -1.000000
0.919999, 0.480000, 1.760002, 0.332400, 0.318792, -1.000000, 0.402909, -1.000000, 0.323483, -1.000000, 0.336552, -1.000000
0.919999, 0.490000, 1.750002, 0.334363, 0.320770, -1.000000, 0.402719, -1.000000, 0.326258, -1.000000, 0.339382, -1.000000
0.919999, 0.500000, 1.740002, 0.336250, 0.322754, -1.000000, 0.402529, -1.000000, 0.329045, -1.000000, 0.342223, -1.000000
0.919999, 0.510000, 1.730002, 0.338063, 0.324745, -1.000000, 0.402339, -1.000000, 0.331844, -1.000000, 0.345075, -1.000000
0.919999, 0.520000, 1.720002, 0.339800, 0.326742, -1.000000, 0.402149, -1.000000, 0.334655, -1.000000, 0.347939, -1.000000
0.919999, 0.530000, 1.710002, 0.341463, 0.328745, -1.000000, 0.401960, -1.000000, 0.337478, -1.000000, 0.350814, -1.000000
0.919999, 0.540000, 1.700002, 0.343050, 0.330755, -1.000000, 0.401770, -1.000000, 0.340313, -1.000000, 0.353699, -1.000000
0.919999, 0.550000, 1.690002, 0.344563, 0.332770, -1.000000, 0.401580, -1.000000, 0.343159, -1.000000, 0.356595, -1.000000
0.919999, 0.560000, 1.680002, 0.346000, 0.334792, -1.000000, 0.401391, -1.000000, 0.346016, -1.000000, 0.359502, -1.000000
0.919999, 0.570000, 1.670002, 0.347363, 0.336820, -1.000000, 0.401201, -1.000000, 0.348885, -1.000000, 0.362419, -1.000000
0.919999, 0.580000, 1.660002, 0.348650, 0.338854, -1.000000, 0.401011, -1.000000, 0.351765, -1.000000, 0.365346, -1.000000
0.919999, 0.590000, 1.650002, 0.349863, 0.340894, -1.000000, 0.400822, -1.000000, 0.354655, -1.000000, 0.368283, -1.000000
0.919999, 0.600000, 1.640002, 0.351000, 0.342940, -1.000000, 0.400632, -1.000000, 0.357556, -1.000000, 0.371230, -1.000000
0.919999, 0.610000, 1.630002, 0.352063, 0.344992, -1.000000, 0.400443, -1.000000, 0.360468, -1.000000, 0.374187, -1.000000
0.919999, 0.620000, 1.620002, 0.353050, 0.347049, -1.000000, 0.400253, -1.000000, 0.363389, -1.000000, 0.377153, -1.000000
0.919999, 0.630000, 1.610002, 0.353963, 0.349112, -1.000000, 0.400064, -1.000000, 0.365395, -1.000000, 0.380128, -1.000000
0.919999, 0.640000, 1.600002, 0.354800, 0.351181, -1.000000, 0.399874, -1.000000, 0.365378, -1.000000, 0.383113, -1.000000
0.919999, 0.650000, 1.590002, 0.355563, 0.351987, -1.000000, 0.399685, -1.000000, 0.365362, -1.000000, 0.386106, -1.000000
0.919999, 0.660000, 1.580002, 0.356250, 0.352024, -1.000000, 0.399496, -1.000000, 0.365345, -1.000000, 0.389108, -1.000000
0.919999, 0.670000, 1.570002, 0.356863, 0.352062, -1.000000, 0.399306, -1.000000, 0.365329, -1.000000, 0.392045, -1.000000
0.919999, 0.680000, 1.560002, 0.357400, 0.352099, -1.000000, 0.399117, -1.000000, 0.365312, -1.000000, 0.392041, -1.000000
0.919999, 0.690000, 1.550002, 0.357863, 0.352137, -1.000000, 0.398928, -1.000000, 0.365296, -1.000000, 0.392037, -1.000000
0.919999, 0.700000, 1.540002, 0.358250, 0.352174, -1.000000, 0.398738, -1.000000, 0.365279, -1.000000, 0.392033, -1.000000
0.919999, 0.710000, 1.530002, 0.358563, 0.352212, -1.000000, 0.398549, -1.000000, 0.365262, -1.000000, 0.392029, -1.000000
0.919999, 0.720000, 1.520002, 0.358800, 0.352250, -1.000000, 0.398360, -1.000000, 0.365246, -1.000000, 0.392026, -1.000000
0.919999, 0.730000, 1.510002, 0.358963, 0.352287, -1.000000, 0.398171, -1.000000, 0.365229, -1.000000, 0.392022, -1.000000
0.919999, 0.740000, 1.500002, 0.359050, 0.352325, -1.000000, 0.397982, -1.000000, 0.365213, -1.000000, 0.392018, -1.000000
0.919999, 0.750000, 1.490002, 0.359063, 0.352362, -1.000000, 0.397793, -1.000000, 0.365196, -1.000000, 0.392014, -1.000000
0.919999, 0.760000, 1.480002, 0.359000, 0.352400, -1.000000, 0.397604, -1.000000, 0.365180, -1.000000, 0.392010, -1.000000
0.919999, 0.770000, 1.470002, 0.358863, 0.352437, -1.000000, 0.397415, -1.000000, 0.365163, -1.000000, 0.392006, -1.000000
0.919999, 0.780000, 1.460002, 0.358650, 0.352475, -1.000000, 0.397226, -1.000000, 0.365146, -1.000000, 0.392002, -1.000000
0.919999, 0.790000, 1.450002, 0.358363, 0.352513, -1.000000, 0.397037, -1.000000, 0.365130, -1.000000, 0.391998, -1.000000
0.919999, 0.800000, 1.440002, 0.358000, 0.352550, -1.000000, 0.396848, -1.000000, 0.365113, -1.000000, 0.391994, -1.000000
0.919999, 0.810000, 1.430002, 0.357563, 0.352588, -1.000000, 0.396659, -1.000000, 0.365097, -1.000000, 0.391990, -1.000000
0.919999, 0.820000, 1.420002, 0.357050, 0.352625, -1.000000, 0.396470, -1.000000, 0.365080, -1.000000, 0.391986, -1.000000
0.919999, 0.830000, 1.410002, 0.356463, 0.352663, -1.000000, 0.396281, -1.000000, 0.365064, -1.000000, 0.391982, -1.000000
0.919999, 0.839999, 1.400002, 0.355800, 0.352701, -1.000000, 0.396092, -1.000000, 0.365047, -1.000000, 0.391978, -1.000000
0.919999, 0.849999, 1.390002, 0.355063, 0.352738, -1.000000, 0.395903, -1.000000, 0.365030, -1.000000, 0.391974, -1.000000
0.919999, 0.859999, 1.380002, 0.354250, 0.352776, -1.000000, 0.395715, -1.000000, 0.364961, -1.000000, 0.391970, -1.000000
0.919999, 0.869999, 1.370002, 0.353363, 0.352813, -1.000000, 0.395526, -1.000000, 0.364879, -1.000000, 0.391966, -1.000000
0.919999, 0.879999, 1.360002, 0.352400, 0.352851, -1.000000, 0.395337, -1.000000, 0.364797, -1.000000, 0.391963, -1.000000
0.919999, 0.889999, 1.350002, 0.351363, 0.352888, -1.000000, 0.395149, -1.000000, 0.364715, -1.000000, 0.391959, -1.000000
0.919999, 0.899999, 1.340002, 0.350250, 0.352926, -1.000000, 0.394960, -1.000000, 0.364633, -1.000000, 0.391955, -1.000000
0.919999, 0.909999, 1.330002, 0.349063, 0.352964, -1.000000, 0.394771, -1.000000, 0.364550, -1.000000, 0.391951, -1.000000
0.919999, 0.919999, 1.320002, 0.347800, 0.353001, -1.000000, 0.394583, -1.000000, 0.364468, -1.000000, 0.391947, -1.000000
0.919999, 0.929999, 1.310002, 0.346463, 0.353039, -1.000000, 0.394394, -1.000000, 0.364386, -1.000000, 0.391943, -1.000000
0.919999, 0.939999, 1.300002, 0.345051, 0.353077, -1.000000, 0.394206, -1.000000, 0.364304, -1.000000, 0.391939, -1.000000
0.919999, 0.949999, 1.290002, 0.343563, 0.353114, -1.000000, 0.394017, -1.000000, 0.364222, -1.000000, 0.391935, -1.000000
0.919999, 0.959999, 1.280002, 0.342001, 0.353152, -1.000000, 0.393829, -1.000000, 0.364140, -1.000000, 0.391931, -1.000000
0.919999, 0.969999, 1.270002, 0.340363, 0.353189, -1.000000, 0.393640, -1.000000, 0.364058, -1.000000, 0.391927, -1.000000
0.919999, 0.979999, 1.260002, 0.338651, 0.353227, -1.000000, 0.393452, -1.000000, 0.363976, -1.000000, 0.391923, -1.000000
0.919999, 0.989999, 1.250002, 0.336863, 0.353265, -1.000000, 0.393264, -1.000000, 0.363894, -1.000000, 0.391919, -1.000000
0.919999, 0.999999, 1.240002, 0.335001, 0.353302, -1.000000, 0.393075, -1.000000, 0.363812, -1.000000, 0.391915, -1.000000
0.929999, 0.000000, 2.210002, 0.150000, 0.200842, 0.732878, 0.412844, 0.996468, 0.206576, 0.806327, 0.216238, 0.994766
0.929999, 0.010000, 2.200002, 0.155488, 0.202971, -1.000000, 0.412487, -1.000000, 0.208657, -1.000000, 0.218389, -1.000000
0.929999, 0.020000, 2.190002, 0.160900, 0.205116, -1.000000, 0.412130, -1.000000, 0.210754, -1.000000, 0.220556, -1.000000
0.929999, 0.030000, 2.180002, 0.166238, 0.207277, -1.000000, 0.411773, -1.000000, 0.212866, -1.000000, 0.222737, -1.000000
0.929999, 0.040000, 2.170002, 0.171500, 0.209456, -1.000000, 0.411416, -1.000000, 0.214994, -1.000000, 0.224934, -1.000000
0.929999, 0.050000, 2.160002, 0.176688, 0.211651, -1.000000, 0.411210, -1.000000, 0.217137, -1.000000, 0.227147, -1.000000
0.929999, 0.060000, 2.150002, 0.181800, 0.213863, -1.000000, 0.411019, -1.000000, 0.219295, -1.000000, 0.229374, -1.000000
0.929999, 0.070000, 2.140002, 0.186838, 0.216092, -1.000000, 0.410828, -1.000000, 0.221469, -1.000000, 0.231617, -1.000000
0.929999, 0.080000, 2.130002, 0.191800, 0.218338, -1.000000, 0.410637, -1.000000, 0.223658, -1.000000, 0.233876, -1.000000
0.929999, 0.090000, 2.120002, 0.196688, 0.220600, -1.000000, 0.410446, -1.000000, 0.225863, -1.000000, 0.236149, -1.000000
0.929999, 0.100000, 2.110002, 0.201500, 0.222879, -1.000000, 0.410255, -1.000000, 0.228083, -1.000000, 0.238438, -1.000000
0.929999, 0.110000, 2.100002, 0.206238, 0.225175, -1.000000, 0.410064, -1.000000, 0.230318, -1.000000, 0.240742, -1.000000
0.929999, 0.120000, 2.090002, 0.210900, 0.227488, -1.000000, 0.409873, -1.000000, 0.232568, -1.000000, 0.243061, -1.000000
0.929999, 0.130000, 2.080002, 0.215488, 0.229817, -1.000000, 0.409682, -1.000000, 0.234834, -1.000000, 0.245395, -1.000000
0.929999, 0.140000, 2.070002, 0.220000, 0.232164, -1.000000, 0.409491, -1.000000, 0.237115, -1.000000, 0.247745, -1.000000
0.929999, 0.150000, 2.060002, 0.224438, 0.234526, -1.000000, 0.409301, -1.000000, 0.239412, -1.000000, 0.250109, -1.000000
0.929999, 0.160000, 2.050002, 0.228800, 0.236906, -1.000000, 0.409110, -1.000000, 0.241723, -1.000000, 0.252488, -1.000000
0.929999, 0.170000, 2.040002, 0.233088, 0.239302, -1.000000, 0.408919, -1.000000, 0.244050, -1.000000, 0.254882, -1.000000
0.929999, 0.180000, 2.030002, 0.237300, 0.241714, -1.000000, 0.408728, -1.000000, 0.246391, -1.000000, 0.257292, -1.000000
0.929999, 0.190000, 2.020002, 0.241438, 0.244143, -1.000000, 0.408537, -1.000000, 0.248748, -1.000000, 0.259716, -1.000000
0.929999, 0.200000, 2.010002, 0.245500, 0.246589, -1.000000, 0.408347, -1.000000, 0.251120, -1.000000, 0.262154, -1.000000
0.929999, 0.210000, 2.000002, 0.249488, 0.249050, -1.000000, 0.408156, -1.000000, 0.253507, -1.000000, 0.264608, -1.000000
0.929999, 0.220000, 1.990002, 0.253400, 0.251529, -1.000000, 0.407965, -1.000000, 0.255909, -1.000000, 0.267076, -1.000000
0.929999, 0.230000, 1.980002, 0.257238, 0.254023, -1.000000, 0.407775, -1.000000, 0.258325, -1.000000, 0.269559, -1.000000
0.929999, 0.240000, 1.970002, 0.261000, 0.256534, -1.000000, 0.407584, -1.000000, 0.260757, -1.000000, 0.272056, -1.000000
0.929999, 0.250000, 1.960002, 0.264688, 0.259061, -1.000000, 0.407394, -1.000000, 0.263203, -1.000000, 0.274568, -1.000000
0.929999, 0.260000, 1.950002, 0.268300, 0.261604, -1.000000, 0.407203, -1.000000, 0.265664, -1.000000, 0.277094, -1.000000
0.929999, 0.270000, 1.940002, 0.271838, 0.264164, -1.000000, 0.407013, -1.000000, 0.268139, -1.000000, 0.279634, -1.000000
0.929999, 0.280000, 1.930002, 0.275300, 0.266739, -1.000000, 0.406822, -1.000000, 0.270630, -1.000000, 0.282188, -1.000000
0.929999, 0.290000, 1.920002, 0.278688, 0.269330, -1.000000, 0.406632, -1.000000, 0.273134, -1.000000, 0.284757, -1.000000
0.929999, 0.300000, 1.910002, 0.282000, 0.271937, -1.000000, 0.406441, -1.000000, 0.275653, -1.000000, 0.287340, -1.000000
0.929999, 0.310000, 1.900002, 0.285238, 0.274560, -1.000000, 0.406251, -1.000000, 0.278187, -1.000000, 0.289936, -1.000000
0.929999, 0.320000, 1.890002, 0.288400, 0.277198, -1.000000, 0.406060, -1.000000, 0.280734, -1.000000, 0.292547, -1.000000
0.929999, 0.330000, 1.880002, 0.291488, 0.279852, -1.000000, 0.405870, -1.000000, 0.283296, -1.000000, 0.295171, -1.000000
0.929999, 0.340000, 1.870002, 0.294500, 0.282522, -1.000000, 0.405680, -1.000000, 0.285872, -1.000000, 0.297809, -1.000000
0.929999, 0.350000, 1.860002, 0.297438, 0.285207, -1.000000, 0.405490, -1.000000, 0.288462, -1.000000, 0.300460, -1.000000
0.929999, 0.360000, 1.850002, 0.300300, 0.287907, -1.000000, 0.405299, -1.000000, 0.291066, -1.000000, 0.303125, -1.000000
0.929999, 0.370000, 1.840002, 0.303088, 0.290622, -1.000000, 0.405109, -1.000000, 0.293683, -1.000000, 0.305803, -1.000000
0.929999, 0.380000, 1.830002, 0.305800, 0.293352, -1.000000, 0.404919, -1.000000, 0.296314, -1.000000, 0.308494, -1.000000
0.929999, 0.390000, 1.820002, 0.308438, 0.296098, -1.000000, 0.404729, -1.000000, 0.298959, -1.000000, 0.311198, -1.000000
0.929999, 0.400000, 1.810002, 0.311000, 0.298858, -1.000000, 0.404539, -1.000000, 0.301618, -1.000000, 0.313915, -1.000000
0.929999, 0.410000, 1.800002, 0.313488, 0.301633, -1.000000, 0.404348, -1.000000, 0.304289, -1.000000, 0.316645, -1.000000
0.929999, 0.420000, 1.790002, 0.315900, 0.304422, -1.000000, 0.404158, -1.000000, 0.306975, -1.000000, 0.319388, -1.000000
0.929999, 0.430000, 1.780002, 0.318238, 0.307226, -1.000000, 0.403968, -1.000000, 0.309673, -1.000000, 0.322143, -1.000000
0.929999, 0.440000, 1.770002, 0.320500, 0.310044, -1.000000, 0.403778, -1.000000, 0.312384, -1.000000, 0.324911, -1.000000
0.929999, 0.450000, 1.760002, 0.322688, 0.312609, -1.000000, 0.403588, -1.000000, 0.315108, -1.000000, 0.327691, -1.000000
0.929999, 0.460000, 1.750002, 0.324800, 0.314567, -1.000000, 0.403398, -1.000000, 0.317845, -1.000000, 0.330483, -1.000000
0.929999, 0.470000, 1.740002, 0.326838, 0.316530, -1.000000, 0.403208, -1.000000, 0.320594, -1.000000, 0.333287, -1.000000
0.929999, 0.480000, 1.730002, 0.328800, 0.318501, -1.000000, 0.403018, -1.000000, 0.323356, -1.000000, 0.336103, -1.000000
0.929999, 0.490000, 1.720002, 0.330688, 0.320477, -1.000000, 0.402829, -1.000000, 0.326131, -1.000000, 0.338931, -1.000000
0.929999, 0.500000, 1.710002, 0.332500, 0.322461, -1.000000, 0.402639, -1.000000, 0.328917, -1.000000, 0.341770, -1.000000
0.929999, 0.510000, 1.700002, 0.334238, 0.324450, -1.000000, 0.402449, -1.000000, 0.331716, -1.000000, 0.344620, -1.000000
0.929999, 0.520000, 1.690002, 0.335900, 0.326446, -1.000000, 0.402259, -1.000000, 0.334527, -1.000000, 0.347482, -1.000000
0.929999, 0.530000, 1.680002, 0.337488, 0.328449, -1.000000, 0.402069, -1.000000, 0.337349, -1.000000, 0.350355, -1.000000
0.929999, 0.540000, 1.670002, 0.339000, 0.330457, -1.000000, 0.401880, -1.000000, 0.340183, -1.000000, 0.353239, -1.000000
0.929999, 0.550000, 1.660002, 0.340438, 0.332472, -1.000000, 0.401690, -1.000000, 0.343029, -1.000000, 0.356133, -1.000000
0.929999, 0.560000, 1.650002, 0.341800, 0.334493, -1.000000, 0.401500, -1.000000, 0.345886, -1.000000, 0.359038, -1.000000
0.929999, 0.570000, 1.640002, 0.343088, 0.336520, -1.000000, 0.401311, -1.000000, 0.348754, -1.000000, 0.361954, -1.000000
0.929999, 0.580000, 1.630002, 0.344300, 0.338553, -1.000000, 0.401121, -1.000000, 0.351633, -1.000000, 0.364879, -1.000000
0.929999, 0.590000, 1.620002, 0.345438, 0.340592, -1.000000, 0.400931, -1.000000, 0.354523, -1.000000, 0.367815, -1.000000
0.929999, 0.600000, 1.610002, 0.346500, 0.342637, -1.000000, 0.400742, -1.000000, 0.357423, -1.000000, 0.370761, -1.000000
0.929999, 0.610000, 1.600002, 0.347488, 0.344688, -1.000000, 0.400552, -1.000000, 0.360335, -1.000000, 0.373716, -1.000000
0.929999, 0.620000, 1.590002, 0.348400, 0.346745, -1.000000, 0.400363, -1.000000, 0.363256, -1.000000, 0.376680, -1.000000
0.929999, 0.630000, 1.580002, 0.349238, 0.348807, -1.000000, 0.400173, -1.000000, 0.365320, -1.000000, 0.379654, -1.000000
0.929999, 0.640000, 1.570002, 0.350000, 0.350875, -1.000000, 0.399984, -1.000000, 0.365304, -1.000000, 0.382637, -1.000000
0.929999, 0.650000, 1.560002, 0.350688, 0.351968, -1.000000, 0.399794, -1.000000, 0.365287, -1.000000, 0.385629, -1.000000
0.929999, 0.660000, 1.550002, 0.351300, 0.352005, -1.000000, 0.399605, -1.000000, 0.365270, -1.000000, 0.388629, -1.000000
0.929999, 0.670000, 1.540002, 0.351838, 0.352043, -1.000000, 0.399416, -1.000000, 0.365254, -1.000000, 0.391638, -1.000000
0.929999, 0.680000, 1.530002, 0.352300, 0.352080, -1.000000, 0.399226, -1.000000, 0.365237, -1.000000, 0.392029, -1.000000
0.929999, 0.690000, 1.520002, 0.352688, 0.352118, -1.000000, 0.399037, -1.000000, 0.365221, -1.000000, 0.392025, -1.000000
0.929999, 0.700000, 1.510002, 0.353000, 0.352156, -1.000000, 0.398848, -1.000000, 0.365204, -1.000000, 0.392021, -1.000000
0.929999, 0.710000, 1.500002, 0.353238, 0.352193, -1.000000, 0.398659, -1.000000, 0.365188, -1.000000, 0.392017, -1.000000
0.929999, 0.720000, 1.490002, 0.353400, 0.352231, -1.000000, 0.398469, -1.000000, 0.365171, -1.000000, 0.392013, -1.000000
0.929999, 0.730000, 1.480002, 0.353488, 0.352268, -1.000000, 0.398280, -1.000000, 0.365154, -1.000000, 0.392009, -1.000000
0.929999, 0.740000, 1.470002, 0.353500, 0.352306, -1.000000, 0.398091, -1.000000, 0.365138, -1.000000, 0.392005, -1.000000
0.929999, 0.750000, 1.460002, 0.353438, 0.352343, -1.000000, 0.397902, -1.000000, 0.365121, -1.000000, 0.392001, -1.000000
0.929999, 0.760000, 1.450002, 0.353300, 0.352381, -1.000000, 0.397713, -1.000000, 0.365105, -1.000000, 0.391997, -1.000000
0.929999, 0.770000, 1.440002, 0.353088, 0.352419, -1.000000, 0.397524, -1.000000, 0.365088, -1.000000, 0.391993, -1.000000
0.929999, 0.780000, 1.430002, 0.352800, 0.352456, -1.000000, 0.397335, -1.000000, 0.365072, -1.000000, 0.391989, -1.000000
0.929999, 0.790000, 1.420002, 0.352438, 0.352494, -1.000000, 0.397146, -1.000000, 0.365055, -1.000000, 0.391985, -1.000000
0.929999, 0.800000, 1.410002, 0.352000, 0.352531, -1.000000, 0.396957, -1.000000, 0.365038, -1.000000, 0.391981, -1.000000
0.929999, 0.810000, 1.400002, 0.351488, 0.352569, -1.000000, 0.396768, -1.000000, 0.365022, -1.000000, 0.391977, -1.000000
0.929999, 0.820000, 1.390002, 0.350900, 0.352606, -1.000000, 0.396579, -1.000000, 0.365005, -1.000000, 0.391973, -1.000000
0.929999, 0.830000, 1.380002, 0.350238, 0.352644, -1.000000, 0.396390, -1.000000, 0.364989, -1.000000, 0.391970, -1.000000
0.929999, 0.839999, 1.370002, 0.349500, 0.352682, -1.000000, 0.396201, -1.000000, 0.364972, -1.000000, 0.391966, -1.000000
0.929999, 0.849999, 1.360002, 0.348688, 0.352719, -1.000000, 0.396013, -1.000000, 0.364956, -1.000000, 0.391962, -1.000000
0.929999, 0.859999, 1.350002, 0.347800, 0.352757, -1.000000, 0.395824, -1.000000, 0.364915, -1.000000, 0.391958, -1.000000
0.929999, 0.869999, 1.340002, 0.346838, 0.352794, -1.000000, 0.395635, -1.000000, 0.364833, -1.000000, 0.391954, -1.000000
0.929999, 0.879999, 1.330002, 0.345800, 0.352832, -1.000000, 0.395446, -1.000000, 0.364751, -1.000000, 0.391950, -1.000000
0.929999, 0.889999, 1.320002, 0.344688, 0.352870, -1.000000, 0.395258, -1.000000, 0.364669, -1.000000, 0.391946, -1.000000
0.929999, 0.899999, 1.310002, 0.343500, 0.352907, -1.000000, 0.395069, -1.000000, 0.364587, -1.000000, 0.391942, -1.000000
0.929999, 0.909999, 1.300002, 0.342238, 0.352945, -1.000000, 0.394880, -1.000000, 0.364504, -1.000000, 0.391938, -1.000000
0.929999, 0.919999, 1.290002, 0.340900, 0.352982, -1.000000, 0.394692, -1.000000, 0.364422, -1.000000, 0.391934, -1.000000
0.929999, 0.929999, 1.280002, 0.339488, 0.353020, -1.000000, 0.394503, -1.000000, 0.364340, -1.000000, 0.391930, -1.000000
0.929999, 0.939999, 1.270002, 0.338001, 0.353058, -1.000000, 0.394315, -1.000000, 0.364258, -1.000000, 0.391926, -1.000000
0.929999, 0.949999, 1.260002, 0.336438, 0.353095, -1.000000, 0.394126, -1.000000, 0.364176, -1.000000, 0.391922, -1.000000
0.929999, 0.959999, 1.250002, 0.334801, 0.353133, -1.000000, 0.393938, -1.000000, 0.364094, -1.000000, 0.391918, -1.000000
0.929999, 0.969999, 1.240002, 0.333088, 0.353170, -1.000000, 0.393749, -1.000000, 0.364012, -1.000000, 0.391914, -1.000000
0.929999, 0.979999, 1.230002, 0.331301, 0.353208, -1.000000, 0.393561, -1.000000, 0.363930, -1.000000, 0.391910, -1.000000
0.929999, 0.989999, 1.220002, 0.329438, 0.353246, -1.000000, 0.393373, -1.000000, 0.363848, -1.000000, 0.391906, -1.000000
0.929999, 0.999999, 1.210002, 0.327501, 0.353283, -1.000000, 0.393184, -1.000000, 0.363766, -1.000000, 0.391903, -1.000000
0.939999, 0.000000, 2.180002, 0.150000, 0.200689, 0.732877, 0.413048, 0.996480, 0.206481, 0.806327, 0.215897, 0.994845
0.939999, 0.010000, 2.170002, 0.155413, 0.202816, -1.000000, 0.412691, -1.000000, 0.208562, -1.000000, 0.218046, -1.000000
0.939999, 0.020000, 2.160002, 0.160750, 0.204960, -1.000000, 0.412334, -1.000000, 0.210658, -1.000000, 0.220210, -1.000000
0.939999, 0.030000, 2.150002, 0.166013, 0.207120, -1.000000, 0.411977, -1.000000, 0.212770, -1.000000, 0.222389, -1.000000
0.939999, 0.040000, 2.140002, 0.171200, 0.209298, -1.000000, 0.411620, -1.000000, 0.214897, -1.000000, 0.224583, -1.000000
0.939999, 0.050000, 2.130002, 0.176313, 0.211492, -1.000000, 0.411321, -1.000000, 0.217039, -1.000000, 0.226793, -1.000000
0.939999, 0.060000, 2.120002, 0.181350, 0.213703, -1.000000, 0.411130, -1.000000, 0.219197, -1.000000, 0.229019, -1.000000
0.939999, 0.070000, 2.110002, 0.186313, 0.215930, -1.000000, 0.410939, -1.000000, 0.221370, -1.000000, 0.231259, -1.000000
0.939999, 0.080000, 2.100002, 0.191200, 0.218175, -1.000000, 0.410747, -1.000000, 0.223558, -1.000000, 0.233515, -1.000000
0.939999, 0.090000, 2.090002, 0.196013, 0.220436, -1.000000, 0.410556, -1.000000, 0.225762, -1.000000, 0.235786, -1.000000
0.939999, 0.100000, 2.080002, 0.200750, 0.222714, -1.000000, 0.410366, -1.000000, 0.227981, -1.000000, 0.238073, -1.000000
0.939999, 0.110000, 2.070002, 0.205413, 0.225009, -1.000000, 0.410174, -1.000000, 0.230216, -1.000000, 0.240374, -1.000000
0.939999, 0.120000, 2.060002, 0.210000, 0.227320, -1.000000, 0.409984, -1.000000, 0.232466, -1.000000, 0.242691, -1.000000
0.939999, 0.130000, 2.050002, 0.214513, 0.229648, -1.000000, 0.409793, -1.000000, 0.234731, -1.000000, 0.245023, -1.000000
0.939999, 0.140000, 2.040002, 0.218950, 0.231993, -1.000000, 0.409602, -1.000000, 0.237011, -1.000000, 0.247369, -1.000000
0.939999, 0.150000, 2.030002, 0.223313, 0.234355, -1.000000, 0.409411, -1.000000, 0.239307, -1.000000, 0.249731, -1.000000
0.939999, 0.160000, 2.020002, 0.227600, 0.236733, -1.000000, 0.409220, -1.000000, 0.241617, -1.000000, 0.252108, -1.000000
0.939999, 0.170000, 2.010002, 0.231813, 0.239128, -1.000000, 0.409029, -1.000000, 0.243943, -1.000000, 0.254500, -1.000000
0.939999, 0.180000, 2.000002, 0.235950, 0.241539, -1.000000, 0.408839, -1.000000, 0.246284, -1.000000, 0.256907, -1.000000
0.939999, 0.190000, 1.990002, 0.240013, 0.243967, -1.000000, 0.408648, -1.000000, 0.248640, -1.000000, 0.259329, -1.000000
0.939999, 0.200000, 1.980002, 0.244000, 0.246411, -1.000000, 0.408457, -1.000000, 0.251012, -1.000000, 0.261765, -1.000000
0.939999, 0.210000, 1.970002, 0.247913, 0.248872, -1.000000, 0.408266, -1.000000, 0.253398, -1.000000, 0.264216, -1.000000
0.939999, 0.220000, 1.960002, 0.251750, 0.251349, -1.000000, 0.408076, -1.000000, 0.255799, -1.000000, 0.266682, -1.000000
0.939999, 0.230000, 1.950002, 0.255513, 0.253842, -1.000000, 0.407885, -1.000000, 0.258215, -1.000000, 0.269162, -1.000000
0.939999, 0.240000, 1.940002, 0.259200, 0.256352, -1.000000, 0.407694, -1.000000, 0.260645, -1.000000, 0.271657, -1.000000
0.939999, 0.250000, 1.930002, 0.262813, 0.258878, -1.000000, 0.407504, -1.000000, 0.263091, -1.000000, 0.274167, -1.000000
0.939999, 0.260000, 1.920002, 0.266350, 0.261420, -1.000000, 0.407313, -1.000000, 0.265551, -1.000000, 0.276691, -1.000000
0.939999, 0.270000, 1.910002, 0.269813, 0.263978, -1.000000, 0.407123, -1.000000, 0.268026, -1.000000, 0.279229, -1.000000
0.939999, 0.280000, 1.900002, 0.273200, 0.266552, -1.000000, 0.406932, -1.000000, 0.270516, -1.000000, 0.281781, -1.000000
0.939999, 0.290000, 1.890002, 0.276513, 0.269142, -1.000000, 0.406742, -1.000000, 0.273020, -1.000000, 0.284347, -1.000000
0.939999, 0.300000, 1.880002, 0.279750, 0.271748, -1.000000, 0.406551, -1.000000, 0.275538, -1.000000, 0.286928, -1.000000
0.939999, 0.310000, 1.870002, 0.282913, 0.274370, -1.000000, 0.406361, -1.000000, 0.278071, -1.000000, 0.289522, -1.000000
0.939999, 0.320000, 1.860002, 0.286000, 0.277007, -1.000000, 0.406171, -1.000000, 0.280618, -1.000000, 0.292130, -1.000000
0.939999, 0.330000, 1.850002, 0.289013, 0.279660, -1.000000, 0.405980, -1.000000, 0.283179, -1.000000, 0.294752, -1.000000
0.939999, 0.340000, 1.840002, 0.291950, 0.282328, -1.000000, 0.405790, -1.000000, 0.285754, -1.000000, 0.297388, -1.000000
0.939999, 0.350000, 1.830002, 0.294813, 0.285012, -1.000000, 0.405600, -1.000000, 0.288343, -1.000000, 0.300037, -1.000000
0.939999, 0.360000, 1.820002, 0.297600, 0.287711, -1.000000, 0.405409, -1.000000, 0.290947, -1.000000, 0.302699, -1.000000
0.939999, 0.370000, 1.810002, 0.300313, 0.290425, -1.000000, 0.405219, -1.000000, 0.293563, -1.000000, 0.305375, -1.000000
0.939999, 0.380000, 1.800002, 0.302950, 0.293154, -1.000000, 0.405029, -1.000000, 0.296194, -1.000000, 0.308064, -1.000000
0.939999, 0.390000, 1.790002, 0.305513, 0.295898, -1.000000, 0.404839, -1.000000, 0.298838, -1.000000, 0.310767, -1.000000
0.939999, 0.400000, 1.780002, 0.308000, 0.298658, -1.000000, 0.404649, -1.000000, 0.301496, -1.000000, 0.313482, -1.000000
0.939999, 0.410000, 1.770002, 0.310413, 0.301431, -1.000000, 0.404458, -1.000000, 0.304167, -1.000000, 0.316210, -1.000000
0.939999, 0.420000, 1.760002, 0.312750, 0.304220, -1.000000, 0.404268, -1.000000, 0.306852, -1.000000, 0.318950, -1.000000
0.939999, 0.430000, 1.750002, 0.315013, 0.307023, -1.000000, 0.404078, -1.000000, 0.309549, -1.000000, 0.321704, -1.000000
0.939999, 0.440000, 1.740002, 0.317200, 0.309840, -1.000000, 0.403888, -1.000000, 0.312260, -1.000000, 0.324469, -1.000000
0.939999, 0.450000, 1.730002, 0.319313, 0.312321, -1.000000, 0.403698, -1.000000, 0.314983, -1.000000, 0.327247, -1.000000
0.939999, 0.460000, 1.720002, 0.321350, 0.314277, -1.000000, 0.403508, -1.000000, 0.317720, -1.000000, 0.330038, -1.000000
0.939999, 0.470000, 1.710002, 0.323313, 0.316240, -1.000000, 0.403318, -1.000000, 0.320469, -1.000000, 0.332840, -1.000000
0.939999, 0.480000, 1.700002, 0.325200, 0.318209, -1.000000, 0.403128, -1.000000, 0.323230, -1.000000, 0.335654, -1.000000
0.939999, 0.490000, 1.690002, 0.327013, 0.320185, -1.000000, 0.402938, -1.000000, 0.326004, -1.000000, 0.338480, -1.000000
0.939999, 0.500000, 1.680002, 0.328750, 0.322167, -1.000000, 0.402748, -1.000000, 0.328790, -1.000000, 0.341317, -1.000000
0.939999, 0.510000, 1.670002, 0.330413, 0.324156, -1.000000, 0.402559, -1.000000, 0.331588, -1.000000, 0.344166, -1.000000
0.939999, 0.520000, 1.660002, 0.332000, 0.326151, -1.000000, 0.402369, -1.000000, 0.334398, -1.000000, 0.347026, -1.000000
0.939999, 0.530000, 1.650002, 0.333513, 0.328153, -1.000000, 0.402179, -1.000000, 0.337220, -1.000000, 0.349897, -1.000000
0.939999, 0.540000, 1.640002, 0.334950, 0.330160, -1.000000, 0.401989, -1.000000, 0.340054, -1.000000, 0.352779, -1.000000
0.939999, 0.550000, 1.630002, 0.336313, 0.332174, -1.000000, 0.401800, -1.000000, 0.342899, -1.000000, 0.355672, -1.000000
0.939999, 0.560000, 1.620002, 0.337600, 0.334194, -1.000000, 0.401610, -1.000000, 0.345755, -1.000000, 0.358575, -1.000000
0.939999, 0.570000, 1.610002, 0.338813, 0.336221, -1.000000, 0.401420, -1.000000, 0.348623, -1.000000, 0.361489, -1.000000
0.939999, 0.580000, 1.600002, 0.339950, 0.338253, -1.000000, 0.401231, -1.000000, 0.351501, -1.000000, 0.364413, -1.000000
0.939999, 0.590000, 1.590002, 0.341013, 0.340291, -1.000000, 0.401041, -1.000000, 0.354391, -1.000000, 0.367347, -1.000000
0.939999, 0.600000, 1.580002, 0.342000, 0.342335, -1.000000, 0.400851, -1.000000, 0.357291, -1.000000, 0.370291, -1.000000
0.939999, 0.610000, 1.570002, 0.342913, 0.344385, -1.000000, 0.400662, -1.000000, 0.360202, -1.000000, 0.373244, -1.000000
0.939999, 0.620000, 1.560002, 0.343750, 0.346441, -1.000000, 0.400472, -1.000000, 0.363122, -1.000000, 0.376208, -1.000000
0.939999, 0.630000, 1.550002, 0.344513, 0.348502, -1.000000, 0.400283, -1.000000, 0.365245, -1.000000, 0.379180, -1.000000
0.939999, 0.640000, 1.540002, 0.345200, 0.350570, -1.000000, 0.400093, -1.000000, 0.365229, -1.000000, 0.382161, -1.000000
0.939999, 0.650000, 1.530002, 0.345813, 0.351949, -1.000000, 0.399904, -1.000000, 0.365212, -1.000000, 0.385152, -1.000000
0.939999, 0.660000, 1.520002, 0.346350, 0.351986, -1.000000, 0.399715, -1.000000, 0.365196, -1.000000, 0.388151, -1.000000
0.939999, 0.670000, 1.510002, 0.346813, 0.352024, -1.000000, 0.399525, -1.000000, 0.365179, -1.000000, 0.391158, -1.000000
0.939999, 0.680000, 1.500002, 0.347200, 0.352062, -1.000000, 0.399336, -1.000000, 0.365162, -1.000000, 0.392016, -1.000000
0.939999, 0.690000, 1.490002, 0.347513, 0.352099, -1.000000, 0.399147, -1.000000, 0.365146, -1.000000, 0.392012, -1.000000
0.939999, 0.700000, 1.480002, 0.347750, 0.352137, -1.000000, 0.398957, -1.000000, 0.365129, -1.000000, 0.392008, -1.000000
0.939999, 0.710000, 1.470002, 0.347913, 0.352174, -1.000000, 0.398768, -1.000000, 0.365113, -1.000000, 0.392004, -1.000000
0.939999, 0.720000, 1.460002, 0.348000, 0.352212, -1.000000, 0.398579, -1.000000, 0.365096, -1.000000, 0.392000, -1.000000
0.939999, 0.730000, 1.450002, 0.348013, 0.352249, -1.000000, 0.398390, -1.000000, 0.365080, -1.000000, 0.391996, -1.000000
0.939999, 0.740000, 1.440002, 0.347950, 0.352287, -1.000000, 0.398201, -1.000000, 0.365063, -1.000000, 0.391992, -1.000000
0.939999, 0.750000, 1.430002, 0.347813, 0.352325, -1.000000, 0.398011, -1.000000, 0.365047, -1.000000, 0.391988, -1.000000
0.939999, 0.760000, 1.420002, 0.347600, 0.352362, -1.000000, 0.397822, -1.000000, 0.365030, -1.000000, 0.391984, -1.000000
0.939999, 0.770000, 1.410002, 0.347313, 0.352400, -1.000000, 0.397633, -1.000000, 0.365013, -1.000000, 0.391980, -1.000000
0.939999, 0.780000, 1.400002, 0.346950, 0.352437, -1.000000, 0.397444, -1.000000, 0.364997, -1.000000, 0.391977, -1.000000
0.939999, 0.790000, 1.390002, 0.346513, 0.352475, -1.000000, 0.397255, -1.000000, 0.364980, -1.000000, 0.391973, -1.000000
0.939999, 0.800000, 1.380002, 0.346000, 0.352513, -1.000000, 0.397066, -1.000000, 0.364964, -1.000000, 0.391969, -1.000000
0.939999, 0.810000, 1.370002, 0.345413, 0.352550, -1.000000, 0.396877, -1.000000, 0.364947, -1.000000, 0.391965, -1.000000
0.939999, 0.820000, 1.360002, 0.344750, 0.352588, -1.000000, 0.396688, -1.000000, 0.364931, -1.000000, 0.391961, -1.000000
0.939999, 0.830000, 1.350002, 0.344013, 0.352625, -1.000000, 0.396499, -1.000000, 0.364914, -1.000000, 0.391957, -1.000000
0.939999, 0.839999, 1.340002, 0.343200, 0.352663, -1.000000, 0.396311, -1.000000, 0.364897, -1.000000, 0.391953, -1.000000
0.939999, 0.849999, 1.330002, 0.342313, 0.352700, -1.000000, 0.396122, -1.000000, 0.364881, -1.000000, 0.391949, -1.000000
0.939999, 0.859999, 1.320002, 0.341350, 0.352738, -1.000000, 0.395933, -1.000000, 0.364864, -1.000000, 0.391945, -1.000000
0.939999, 0.869999, 1.310002, 0.340313, 0.352776, -1.000000, 0.395744, -1.000000, 0.364787, -1.000000, 0.391941, -1.000000
0.939999, 0.879999, 1.300002, 0.339200, 0.352813, -1.000000, 0.395556, -1.000000, 0.364705, -1.000000, 0.391937, -1.000000
0.939999, 0.889999, 1.290002, 0.338013, 0.352851, -1.000000, 0.395367, -1.000000, 0.364623, -1.000000, 0.391933, -1.000000
0.939999, 0.899999, 1.280002, 0.336750, 0.352888, -1.000000, 0.395178, -1.000000, 0.364540, -1.000000, 0.391929, -1.000000
0.939999, 0.909999, 1.270002, 0.335413, 0.352926, -1.000000, 0.394990, -1.000000, 0.364458, -1.000000, 0.391925, -1.000000
0.939999, 0.919999, 1.260002, 0.334001, 0.352964, -1.000000, 0.394801, -1.000000, 0.364376, -1.000000, 0.391921, -1.000000
0.939999, 0.929999, 1.250002, 0.332513, 0.353001, -1.000000, 0.394612, -1.000000, 0.364294, -1.000000, 0.391917, -1.000000
0.939999, 0.939999, 1.240002, 0.330951, 0.353039, -1.000000, 0.394424, -1.000000, 0.364212, -1.000000, 0.391913, -1.000000
0.939999, 0.949999, 1.230002, 0.329313, 0.353076, -1.000000, 0.394235, -1.000000, 0.364130, -1.000000, 0.391910, -1.000000
0.939999, 0.959999, 1.220002, 0.327601, 0.353114, -1.000000, 0.394047, -1.000000, 0.364048, -1.000000, 0.391906, -1.000000
0.939999, 0.969999, 1.210002, 0.325813, 0.353152, -1.000000, 0.393858, -1.000000, 0.363966, -1.000000, 0.391902, -1.000000
0.939999, 0.979999, 1.200002, 0.323951, 0.353189, -1.000000, 0.393670, -1.000000, 0.363884, -1.000000, 0.391898, -1.000000
0.939999, 0.989999, 1.190002, 0.322013, 0.353227, -1.000000, 0.393482, -1.000000, 0.363802, -1.000000, 0.391894, -1.000000
0.939999, 0.999999, 1.180002, 0.320001, 0.353265, -1.000000, 0.393293, -1.000000, 0.363720, -1.000000, 0.391890, -1.000000
0.949999, 0.000000, 2.150002, 0.150000, 0.200536, 0.732875, 0.413252, 0.996492, 0.206387, 0.806327, 0.215557, 0.994922
0.949999, 0.010000, 2.140002, 0.155338, 0.202661, -1.000000, 0.412895, -1.000000, 0.208467, -1.000000, 0.217703, -1.000000
0.949999, 0.020000, 2.130002, 0.160600, 0.204804, -1.000000, 0.412538, -1.000000, 0.210562, -1.000000, 0.219864, -1.000000
0.949999, 0.030000, 2.120002, 0.165788, 0.206963, -1.000000, 0.412181, -1.000000, 0.212673, -1.000000, 0.222041, -1.000000
0.949999, 0.040000, 2.110002, 0.170900, 0.209139, -1.000000, 0.411824, -1.000000, 0.214799, -1.000000, 0.224233, -1.000000
0.949999, 0.050000, 2.100002, 0.175938, 0.211332, -1.000000, 0.411467, -1.000000, 0.216941, -1.000000, 0.226441, -1.000000
0.949999, 0.060000, 2.090002, 0.180900, 0.213542, -1.000000, 0.411240, -1.000000, 0.219098, -1.000000, 0.228663, -1.000000
0.949999, 0.070000, 2.080002, 0.185788, 0.215768, -1.000000, 0.411049, -1.000000, 0.221270, -1.000000, 0.230901, -1.000000
0.949999, 0.080000, 2.070002, 0.190600, 0.218012, -1.000000, 0.410858, -1.000000, 0.223458, -1.000000, 0.233155, -1.000000
0.949999, 0.090000, 2.060002, 0.195338, 0.220272, -1.000000, 0.410667, -1.000000, 0.225661, -1.000000, 0.235424, -1.000000
0.949999, 0.100000, 2.050002, 0.200000, 0.222548, -1.000000, 0.410476, -1.000000, 0.227880, -1.000000, 0.237707, -1.000000
0.949999, 0.110000, 2.040002, 0.204588, 0.224842, -1.000000, 0.410285, -1.000000, 0.230113, -1.000000, 0.240007, -1.000000
0.949999, 0.120000, 2.030002, 0.209100, 0.227152, -1.000000, 0.410094, -1.000000, 0.232363, -1.000000, 0.242321, -1.000000
0.949999, 0.130000, 2.020002, 0.213538, 0.229479, -1.000000, 0.409903, -1.000000, 0.234627, -1.000000, 0.244650, -1.000000
0.949999, 0.140000, 2.010002, 0.217900, 0.231823, -1.000000, 0.409712, -1.000000, 0.236907, -1.000000, 0.246995, -1.000000
0.949999, 0.150000, 2.000002, 0.222188, 0.234183, -1.000000, 0.409521, -1.000000, 0.239201, -1.000000, 0.249354, -1.000000
0.949999, 0.160000, 1.990002, 0.226400, 0.236560, -1.000000, 0.409330, -1.000000, 0.241512, -1.000000, 0.251729, -1.000000
0.949999, 0.170000, 1.980002, 0.230538, 0.238954, -1.000000, 0.409140, -1.000000, 0.243837, -1.000000, 0.254118, -1.000000
0.949999, 0.180000, 1.970002, 0.234600, 0.241364, -1.000000, 0.408949, -1.000000, 0.246177, -1.000000, 0.256523, -1.000000
0.949999, 0.190000, 1.960002, 0.238588, 0.243790, -1.000000, 0.408758, -1.000000, 0.248533, -1.000000, 0.258942, -1.000000
0.949999, 0.200000, 1.950002, 0.242500, 0.246233, -1.000000, 0.408567, -1.000000, 0.250903, -1.000000, 0.261376, -1.000000
0.949999, 0.210000, 1.940002, 0.246338, 0.248693, -1.000000, 0.408377, -1.000000, 0.253288, -1.000000, 0.263825, -1.000000
0.949999, 0.220000, 1.930002, 0.250100, 0.251169, -1.000000, 0.408186, -1.000000, 0.255689, -1.000000, 0.266288, -1.000000
0.949999, 0.230000, 1.920002, 0.253788, 0.253661, -1.000000, 0.407995, -1.000000, 0.258104, -1.000000, 0.268767, -1.000000
0.949999, 0.240000, 1.910002, 0.257400, 0.256170, -1.000000, 0.407805, -1.000000, 0.260534, -1.000000, 0.271259, -1.000000
0.949999, 0.250000, 1.900002, 0.260938, 0.258694, -1.000000, 0.407614, -1.000000, 0.262979, -1.000000, 0.273766, -1.000000
0.949999, 0.260000, 1.890002, 0.264400, 0.261235, -1.000000, 0.407423, -1.000000, 0.265439, -1.000000, 0.276288, -1.000000
0.949999, 0.270000, 1.880002, 0.267788, 0.263792, -1.000000, 0.407233, -1.000000, 0.267913, -1.000000, 0.278823, -1.000000
0.949999, 0.280000, 1.870002, 0.271100, 0.266365, -1.000000, 0.407042, -1.000000, 0.270402, -1.000000, 0.281374, -1.000000
0.949999, 0.290000, 1.860002, 0.274338, 0.268954, -1.000000, 0.406852, -1.000000, 0.272905, -1.000000, 0.283938, -1.000000
0.949999, 0.300000, 1.850002, 0.277500, 0.271559, -1.000000, 0.406662, -1.000000, 0.275423, -1.000000, 0.286516, -1.000000
0.949999, 0.310000, 1.840002, 0.280588, 0.274179, -1.000000, 0.406471, -1.000000, 0.277955, -1.000000, 0.289108, -1.000000
0.949999, 0.320000, 1.830002, 0.283600, 0.276815, -1.000000, 0.406281, -1.000000, 0.280501, -1.000000, 0.291714, -1.000000
0.949999, 0.330000, 1.820002, 0.286538, 0.279467, -1.000000, 0.406090, -1.000000, 0.283062, -1.000000, 0.294334, -1.000000
0.949999, 0.340000, 1.810002, 0.289400, 0.282134, -1.000000, 0.405900, -1.000000, 0.285636, -1.000000, 0.296967, -1.000000
0.949999, 0.350000, 1.800002, 0.292188, 0.284817, -1.000000, 0.405710, -1.000000, 0.288225, -1.000000, 0.299614, -1.000000
0.949999, 0.360000, 1.790002, 0.294900, 0.287515, -1.000000, 0.405519, -1.000000, 0.290827, -1.000000, 0.302275, -1.000000
0.949999, 0.370000, 1.780002, 0.297538, 0.290228, -1.000000, 0.405329, -1.000000, 0.293444, -1.000000, 0.304948, -1.000000
0.949999, 0.380000, 1.770002, 0.300100, 0.292956, -1.000000, 0.405139, -1.000000, 0.296074, -1.000000, 0.307635, -1.000000
0.949999, 0.390000, 1.760002, 0.302588, 0.295699, -1.000000, 0.404949, -1.000000, 0.298718, -1.000000, 0.310335, -1.000000
0.949999, 0.400000, 1.750002, 0.305000, 0.298457, -1.000000, 0.404758, -1.000000, 0.301375, -1.000000, 0.313049, -1.000000
0.949999, 0.410000, 1.740002, 0.307338, 0.301230, -1.000000, 0.404568, -1.000000, 0.304045, -1.000000, 0.315775, -1.000000
0.949999, 0.420000, 1.730002, 0.309600, 0.304017, -1.000000, 0.404378, -1.000000, 0.306729, -1.000000, 0.318513, -1.000000
0.949999, 0.430000, 1.720002, 0.311788, 0.306819, -1.000000, 0.404188, -1.000000, 0.309426, -1.000000, 0.321264, -1.000000
0.949999, 0.440000, 1.710002, 0.313900, 0.309635, -1.000000, 0.403998, -1.000000, 0.312136, -1.000000, 0.324028, -1.000000
0.949999, 0.450000, 1.700002, 0.315938, 0.312033, -1.000000, 0.403808, -1.000000, 0.314859, -1.000000, 0.326804, -1.000000
0.949999, 0.460000, 1.690002, 0.317900, 0.313988, -1.000000, 0.403618, -1.000000, 0.317595, -1.000000, 0.329593, -1.000000
0.949999, 0.470000, 1.680002, 0.319788, 0.315950, -1.000000, 0.403428, -1.000000, 0.320343, -1.000000, 0.332393, -1.000000
0.949999, 0.480000, 1.670002, 0.321600, 0.317918, -1.000000, 0.403238, -1.000000, 0.323104, -1.000000, 0.335205, -1.000000
0.949999, 0.490000, 1.660002, 0.323338, 0.319893, -1.000000, 0.403048, -1.000000, 0.325877, -1.000000, 0.338029, -1.000000
0.949999, 0.500000, 1.650002, 0.325000, 0.321874, -1.000000, 0.402858, -1.000000, 0.328663, -1.000000, 0.340865, -1.000000
0.949999, 0.510000, 1.640002, 0.326588, 0.323862, -1.000000, 0.402668, -1.000000, 0.331460, -1.000000, 0.343712, -1.000000
0.949999, 0.520000, 1.630002, 0.328100, 0.325856, -1.000000, 0.402479, -1.000000, 0.334270, -1.000000, 0.346570, -1.000000
0.949999, 0.530000, 1.620002, 0.329538, 0.327857, -1.000000, 0.402289, -1.000000, 0.337091, -1.000000, 0.349439, -1.000000
0.949999, 0.540000, 1.610002, 0.330900, 0.329864, -1.000000, 0.402099, -1.000000, 0.339924, -1.000000, 0.352319, -1.000000
0.949999, 0.550000, 1.600002, 0.332188, 0.331877, -1.000000, 0.401909, -1.000000, 0.342769, -1.000000, 0.355211, -1.000000
0.949999, 0.560000, 1.590002, 0.333400, 0.333896, -1.000000, 0.401720, -1.000000, 0.345625, -1.000000, 0.358112, -1.000000
0.949999, 0.570000, 1.580002, 0.334538, 0.335921, -1.000000, 0.401530, -1.000000, 0.348492, -1.000000, 0.361024, -1.000000
0.949999, 0.580000, 1.570002, 0.335600, 0.337952, -1.000000, 0.401340, -1.000000, 0.351370, -1.000000, 0.363947, -1.000000
0.949999, 0.590000, 1.560002, 0.336588, 0.339990, -1.000000, 0.401151, -1.000000, 0.354259, -1.000000, 0.366879, -1.000000
0.949999, 0.600000, 1.550002, 0.337500, 0.342033, -1.000000, 0.400961, -1.000000, 0.357158, -1.000000, 0.369822, -1.000000
0.949999, 0.610000, 1.540002, 0.338338, 0.344082, -1.000000, 0.400771, -1.000000, 0.360069, -1.000000, 0.372774, -1.000000
0.949999, 0.620000, 1.530002, 0.339100, 0.346137, -1.000000, 0.400582, -1.000000, 0.362989, -1.000000, 0.375735, -1.000000
0.949999, 0.630000, 1.520002, 0.339788, 0.348198, -1.000000, 0.400392, -1.000000, 0.365171, -1.000000, 0.378706, -1.000000
0.949999, 0.640000, 1.510002, 0.340400, 0.350264, -1.000000, 0.400203, -1.000000, 0.365154, -1.000000, 0.381686, -1.000000
0.949999, 0.650000, 1.500002, 0.340938, 0.351930, -1.000000, 0.400014, -1.000000, 0.365137, -1.000000, 0.384675, -1.000000
0.949999, 0.660000, 1.490002, 0.341400, 0.351968, -1.000000, 0.399824, -1.000000, 0.365121, -1.000000, 0.387673, -1.000000
0.949999, 0.670000, 1.480002, 0.341788, 0.352005, -1.000000, 0.399635, -1.000000, 0.365104, -1.000000, 0.390679, -1.000000
0.949999, 0.680000, 1.470002, 0.342100, 0.352043, -1.000000, 0.399445, -1.000000, 0.365088, -1.000000, 0.392003, -1.000000
0.949999, 0.690000, 1.460002, 0.342338, 0.352080, -1.000000, 0.399256, -1.000000, 0.365071, -1.000000, 0.391999, -1.000000
0.949999, 0.700000, 1.450002, 0.342500, 0.352118, -1.000000, 0.399067, -1.000000, 0.365055, -1.000000, 0.391995, -1.000000
0.949999, 0.710000, 1.440002, 0.342588, 0.352155, -1.000000, 0.398877, -1.000000, 0.365038, -1.000000, 0.391991, -1.000000
0.949999, 0.720000, 1.430002, 0.342600, 0.352193, -1.000000, 0.398688, -1.000000, 0.365021, -1.000000, 0.391988, -1.000000
0.949999, 0.730000, 1.420002, 0.342538, 0.352231, -1.000000, 0.398499, -1.000000, 0.365005, -1.000000, 0.391984, -1.000000
0.949999, 0.740000, 1.410002, 0.342400, 0.352268, -1.000000, 0.398310, -1.000000, 0.364988, -1.000000, 0.391980, -1.000000
0.949999, 0.750000, 1.400002, 0.342188, 0.352306, -1.000000, 0.398121, -1.000000, 0.364972, -1.000000, 0.391976, -1.000000
0.949999, 0.760000, 1.390002, 0.341900, 0.352343, -1.000000, 0.397932, -1.000000, 0.364955, -1.000000, 0.391972, -1.000000
0.949999, 0.770000, 1.380002, 0.341538, 0.352381, -1.000000, 0.397743, -1.000000, 0.364939, -1.000000, 0.391968, -1.000000
0.949999, 0.780000, 1.370002, 0.341100, 0.352418, -1.000000, 0.397554, -1.000000, 0.364922, -1.000000, 0.391964, -1.000000
0.949999, 0.790000, 1.360002, 0.340588, 0.352456, -1.000000, 0.397364, -1.000000, 0.364905, -1.000000, 0.391960, -1.000000
0.949999, 0.800000, 1.350002, 0.340000, 0.352494, -1.000000, 0.397175, -1.000000, 0.364889, -1.000000, 0.391956, -1.000000
0.949999, 0.810000, 1.340002, 0.339338, 0.352531, -1.000000, 0.396987, -1.000000, 0.364872, -1.000000, 0.391952, -1.000000
0.949999, 0.820000, 1.330002, 0.338600, 0.352569, -1.000000, 0.396798, -1.000000, 0.364856, -1.000000, 0.391948, -1.000000
0.949999, 0.830000, 1.320002, 0.337788, 0.352606, -1.000000, 0.396609, -1.000000, 0.364839, -1.000000, 0.391944, -1.000000
0.949999, 0.839999, 1.310002, 0.336900, 0.352644, -1.000000, 0.396420, -1.000000, 0.364823, -1.000000, 0.391940, -1.000000
0.949999, 0.849999, 1.300002, 0.335938, 0.352682, -1.000000, 0.396231, -1.000000, 0.364806, -1.000000, 0.391936, -1.000000
0.949999, 0.859999, 1.290002, 0.334900, 0.352719, -1.000000, 0.396042, -1.000000, 0.364789, -1.000000, 0.391932, -1.000000
0.949999, 0.869999, 1.280002, 0.333788, 0.352757, -1.000000, 0.395853, -1.000000, 0.364741, -1.000000, 0.391928, -1.000000
0.949999, 0.879999, 1.270002, 0.332600, 0.352794, -1.000000, 0.395665, -1.000000, 0.364659, -1.000000, 0.391924, -1.000000
0.949999, 0.889999, 1.260002, 0.331338, 0.352832, -1.000000, 0.395476, -1.000000, 0.364576, -1.000000, 0.391921, -1.000000
0.949999, 0.899999, 1.250002, 0.330000, 0.352870, -1.000000, 0.395287, -1.000000, 0.364494, -1.000000, 0.391917, -1.000000
0.949999, 0.909999, 1.240002, 0.328588, 0.352907, -1.000000, 0.395099, -1.000000, 0.364412, -1.000000, 0.391913, -1.000000
0.949999, 0.919999, 1.230002, 0.327101, 0.352945, -1.000000, 0.394910, -1.000000, 0.364330, -1.000000, 0.391909, -1.000000
0.949999, 0.929999, 1.220002, 0.325538, 0.352982, -1.000000, 0.394721, -1.000000, 0.364248, -1.000000, 0.391905, -1.000000
0.949999, 0.939999, 1.210002, 0.323901, 0.353020, -1.000000, 0.394533, -1.000000, 0.364166, -1.000000, 0.391901, -1.000000
0.949999, 0.949999, 1.200002, 0.322188, 0.353058, -1.000000, 0.394344, -1.000000, 0.364084, -1.000000, 0.391897, -1.000000
0.949999, 0.959999, 1.190002, 0.320401, 0.353095, -1.000000, 0.394156, -1.000000, 0.364002, -1.000000, 0.391893, -1.000000
0.949999, 0.969999, 1.180002, 0.318538, 0.353133, -1.000000, 0.393967, -1.000000, 0.363920, -1.000000, 0.391889, -1.000000
0.949999, 0.979999, 1.170002, 0.316601, 0.353170, -1.000000, 0.393779, -1.000000, 0.363838, -1.000000, 0.391885, -1.000000
0.949999, 0.989999, 1.160002, 0.314588, 0.353208, -1.000000, 0.393591, -1.000000, 0.363756, -1.000000, 0.391881, -1.000000
0.949999, 0.999999, 1.150002, 0.312501, 0.353246, -1.000000, 0.393402, -1.000000, 0.363674, -1.000000, 0.391877, -1.000000
0.959999, 0.000000, 2.120002, 0.150000, 0.200382, 0.732874, 0.413456, 0.996503, 0.206292, 0.806327, 0.215216, 0.994998
0.959999, 0.010000, 2.110002, 0.155263, 0.202507, -1.000000, 0.413099, -1.000000, 0.208372, -1.000000, 0.217360, -1.000000
0.959999, 0.020000, 2.100002, 0.160450, 0.204648, -1.000000, 0.412742, -1.000000, 0.210466, -1.000000, 0.219519, -1.000000
0.959999, 0.030000, 2.090002, 0.165563, 0.206806, -1.000000, 0.412385, -1.000000, 0.212576, -1.000000, 0.221693, -1.000000
0.959999, 0.040000, 2.080002, 0.170600, 0.208981, -1.000000, 0.412028, -1.000000, 0.214702, -1.000000, 0.223883, -1.000000
0.959999, 0.050000, 2.070002, 0.175563, 0.211173, -1.000000, 0.411671, -1.000000, 0.216843, -1.000000, 0.226088, -1.000000
0.959999, 0.060000, 2.060002, 0.180450, 0.213381, -1.000000, 0.411351, -1.000000, 0.218999, -1.000000, 0.228308, -1.000000
0.959999, 0.070000, 2.050002, 0.185263, 0.215607, -1.000000, 0.411160, -1.000000, 0.221171, -1.000000, 0.230544, -1.000000
0.959999, 0.080000, 2.040002, 0.190000, 0.217849, -1.000000, 0.410968, -1.000000, 0.223358, -1.000000, 0.232795, -1.000000
0.959999, 0.090000, 2.030002, 0.194663, 0.220107, -1.000000, 0.410777, -1.000000, 0.225560, -1.000000, 0.235061, -1.000000
0.959999, 0.100000, 2.020002, 0.199250, 0.222383, -1.000000, 0.410586, -1.000000, 0.227778, -1.000000, 0.237343, -1.000000
0.959999, 0.110000, 2.010002, 0.203763, 0.224675, -1.000000, 0.410395, -1.000000, 0.230011, -1.000000, 0.239640, -1.000000
0.959999, 0.120000, 2.000002, 0.208200, 0.226984, -1.000000, 0.410204, -1.000000, 0.232260, -1.000000, 0.241951, -1.000000
0.959999, 0.130000, 1.990002, 0.212563, 0.229310, -1.000000, 0.410013, -1.000000, 0.234523, -1.000000, 0.244278, -1.000000
0.959999, 0.140000, 1.980002, 0.216850, 0.231653, -1.000000, 0.409823, -1.000000, 0.236802, -1.000000, 0.246620, -1.000000
0.959999, 0.150000, 1.970002, 0.221063, 0.234012, -1.000000, 0.409632, -1.000000, 0.239096, -1.000000, 0.248978, -1.000000
0.959999, 0.160000, 1.960002, 0.225200, 0.236387, -1.000000, 0.409441, -1.000000, 0.241406, -1.000000, 0.251350, -1.000000
0.959999, 0.170000, 1.950002, 0.229263, 0.238780, -1.000000, 0.409250, -1.000000, 0.243730, -1.000000, 0.253737, -1.000000
0.959999, 0.180000, 1.940002, 0.233250, 0.241189, -1.000000, 0.409059, -1.000000, 0.246070, -1.000000, 0.256139, -1.000000
0.959999, 0.190000, 1.930002, 0.237163, 0.243614, -1.000000, 0.408868, -1.000000, 0.248425, -1.000000, 0.258556, -1.000000
0.959999, 0.200000, 1.920002, 0.241000, 0.246056, -1.000000, 0.408678, -1.000000, 0.250795, -1.000000, 0.260988, -1.000000
0.959999, 0.210000, 1.910002, 0.244763, 0.248514, -1.000000, 0.408487, -1.000000, 0.253179, -1.000000, 0.263434, -1.000000
0.959999, 0.220000, 1.900002, 0.248450, 0.250989, -1.000000, 0.408296, -1.000000, 0.255579, -1.000000, 0.265895, -1.000000
0.959999, 0.230000, 1.890002, 0.252063, 0.253480, -1.000000, 0.408106, -1.000000, 0.257994, -1.000000, 0.268371, -1.000000
0.959999, 0.240000, 1.880002, 0.255600, 0.255987, -1.000000, 0.407915, -1.000000, 0.260423, -1.000000, 0.270861, -1.000000
0.959999, 0.250000, 1.870002, 0.259063, 0.258511, -1.000000, 0.407724, -1.000000, 0.262867, -1.000000, 0.273366, -1.000000
0.959999, 0.260000, 1.860002, 0.262450, 0.261051, -1.000000, 0.407534, -1.000000, 0.265326, -1.000000, 0.275885, -1.000000
0.959999, 0.270000, 1.850002, 0.265763, 0.263607, -1.000000, 0.407343, -1.000000, 0.267800, -1.000000, 0.278419, -1.000000
0.959999, 0.280000, 1.840002, 0.269000, 0.266178, -1.000000, 0.407153, -1.000000, 0.270288, -1.000000, 0.280967, -1.000000
0.959999, 0.290000, 1.830002, 0.272163, 0.268766, -1.000000, 0.406962, -1.000000, 0.272791, -1.000000, 0.283528, -1.000000
0.959999, 0.300000, 1.820002, 0.275250, 0.271370, -1.000000, 0.406772, -1.000000, 0.275308, -1.000000, 0.286104, -1.000000
0.959999, 0.310000, 1.810002, 0.278263, 0.273989, -1.000000, 0.406581, -1.000000, 0.277839, -1.000000, 0.288694, -1.000000
0.959999, 0.320000, 1.800002, 0.281200, 0.276624, -1.000000, 0.406391, -1.000000, 0.280385, -1.000000, 0.291298, -1.000000
0.959999, 0.330000, 1.790002, 0.284063, 0.279275, -1.000000, 0.406200, -1.000000, 0.282945, -1.000000, 0.293916, -1.000000
0.959999, 0.340000, 1.780002, 0.286850, 0.281941, -1.000000, 0.406010, -1.000000, 0.285519, -1.000000, 0.296547, -1.000000
0.959999, 0.350000, 1.770002, 0.289563, 0.284622, -1.000000, 0.405820, -1.000000, 0.288107, -1.000000, 0.299192, -1.000000
0.959999, 0.360000, 1.760002, 0.292200, 0.287319, -1.000000, 0.405629, -1.000000, 0.290708, -1.000000, 0.301850, -1.000000
0.959999, 0.370000, 1.750002, 0.294763, 0.290031, -1.000000, 0.405439, -1.000000, 0.293324, -1.000000, 0.304522, -1.000000
0.959999, 0.380000, 1.740002, 0.297250, 0.292758, -1.000000, 0.405249, -1.000000, 0.295954, -1.000000, 0.307207, -1.000000
0.959999, 0.390000, 1.730002, 0.299663, 0.295500, -1.000000, 0.405059, -1.000000, 0.298597, -1.000000, 0.309905, -1.000000
0.959999, 0.400000, 1.720002, 0.302000, 0.298257, -1.000000, 0.404868, -1.000000, 0.301253, -1.000000, 0.312616, -1.000000
0.959999, 0.410000, 1.710002, 0.304263, 0.301029, -1.000000, 0.404678, -1.000000, 0.303923, -1.000000, 0.315340, -1.000000
0.959999, 0.420000, 1.700002, 0.306450, 0.303815, -1.000000, 0.404488, -1.000000, 0.306606, -1.000000, 0.318076, -1.000000
0.959999, 0.430000, 1.690002, 0.308563, 0.306616, -1.000000, 0.404298, -1.000000, 0.309303, -1.000000, 0.320826, -1.000000
0.959999, 0.440000, 1.680002, 0.310600, 0.309431, -1.000000, 0.404108, -1.000000, 0.312012, -1.000000, 0.323587, -1.000000
0.959999, 0.450000, 1.670002, 0.312563, 0.311745, -1.000000, 0.403918, -1.000000, 0.314734, -1.000000, 0.326361, -1.000000
0.959999, 0.460000, 1.660002, 0.314450, 0.313699, -1.000000, 0.403728, -1.000000, 0.317470, -1.000000, 0.329148, -1.000000
0.959999, 0.470000, 1.650002, 0.316263, 0.315660, -1.000000, 0.403538, -1.000000, 0.320217, -1.000000, 0.331946, -1.000000
0.959999, 0.480000, 1.640002, 0.318000, 0.317627, -1.000000, 0.403348, -1.000000, 0.322978, -1.000000, 0.334756, -1.000000
0.959999, 0.490000, 1.630002, 0.319663, 0.319601, -1.000000, 0.403158, -1.000000, 0.325750, -1.000000, 0.337579, -1.000000
0.959999, 0.500000, 1.620002, 0.321250, 0.321581, -1.000000, 0.402968, -1.000000, 0.328535, -1.000000, 0.340412, -1.000000
0.959999, 0.510000, 1.610002, 0.322763, 0.323568, -1.000000, 0.402778, -1.000000, 0.331333, -1.000000, 0.343257, -1.000000
0.959999, 0.520000, 1.600002, 0.324200, 0.325562, -1.000000, 0.402588, -1.000000, 0.334142, -1.000000, 0.346114, -1.000000
0.959999, 0.530000, 1.590002, 0.325563, 0.327561, -1.000000, 0.402399, -1.000000, 0.336962, -1.000000, 0.348982, -1.000000
0.959999, 0.540000, 1.580002, 0.326850, 0.329567, -1.000000, 0.402209, -1.000000, 0.339795, -1.000000, 0.351860, -1.000000
0.959999, 0.550000, 1.570002, 0.328063, 0.331579, -1.000000, 0.402019, -1.000000, 0.342639, -1.000000, 0.354750, -1.000000
0.959999, 0.560000, 1.560002, 0.329200, 0.333597, -1.000000, 0.401829, -1.000000, 0.345494, -1.000000, 0.357650, -1.000000
0.959999, 0.570000, 1.550002, 0.330263, 0.335622, -1.000000, 0.401640, -1.000000, 0.348361, -1.000000, 0.360560, -1.000000
0.959999, 0.580000, 1.540002, 0.331250, 0.337652, -1.000000, 0.401450, -1.000000, 0.351238, -1.000000, 0.363481, -1.000000
0.959999, 0.590000, 1.530002, 0.332163, 0.339688, -1.000000, 0.401260, -1.000000, 0.354127, -1.000000, 0.366412, -1.000000
0.959999, 0.600000, 1.520002, 0.333000, 0.341731, -1.000000, 0.401071, -1.000000, 0.357026, -1.000000, 0.369352, -1.000000
0.959999, 0.610000, 1.510002, 0.333763, 0.343779, -1.000000, 0.400881, -1.000000, 0.359936, -1.000000, 0.372303, -1.000000
0.959999, 0.620000, 1.500002, 0.334450, 0.345833, -1.000000, 0.400692, -1.000000, 0.362855, -1.000000, 0.375263, -1.000000
0.959999, 0.630000, 1.490002, 0.335063, 0.347893, -1.000000, 0.400502, -1.000000, 0.365096, -1.000000, 0.378232, -1.000000
0.959999, 0.640000, 1.480002, 0.335600, 0.349959, -1.000000, 0.400313, -1.000000, 0.365079, -1.000000, 0.381211, -1.000000
0.959999, 0.650000, 1.470002, 0.336063, 0.351911, -1.000000, 0.400123, -1.000000, 0.365063, -1.000000, 0.384198, -1.000000
0.959999, 0.660000, 1.460002, 0.336450, 0.351949, -1.000000, 0.399934, -1.000000, 0.365046, -1.000000, 0.387195, -1.000000
0.959999, 0.670000, 1.450002, 0.336763, 0.351986, -1.000000, 0.399744, -1.000000, 0.365029, -1.000000, 0.390200, -1.000000
0.959999, 0.680000, 1.440002, 0.337000, 0.352024, -1.000000, 0.399555, -1.000000, 0.365013, -1.000000, 0.391991, -1.000000
0.959999, 0.690000, 1.430002, 0.337163, 0.352062, -1.000000, 0.399366, -1.000000, 0.364996, -1.000000, 0.391987, -1.000000
0.959999, 0.700000, 1.420002, 0.337250, 0.352099, -1.000000, 0.399176, -1.000000, 0.364980, -1.000000, 0.391983, -1.000000
0.959999, 0.710000, 1.410002, 0.337263, 0.352137, -1.000000, 0.398987, -1.000000, 0.364963, -1.000000, 0.391979, -1.000000
0.959999, 0.720000, 1.400002, 0.337200, 0.352174, -1.000000, 0.398798, -1.000000, 0.364947, -1.000000, 0.391975, -1.000000
0.959999, 0.730000, 1.390002, 0.337063, 0.352212, -1.000000, 0.398608, -1.000000, 0.364930, -1.000000, 0.391971, -1.000000
0.959999, 0.740000, 1.380002, 0.336850, 0.352249, -1.000000, 0.398419, -1.000000, 0.364913, -1.000000, 0.391967, -1.000000
0.959999, 0.750000, 1.370002, 0.336563, 0.352287, -1.000000, 0.398230, -1.000000, 0.364897, -1.000000, 0.391963, -1.000000
0.959999, 0.760000, 1.360002, 0.336200, 0.352324, -1.000000, 0.398041, -1.000000, 0.364880, -1.000000, 0.391959, -1.000000
0.959999, 0.770000, 1.350002, 0.335763, 0.352362, -1.000000, 0.397852, -1.000000, 0.364864, -1.000000, 0.391955, -1.000000
0.959999, 0.780000, 1.340002, 0.335250, 0.352400, -1.000000, 0.397663, -1.000000, 0.364847, -1.000000, 0.391951, -1.000000
0.959999, 0.790000, 1.330002, 0.334663, 0.352437, -1.000000, 0.397474, -1.000000, 0.364831, -1.000000, 0.391947, -1.000000
0.959999, 0.800000, 1.320002, 0.334000, 0.352475, -1.000000, 0.397285, -1.000000, 0.364814, -1.000000, 0.391943, -1.000000
0.959999, 0.810000, 1.310002, 0.333263, 0.352512, -1.000000, 0.397096, -1.000000, 0.364797, -1.000000, 0.391939, -1.000000
0.959999, 0.820000, 1.300002, 0.332450, 0.352550, -1.000000, 0.396907, -1.000000, 0.364781, -1.000000, 0.391935, -1.000000
0.959999, 0.830000, 1.290002, 0.331563, 0.352588, -1.000000, 0.396718, -1.000000, 0.364764, -1.000000, 0.391931, -1.000000
0.959999, 0.839999, 1.280002, 0.330600, 0.352625, -1.000000, 0.396529, -1.000000, 0.364748, -1.000000, 0.391928, -1.000000
0.959999, 0.849999, 1.270002, 0.329563, 0.352663, -1.000000, 0.396340, -1.000000, 0.364731, -1.000000, 0.391924, -1.000000
0.959999, 0.859999, 1.260002, 0.328450, 0.352700, -1.000000, 0.396151, -1.000000, 0.364715, -1.000000, 0.391920, -1.000000
0.959999, 0.869999, 1.250002, 0.327263, 0.352738, -1.000000, 0.395963, -1.000000, 0.364695, -1.000000, 0.391916, -1.000000
0.959999, 0.879999, 1.240002, 0.326000, 0.352776, -1.000000, 0.395774, -1.000000, 0.364613, -1.000000, 0.391912, -1.000000
0.959999, 0.889999, 1.230002, 0.324663, 0.352813, -1.000000, 0.395585, -1.000000, 0.364530, -1.000000, 0.391908, -1.000000
0.959999, 0.899999, 1.220002, 0.323251, 0.352851, -1.000000, 0.395396, -1.000000, 0.364448, -1.000000, 0.391904, -1.000000
0.959999, 0.909999, 1.210002, 0.321763, 0.352888, -1.000000, 0.395208, -1.000000, 0.364366, -1.000000, 0.391900, -1.000000
0.959999, 0.919999, 1.200002, 0.320201, 0.352926, -1.000000, 0.395019, -1.000000, 0.364284, -1.000000, 0.391896, -1.000000
0.959999, 0.929999, 1.190002, 0.318563, 0.352964, -1.000000, 0.394830, -1.000000, 0.364202, -1.000000, 0.391892, -1.000000
0.959999, 0.939999, 1.180002, 0.316851, 0.353001, -1.000000, 0.394642, -1.000000, 0.364120, -1.000000, 0.391888, -1.000000
0.959999, 0.949999, 1.170002, 0.315063, 0.353039, -1.000000, 0.394453, -1.000000, 0.364038, -1.000000, 0.391884, -1.000000
0.959999, 0.959999, 1.160002, 0.313201, 0.353076, -1.000000, 0.394265, -1.000000, 0.363956, -1.000000, 0.391880, -1.000000
0.959999, 0.969999, 1.150002, 0.311263, 0.353114, -1.000000, 0.394076, -1.000000, 0.363874, -1.000000, 0.391876, -1.000000
0.959999, 0.979999, 1.140002, 0.309251, 0.353152, -1.000000, 0.393888, -1.000000, 0.363792, -1.000000, 0.391872, -1.000000
0.959999, 0.989999, 1.130002, 0.307163, 0.353189, -1.000000, 0.393699, -1.000000, 0.363710, -1.000000, 0.391868, -1.000000
0.959999, 0.999999, 1.120003, 0.305001, 0.353227, -1.000000, 0.393511, -1.000000, 0.363628, -1.000000, 0.391864, -1.000000
0.969999, 0.000000, 2.090002, 0.150000, 0.200229, 0.732873, 0.413667, 0.996515, 0.206198, 0.806327, 0.214876, 0.995073
0.969999, 0.010000, 2.080002, 0.155188, 0.202352, -1.000000, 0.413303, -1.000000, 0.208276, -1.000000, 0.217018, -1.000000
0.969999, 0.020000, 2.070002, 0.160300, 0.204493, -1.000000, 0.412946, -1.000000, 0.210370, -1.000000, 0.219174, -1.000000
0.969999, 0.030000, 2.060002, 0.165338, 0.206650, -1.000000, 0.412589, -1.000000, 0.212480, -1.000000, 0.221346, -1.000000
0.969999, 0.040000, 2.050002, 0.170300, 0.208823, -1.000000, 0.412232, -1.000000, 0.214605, -1.000000, 0.223533, -1.000000
0.969999, 0.050000, 2.040002, 0.175188, 0.211014, -1.000000, 0.411875, -1.000000, 0.216745, -1.000000, 0.225736, -1.000000
0.969999, 0.060000, 2.030002, 0.180000, 0.213221, -1.000000, 0.411518, -1.000000, 0.218900, -1.000000, 0.227954, -1.000000
0.969999, 0.070000, 2.020002, 0.184738, 0.215445, -1.000000, 0.411270, -1.000000, 0.221071, -1.000000, 0.230187, -1.000000
0.969999, 0.080000, 2.010002, 0.189400, 0.217686, -1.000000, 0.411079, -1.000000, 0.223258, -1.000000, 0.232436, -1.000000
0.969999, 0.090000, 2.000002, 0.193988, 0.219943, -1.000000, 0.410888, -1.000000, 0.225460, -1.000000, 0.234699, -1.000000
0.969999, 0.100000, 1.990002, 0.198500, 0.222218, -1.000000, 0.410697, -1.000000, 0.227677, -1.000000, 0.236979, -1.000000
0.969999, 0.110000, 1.980002, 0.202938, 0.224509, -1.000000, 0.410506, -1.000000, 0.229909, -1.000000, 0.239273, -1.000000
0.969999, 0.120000, 1.970002, 0.207300, 0.226817, -1.000000, 0.410315, -1.000000, 0.232157, -1.000000, 0.241582, -1.000000
0.969999, 0.130000, 1.960002, 0.211588, 0.229141, -1.000000, 0.410124, -1.000000, 0.234420, -1.000000, 0.243907, -1.000000
0.969999, 0.140000, 1.950002, 0.215800, 0.231482, -1.000000, 0.409933, -1.000000, 0.236698, -1.000000, 0.246247, -1.000000
0.969999, 0.150000, 1.940002, 0.219938, 0.233840, -1.000000, 0.409742, -1.000000, 0.238991, -1.000000, 0.248601, -1.000000
0.969999, 0.160000, 1.930002, 0.224000, 0.236215, -1.000000, 0.409551, -1.000000, 0.241300, -1.000000, 0.250971, -1.000000
0.969999, 0.170000, 1.920002, 0.227988, 0.238606, -1.000000, 0.409360, -1.000000, 0.243624, -1.000000, 0.253356, -1.000000
0.969999, 0.180000, 1.910002, 0.231900, 0.241014, -1.000000, 0.409169, -1.000000, 0.245963, -1.000000, 0.255756, -1.000000
0.969999, 0.190000, 1.900002, 0.235738, 0.243438, -1.000000, 0.408979, -1.000000, 0.248317, -1.000000, 0.258170, -1.000000
0.969999, 0.200000, 1.890002, 0.239500, 0.245879, -1.000000, 0.408788, -1.000000, 0.250686, -1.000000, 0.260599, -1.000000
0.969999, 0.210000, 1.880002, 0.243188, 0.248336, -1.000000, 0.408597, -1.000000, 0.253070, -1.000000, 0.263044, -1.000000
0.969999, 0.220000, 1.870002, 0.246800, 0.250809, -1.000000, 0.408407, -1.000000, 0.255469, -1.000000, 0.265502, -1.000000
0.969999, 0.230000, 1.860002, 0.250338, 0.253299, -1.000000, 0.408216, -1.000000, 0.257883, -1.000000, 0.267976, -1.000000
0.969999, 0.240000, 1.850002, 0.253800, 0.255805, -1.000000, 0.408025, -1.000000, 0.260312, -1.000000, 0.270464, -1.000000
0.969999, 0.250000, 1.840002, 0.257188, 0.258328, -1.000000, 0.407835, -1.000000, 0.262755, -1.000000, 0.272966, -1.000000
0.969999, 0.260000, 1.830002, 0.260500, 0.260866, -1.000000, 0.407644, -1.000000, 0.265214, -1.000000, 0.275483, -1.000000
0.969999, 0.270000, 1.820002, 0.263738, 0.263421, -1.000000, 0.407453, -1.000000, 0.267687, -1.000000, 0.278014, -1.000000
0.969999, 0.280000, 1.810002, 0.266900, 0.265992, -1.000000, 0.407263, -1.000000, 0.270174, -1.000000, 0.280560, -1.000000
0.969999, 0.290000, 1.800002, 0.269988, 0.268578, -1.000000, 0.407072, -1.000000, 0.272676, -1.000000, 0.283120, -1.000000
0.969999, 0.300000, 1.790002, 0.273000, 0.271181, -1.000000, 0.406882, -1.000000, 0.275192, -1.000000, 0.285693, -1.000000
0.969999, 0.310000, 1.780002, 0.275938, 0.273799, -1.000000, 0.406691, -1.000000, 0.277723, -1.000000, 0.288281, -1.000000
0.969999, 0.320000, 1.770002, 0.278800, 0.276433, -1.000000, 0.406501, -1.000000, 0.280268, -1.000000, 0.290883, -1.000000
0.969999, 0.330000, 1.760002, 0.281588, 0.279082, -1.000000, 0.406310, -1.000000, 0.282828, -1.000000, 0.293498, -1.000000
0.969999, 0.340000, 1.750002, 0.284300, 0.281747, -1.000000, 0.406120, -1.000000, 0.285401, -1.000000, 0.296127, -1.000000
0.969999, 0.350000, 1.740002, 0.286938, 0.284428, -1.000000, 0.405930, -1.000000, 0.287988, -1.000000, 0.298770, -1.000000
0.969999, 0.360000, 1.730002, 0.289500, 0.287123, -1.000000, 0.405739, -1.000000, 0.290589, -1.000000, 0.301426, -1.000000
0.969999, 0.370000, 1.720002, 0.291988, 0.289834, -1.000000, 0.405549, -1.000000, 0.293205, -1.000000, 0.304096, -1.000000
0.969999, 0.380000, 1.710002, 0.294400, 0.292560, -1.000000, 0.405359, -1.000000, 0.295833, -1.000000, 0.306778, -1.000000
0.969999, 0.390000, 1.700002, 0.296738, 0.295301, -1.000000, 0.405169, -1.000000, 0.298476, -1.000000, 0.309474, -1.000000
0.969999, 0.400000, 1.690002, 0.299000, 0.298057, -1.000000, 0.404978, -1.000000, 0.301132, -1.000000, 0.312183, -1.000000
0.969999, 0.410000, 1.680002, 0.301188, 0.300828, -1.000000, 0.404788, -1.000000, 0.303801, -1.000000, 0.314905, -1.000000
0.969999, 0.420000, 1.670002, 0.303300, 0.303613, -1.000000, 0.404598, -1.000000, 0.306484, -1.000000, 0.317640, -1.000000
0.969999, 0.430000, 1.660002, 0.305338, 0.306413, -1.000000, 0.404408, -1.000000, 0.309179, -1.000000, 0.320387, -1.000000
0.969999, 0.440000, 1.650002, 0.307300, 0.309227, -1.000000, 0.404218, -1.000000, 0.311888, -1.000000, 0.323147, -1.000000
0.969999, 0.450000, 1.640002, 0.309188, 0.311457, -1.000000, 0.404028, -1.000000, 0.314610, -1.000000, 0.325919, -1.000000
0.969999, 0.460000, 1.630002, 0.311000, 0.313410, -1.000000, 0.403838, -1.000000, 0.317345, -1.000000, 0.328703, -1.000000
0.969999, 0.470000, 1.620002, 0.312738, 0.315370, -1.000000, 0.403648, -1.000000, 0.320092, -1.000000, 0.331500, -1.000000
0.969999, 0.480000, 1.610002, 0.314400, 0.317336, -1.000000, 0.403458, -1.000000, 0.322852, -1.000000, 0.334308, -1.000000
0.969999, 0.490000, 1.600002, 0.315988, 0.319309, -1.000000, 0.403268, -1.000000, 0.325624, -1.000000, 0.337128, -1.000000
0.969999, 0.500000, 1.590002, 0.317500, 0.321289, -1.000000, 0.403078, -1.000000, 0.328408, -1.000000, 0.339960, -1.000000
0.969999, 0.510000, 1.580002, 0.318938, 0.323275, -1.000000, 0.402888, -1.000000, 0.331205, -1.000000, 0.342804, -1.000000
0.969999, 0.520000, 1.570002, 0.320300, 0.325267, -1.000000, 0.402698, -1.000000, 0.334013, -1.000000, 0.345658, -1.000000
0.969999, 0.530000, 1.560002, 0.321588, 0.327265, -1.000000, 0.402508, -1.000000, 0.336833, -1.000000, 0.348524, -1.000000
0.969999, 0.540000, 1.550002, 0.322800, 0.329270, -1.000000, 0.402319, -1.000000, 0.339665, -1.000000, 0.351401, -1.000000
0.969999, 0.550000, 1.540002, 0.323938, 0.331282, -1.000000, 0.402129, -1.000000, 0.342509, -1.000000, 0.354289, -1.000000
0.969999, 0.560000, 1.530002, 0.325000, 0.333299, -1.000000, 0.401939, -1.000000, 0.345364, -1.000000, 0.357187, -1.000000
0.969999, 0.570000, 1.520002, 0.325988, 0.335322, -1.000000, 0.401749, -1.000000, 0.348230, -1.000000, 0.360096, -1.000000
0.969999, 0.580000, 1.510002, 0.326900, 0.337352, -1.000000, 0.401560, -1.000000, 0.351107, -1.000000, 0.363015, -1.000000
0.969999, 0.590000, 1.500002, 0.327738, 0.339387, -1.000000, 0.401370, -1.000000, 0.353995, -1.000000, 0.365944, -1.000000
0.969999, 0.600000, 1.490002, 0.328500, 0.341429, -1.000000, 0.401180, -1.000000, 0.356893, -1.000000, 0.368884, -1.000000
0.969999, 0.610000, 1.480002, 0.329188, 0.343476, -1.000000, 0.400991, -1.000000, 0.359803, -1.000000, 0.371832, -1.000000
0.969999, 0.620000, 1.470002, 0.329800, 0.345530, -1.000000, 0.400801, -1.000000, 0.362722, -1.000000, 0.374791, -1.000000
0.969999, 0.630000, 1.460002, 0.330338, 0.347589, -1.000000, 0.400612, -1.000000, 0.365021, -1.000000, 0.377759, -1.000000
0.969999, 0.640000, 1.450002, 0.330800, 0.349653, -1.000000, 0.400422, -1.000000, 0.365004, -1.000000, 0.380736, -1.000000
0.969999, 0.650000, 1.440002, 0.331188, 0.351724, -1.000000, 0.400233, -1.000000, 0.364988, -1.000000, 0.383722, -1.000000
0.969999, 0.660000, 1.430002, 0.331500, 0.351930, -1.000000, 0.400043, -1.000000, 0.364971, -1.000000, 0.386717, -1.000000
0.969999, 0.670000, 1.420002, 0.331738, 0.351968, -1.000000, 0.399854, -1.000000, 0.364955, -1.000000, 0.389721, -1.000000
0.969999, 0.680000, 1.410002, 0.331900, 0.352005, -1.000000, 0.399664, -1.000000, 0.364938, -1.000000, 0.391978, -1.000000
0.969999, 0.690000, 1.400002, 0.331988, 0.352043, -1.000000, 0.399475, -1.000000, 0.364921, -1.000000, 0.391974, -1.000000
0.969999, 0.700000, 1.390002, 0.332000, 0.352080, -1.000000, 0.399286, -1.000000, 0.364905, -1.000000, 0.391970, -1.000000
0.969999, 0.710000, 1.380002, 0.331938, 0.352118, -1.000000, 0.399096, -1.000000, 0.364888, -1.000000, 0.391966, -1.000000
0.969999, 0.720000, 1.370002, 0.331800, 0.352155, -1.000000, 0.398907, -1.000000, 0.364872, -1.000000, 0.391962, -1.000000
0.969999, 0.730000, 1.360002, 0.331588, 0.352193, -1.000000, 0.398718, -1.000000, 0.364855, -1.000000, 0.391958, -1.000000
0.969999, 0.740000, 1.350002, 0.331300, 0.352231, -1.000000, 0.398529, -1.000000, 0.364839, -1.000000, 0.391954, -1.000000
0.969999, 0.750000, 1.340002, 0.330938, 0.352268, -1.000000, 0.398340, -1.000000, 0.364822, -1.000000, 0.391950, -1.000000
0.969999, 0.760000, 1.330002, 0.330500, 0.352306, -1.000000, 0.398150, -1.000000, 0.364806, -1.000000, 0.391946, -1.000000
0.969999, 0.770000, 1.320002, 0.329988, 0.352343, -1.000000, 0.397961, -1.000000, 0.364789, -1.000000, 0.391942, -1.000000
0.969999, 0.780000, 1.310002, 0.329400, 0.352381, -1.000000, 0.397772, -1.000000, 0.364772, -1.000000, 0.391939, -1.000000
0.969999, 0.790000, 1.300002, 0.328738, 0.352418, -1.000000, 0.397583, -1.000000, 0.364756, -1.000000, 0.391935, -1.000000
0.969999, 0.800000, 1.290002, 0.328000, 0.352456, -1.000000, 0.397394, -1.000000, 0.364739, -1.000000, 0.391931, -1.000000
0.969999, 0.810000, 1.280002, 0.327188, 0.352494, -1.000000, 0.397205, -1.000000, 0.364723, -1.000000, 0.391927, -1.000000
0.969999, 0.820000, 1.270002, 0.326300, 0.352531, -1.000000, 0.397016, -1.000000, 0.364706, -1.000000, 0.391923, -1.000000
0.969999, 0.830000, 1.260002, 0.325338, 0.352569, -1.000000, 0.396827, -1.000000, 0.364690, -1.000000, 0.391919, -1.000000
0.969999, 0.839999, 1.250002, 0.324300, 0.352606, -1.000000, 0.396638, -1.000000, 0.364673, -1.000000, 0.391915, -1.000000
0.969999, 0.849999, 1.240002, 0.323188, 0.352644, -1.000000, 0.396449, -1.000000, 0.364656, -1.000000, 0.391911, -1.000000
0.969999, 0.859999, 1.230002, 0.322000, 0.352682, -1.000000, 0.396261, -1.000000, 0.364640, -1.000000, 0.391907, -1.000000
0.969999, 0.869999, 1.220002, 0.320738, 0.352719, -1.000000, 0.396072, -1.000000, 0.364623, -1.000000, 0.391903, -1.000000
0.969999, 0.879999, 1.210002, 0.319400, 0.352757, -1.000000, 0.395883, -1.000000, 0.364566, -1.000000, 0.391899, -1.000000
0.969999, 0.889999, 1.200002, 0.317988, 0.352794, -1.000000, 0.395694, -1.000000, 0.364484, -1.000000, 0.391895, -1.000000
0.969999, 0.899999, 1.190002, 0.316501, 0.352832, -1.000000, 0.395505, -1.000000, 0.364402, -1.000000, 0.391891, -1.000000
0.969999, 0.909999, 1.180002, 0.314938, 0.352869, -1.000000, 0.395317, -1.000000, 0.364320, -1.000000, 0.391887, -1.000000
0.969999, 0.919999, 1.170002, 0.313301, 0.352907, -1.000000, 0.395128, -1.000000, 0.364238, -1.000000, 0.391883, -1.000000
0.969999, 0.929999, 1.160002, 0.311588, 0.352945, -1.000000, 0.394940, -1.000000, 0.364156, -1.000000, 0.391879, -1.000000
0.969999, 0.939999, 1.150002, 0.309801, 0.352982, -1.000000, 0.394751, -1.000000, 0.364074, -1.000000, 0.391875, -1.000000
0.969999, 0.949999, 1.140002, 0.307938, 0.353020, -1.000000, 0.394562, -1.000000, 0.363992, -1.000000, 0.391871, -1.000000
0.969999, 0.959999, 1.130002, 0.306001, 0.353058, -1.000000, 0.394374, -1.000000, 0.363910, -1.000000, 0.391868, -1.000000
0.969999, 0.969999, 1.120003, 0.303988, 0.353095, -1.000000, 0.394185, -1.000000, 0.363828, -1.000000, 0.391864, -1.000000
0.969999, 0.979999, 1.110003, 0.301901, 0.353133, -1.000000, 0.393997, -1.000000, 0.363746, -1.000000, 0.391860, -1.000000
0.969999, 0.989999, 1.100003, 0.299738, 0.353170, -1.000000, 0.393808, -1.000000, 0.363664, -1.000000, 0.391856, -1.000000
0.969999, 0.999999, 1.090003, 0.297501, 0.353208, -1.000000, 0.393620, -1.000000, 0.363581, -1.000000, 0.391852, -1.000000
0.979999, 0.000000, 2.060002, 0.150000, 0.200106, 0.732871, 0.413885, 0.996527, 0.206103, 0.806326, 0.214537, 0.995146
0.979999, 0.010000, 2.050002, 0.155113, 0.202198, -1.000000, 0.413508, -1.000000, 0.208181, -1.000000, 0.216676, -1.000000
0.979999, 0.020000, 2.040002, 0.160150, 0.204337, -1.000000, 0.413150, -1.000000, 0.210275, -1.000000, 0.218830, -1.000000
0.979999, 0.030000, 2.030002, 0.165113, 0.206493, -1.000000, 0.412793, -1.000000, 0.212383, -1.000000, 0.220999, -1.000000
0.979999, 0.040000, 2.020002, 0.170000, 0.208665, -1.000000, 0.412436, -1.000000, 0.214507, -1.000000, 0.223184, -1.000000
0.979999, 0.050000, 2.010002, 0.174813, 0.210855, -1.000000, 0.412079, -1.000000, 0.216647, -1.000000, 0.225384, -1.000000
0.979999, 0.060000, 2.000002, 0.179550, 0.213061, -1.000000, 0.411722, -1.000000, 0.218802, -1.000000, 0.227600, -1.000000
0.979999, 0.070000, 1.990002, 0.184213, 0.215283, -1.000000, 0.411381, -1.000000, 0.220972, -1.000000, 0.229831, -1.000000
0.979999, 0.080000, 1.980002, 0.188800, 0.217523, -1.000000, 0.411189, -1.000000, 0.223158, -1.000000, 0.232077, -1.000000
0.979999, 0.090000, 1.970002, 0.193313, 0.219779, -1.000000, 0.410998, -1.000000, 0.225359, -1.000000, 0.234338, -1.000000
0.979999, 0.100000, 1.960002, 0.197750, 0.222052, -1.000000, 0.410807, -1.000000, 0.227575, -1.000000, 0.236615, -1.000000
0.979999, 0.110000, 1.950002, 0.202113, 0.224342, -1.000000, 0.410616, -1.000000, 0.229807, -1.000000, 0.238907, -1.000000
0.979999, 0.120000, 1.940002, 0.206400, 0.226649, -1.000000, 0.410425, -1.000000, 0.232054, -1.000000, 0.241214, -1.000000
0.979999, 0.130000, 1.930002, 0.210613, 0.228972, -1.000000, 0.410234, -1.000000, 0.234316, -1.000000, 0.243536, -1.000000
0.979999, 0.140000, 1.920002, 0.214750, 0.231312, -1.000000, 0.410043, -1.000000, 0.236594, -1.000000, 0.245873, -1.000000
0.979999, 0.150000, 1.910002, 0.218813, 0.233669, -1.000000, 0.409852, -1.000000, 0.238887, -1.000000, 0.248225, -1.000000
0.979999, 0.160000, 1.900002, 0.222800, 0.236042, -1.000000, 0.409662, -1.000000, 0.241195, -1.000000, 0.250593, -1.000000
0.979999, 0.170000, 1.890002, 0.226713, 0.238432, -1.000000, 0.409471, -1.000000, 0.243518, -1.000000, 0.252975, -1.000000
0.979999, 0.180000, 1.880002, 0.230550, 0.240839, -1.000000, 0.409280, -1.000000, 0.245856, -1.000000, 0.255372, -1.000000
0.979999, 0.190000, 1.870002, 0.234313, 0.243262, -1.000000, 0.409089, -1.000000, 0.248209, -1.000000, 0.257785, -1.000000
0.979999, 0.200000, 1.860002, 0.238000, 0.245701, -1.000000, 0.408898, -1.000000, 0.250578, -1.000000, 0.260212, -1.000000
0.979999, 0.210000, 1.850002, 0.241613, 0.248157, -1.000000, 0.408707, -1.000000, 0.252961, -1.000000, 0.262653, -1.000000
0.979999, 0.220000, 1.840002, 0.245150, 0.250630, -1.000000, 0.408517, -1.000000, 0.255360, -1.000000, 0.265110, -1.000000
0.979999, 0.230000, 1.830002, 0.248613, 0.253118, -1.000000, 0.408326, -1.000000, 0.257773, -1.000000, 0.267581, -1.000000
0.979999, 0.240000, 1.820002, 0.252000, 0.255623, -1.000000, 0.408135, -1.000000, 0.260201, -1.000000, 0.270067, -1.000000
0.979999, 0.250000, 1.810002, 0.255313, 0.258145, -1.000000, 0.407945, -1.000000, 0.262644, -1.000000, 0.272567, -1.000000
0.979999, 0.260000, 1.800002, 0.258550, 0.260682, -1.000000, 0.407754, -1.000000, 0.265101, -1.000000, 0.275082, -1.000000
0.979999, 0.270000, 1.790002, 0.261713, 0.263235, -1.000000, 0.407564, -1.000000, 0.267574, -1.000000, 0.277611, -1.000000
0.979999, 0.280000, 1.780002, 0.264800, 0.265805, -1.000000, 0.407373, -1.000000, 0.270060, -1.000000, 0.280154, -1.000000
0.979999, 0.290000, 1.770002, 0.267813, 0.268390, -1.000000, 0.407182, -1.000000, 0.272562, -1.000000, 0.282711, -1.000000
0.979999, 0.300000, 1.760002, 0.270750, 0.270992, -1.000000, 0.406992, -1.000000, 0.275077, -1.000000, 0.285283, -1.000000
0.979999, 0.310000, 1.750002, 0.273613, 0.273609, -1.000000, 0.406801, -1.000000, 0.277608, -1.000000, 0.287868, -1.000000
0.979999, 0.320000, 1.740002, 0.276400, 0.276241, -1.000000, 0.406611, -1.000000, 0.280152, -1.000000, 0.290467, -1.000000
0.979999, 0.330000, 1.730002, 0.279113, 0.278890, -1.000000, 0.406421, -1.000000, 0.282710, -1.000000, 0.293081, -1.000000
0.979999, 0.340000, 1.720002, 0.281750, 0.281554, -1.000000, 0.406230, -1.000000, 0.285283, -1.000000, 0.295708, -1.000000
0.979999, 0.350000, 1.710002, 0.284313, 0.284233, -1.000000, 0.406040, -1.000000, 0.287870, -1.000000, 0.298348, -1.000000
0.979999, 0.360000, 1.700002, 0.286800, 0.286928, -1.000000, 0.405850, -1.000000, 0.290471, -1.000000, 0.301002, -1.000000
0.979999, 0.370000, 1.690002, 0.289213, 0.289637, -1.000000, 0.405659, -1.000000, 0.293085, -1.000000, 0.303670, -1.000000
0.979999, 0.380000, 1.680002, 0.291550, 0.292362, -1.000000, 0.405469, -1.000000, 0.295713, -1.000000, 0.306350, -1.000000
0.979999, 0.390000, 1.670002, 0.293813, 0.295102, -1.000000, 0.405279, -1.000000, 0.298355, -1.000000, 0.309044, -1.000000
0.979999, 0.400000, 1.660002, 0.296000, 0.297857, -1.000000, 0.405088, -1.000000, 0.301010, -1.000000, 0.311751, -1.000000
0.979999, 0.410000, 1.650002, 0.298113, 0.300627, -1.000000, 0.404898, -1.000000, 0.303679, -1.000000, 0.314471, -1.000000
0.979999, 0.420000, 1.640002, 0.300150, 0.303411, -1.000000, 0.404708, -1.000000, 0.306361, -1.000000, 0.317203, -1.000000
0.979999, 0.430000, 1.630002, 0.302113, 0.306209, -1.000000, 0.404518, -1.000000, 0.309056, -1.000000, 0.319949, -1.000000
0.979999, 0.440000, 1.620002, 0.304000, 0.309022, -1.000000, 0.404328, -1.000000, 0.311764, -1.000000, 0.322707, -1.000000
0.979999, 0.450000, 1.610002, 0.305813, 0.311169, -1.000000, 0.404138, -1.000000, 0.314486, -1.000000, 0.325477, -1.000000
0.979999, 0.460000, 1.600002, 0.307550, 0.313121, -1.000000, 0.403948, -1.000000, 0.317220, -1.000000, 0.328259, -1.000000
0.979999, 0.470000, 1.590002, 0.309213, 0.315080, -1.000000, 0.403758, -1.000000, 0.319966, -1.000000, 0.331054, -1.000000
0.979999, 0.480000, 1.580002, 0.310800, 0.317045, -1.000000, 0.403568, -1.000000, 0.322725, -1.000000, 0.333860, -1.000000
0.979999, 0.490000, 1.570002, 0.312313, 0.319017, -1.000000, 0.403378, -1.000000, 0.325497, -1.000000, 0.336679, -1.000000
0.979999, 0.500000, 1.560002, 0.313750, 0.320996, -1.000000, 0.403188, -1.000000, 0.328281, -1.000000, 0.339509, -1.000000
0.979999, 0.510000, 1.550002, 0.315113, 0.322981, -1.000000, 0.402998, -1.000000, 0.331077, -1.000000, 0.342350, -1.000000
0.979999, 0.520000, 1.540002, 0.316400, 0.324972, -1.000000, 0.402808, -1.000000, 0.333885, -1.000000, 0.345203, -1.000000
0.979999, 0.530000, 1.530002, 0.317613, 0.326970, -1.000000, 0.402618, -1.000000, 0.336705, -1.000000, 0.348067, -1.000000
0.979999, 0.540000, 1.520002, 0.318750, 0.328974, -1.000000, 0.402428, -1.000000, 0.339536, -1.000000, 0.350942, -1.000000
0.979999, 0.550000, 1.510002, 0.319813, 0.330984, -1.000000, 0.402238, -1.000000, 0.342379, -1.000000, 0.353828, -1.000000
0.979999, 0.560000, 1.500002, 0.320800, 0.333001, -1.000000, 0.402049, -1.000000, 0.345233, -1.000000, 0.356725, -1.000000
0.979999, 0.570000, 1.490002, 0.321713, 0.335023, -1.000000, 0.401859, -1.000000, 0.348099, -1.000000, 0.359632, -1.000000
0.979999, 0.580000, 1.480002, 0.322550, 0.337052, -1.000000, 0.401669, -1.000000, 0.350975, -1.000000, 0.362550, -1.000000
0.979999, 0.590000, 1.470002, 0.323313, 0.339086, -1.000000, 0.401480, -1.000000, 0.353863, -1.000000, 0.365477, -1.000000
0.979999, 0.600000, 1.460002, 0.324000, 0.341127, -1.000000, 0.401290, -1.000000, 0.356761, -1.000000, 0.368415, -1.000000
0.979999, 0.610000, 1.450002, 0.324613, 0.343174, -1.000000, 0.401100, -1.000000, 0.359670, -1.000000, 0.371362, -1.000000
0.979999, 0.620000, 1.440002, 0.325150, 0.345226, -1.000000, 0.400911, -1.000000, 0.362589, -1.000000, 0.374319, -1.000000
0.979999, 0.630000, 1.430002, 0.325613, 0.347284, -1.000000, 0.400721, -1.000000, 0.364946, -1.000000, 0.377286, -1.000000
0.979999, 0.640000, 1.420002, 0.326000, 0.349348, -1.000000, 0.400532, -1.000000, 0.364929, -1.000000, 0.380261, -1.000000
0.979999, 0.650000, 1.410002, 0.326313, 0.351418, -1.000000, 0.400342, -1.000000, 0.364913, -1.000000, 0.383246, -1.000000
0.979999, 0.660000, 1.400002, 0.326550, 0.351911, -1.000000, 0.400153, -1.000000, 0.364896, -1.000000, 0.386240, -1.000000
0.979999, 0.670000, 1.390002, 0.326713, 0.351949, -1.000000, 0.399963, -1.000000, 0.364880, -1.000000, 0.389242, -1.000000
0.979999, 0.680000, 1.380002, 0.326800, 0.351986, -1.000000, 0.399774, -1.000000, 0.364863, -1.000000, 0.391965, -1.000000
0.979999, 0.690000, 1.370002, 0.326813, 0.352024, -1.000000, 0.399585, -1.000000, 0.364847, -1.000000, 0.391961, -1.000000
0.979999, 0.700000, 1.360002, 0.326750, 0.352061, -1.000000, 0.399395, -1.000000, 0.364830, -1.000000, 0.391957, -1.000000
0.979999, 0.710000, 1.350002, 0.326613, 0.352099, -1.000000, 0.399206, -1.000000, 0.364814, -1.000000, 0.391953, -1.000000
0.979999, 0.720000, 1.340002, 0.326400, 0.352137, -1.000000, 0.399017, -1.000000, 0.364797, -1.000000, 0.391949, -1.000000
0.979999, 0.730000, 1.330002, 0.326113, 0.352174, -1.000000, 0.398827, -1.000000, 0.364780, -1.000000, 0.391946, -1.000000
0.979999, 0.740000, 1.320002, 0.325750, 0.352212, -1.000000, 0.398638, -1.000000, 0.364764, -1.000000, 0.391942, -1.000000
0.979999, 0.750000, 1.310002, 0.325313, 0.352249, -1.000000, 0.398449, -1.000000, 0.364747, -1.000000, 0.391938, -1.000000
0.979999, 0.760000, 1.300002, 0.324800, 0.352287, -1.000000, 0.398260, -1.000000, 0.364731, -1.000000, 0.391934, -1.000000
0.979999, 0.770000, 1.290002, 0.324213, 0.352324, -1.000000, 0.398071, -1.000000, 0.364714, -1.000000, 0.391930, -1.000000
0.979999, 0.780000, 1.280002, 0.323550, 0.352362, -1.000000, 0.397882, -1.000000, 0.364698, -1.000000, 0.391926, -1.000000
0.979999, 0.790000, 1.270002, 0.322813, 0.352400, -1.000000, 0.397692, -1.000000, 0.364681, -1.000000, 0.391922, -1.000000
0.979999, 0.800000, 1.260002, 0.322000, 0.352437, -1.000000, 0.397503, -1.000000, 0.364664, -1.000000, 0.391918, -1.000000
0.979999, 0.810000, 1.250002, 0.321113, 0.352475, -1.000000, 0.397314, -1.000000, 0.364648, -1.000000, 0.391914, -1.000000
0.979999, 0.820000, 1.240002, 0.320150, 0.352512, -1.000000, 0.397125, -1.000000, 0.364631, -1.000000, 0.391910, -1.000000
0.979999, 0.830000, 1.230002, 0.319113, 0.352550, -1.000000, 0.396936, -1.000000, 0.364615, -1.000000, 0.391906, -1.000000
0.979999, 0.839999, 1.220002, 0.318000, 0.352588, -1.000000, 0.396747, -1.000000, 0.364598, -1.000000, 0.391902, -1.000000
0.979999, 0.849999, 1.210002, 0.316813, 0.352625, -1.000000, 0.396559, -1.000000, 0.364582, -1.000000, 0.391898, -1.000000
0.979999, 0.859999, 1.200002, 0.315551, 0.352663, -1.000000, 0.396370, -1.000000, 0.364565, -1.000000, 0.391894, -1.000000
0.979999, 0.869999, 1.190002, 0.314213, 0.352700, -1.000000, 0.396181, -1.000000, 0.364549, -1.000000, 0.391890, -1.000000
0.979999, 0.879999, 1.180002, 0.312800, 0.352738, -1.000000, 0.395992, -1.000000, 0.364520, -1.000000, 0.391886, -1.000000
0.979999, 0.889999, 1.170002, 0.311313, 0.352776, -1.000000, 0.395803, -1.000000, 0.364438, -1.000000, 0.391882, -1.000000
0.979999, 0.899999, 1.160002, 0.309751, 0.352813, -1.000000, 0.395615, -1.000000, 0.364356, -1.000000, 0.391879, -1.000000
0.979999, 0.909999, 1.150002, 0.308113, 0.352851, -1.000000, 0.395426, -1.000000, 0.364274, -1.000000, 0.391875, -1.000000
0.979999, 0.919999, 1.140002, 0.306401, 0.352888, -1.000000, 0.395237, -1.000000, 0.364192, -1.000000, 0.391871, -1.000000
0.979999, 0.929999, 1.130002, 0.304613, 0.352926, -1.000000, 0.395049, -1.000000, 0.364110, -1.000000, 0.391867, -1.000000
0.979999, 0.939999, 1.120003, 0.302751, 0.352963, -1.000000, 0.394860, -1.000000, 0.364028, -1.000000, 0.391863, -1.000000
0.979999, 0.949999, 1.110003, 0.300813, 0.353001, -1.000000, 0.394671, -1.000000, 0.363946, -1.000000, 0.391859, -1.000000
0.979999, 0.959999, 1.100003, 0.298801, 0.353039, -1.000000, 0.394483, -1.000000, 0.363864, -1.000000, 0.391855, -1.000000
0.979999, 0.969999, 1.090003, 0.296713, 0.353076, -1.000000, 0.394294, -1.000000, 0.363782, -1.000000, 0.391851, -1.000000
0.979999, 0.979999, 1.080003, 0.294551, 0.353114, -1.000000, 0.394106, -1.000000, 0.363700, -1.000000, 0.391847, -1.000000
0.979999, 0.989999, 1.070003, 0.292313, 0.353152, -1.000000, 0.393917, -1.000000, 0.363617, -1.000000, 0.391843, -1.000000
0.979999, 0.999999, 1.060003, 0.290001, 0.353189, -1.000000, 0.393729, -1.000000, 0.363535, -1.000000, 0.391839, -1.000000
0.989999, 0.000000, 2.030002, 0.150000, 0.200003, 0.732870, 0.414103, 0.996538, 0.206009, 0.806326, 0.214198, 0.995219
0.989999, 0.010000, 2.020002, 0.155038, 0.202074, -1.000000, 0.413712, -1.000000, 0.208086, -1.000000, 0.216334, -1.000000
0.989999, 0.020000, 2.010002, 0.160000, 0.204182, -1.000000, 0.413355, -1.000000, 0.210179, -1.000000, 0.218486, -1.000000
0.989999, 0.030000, 2.000002, 0.164888, 0.206336, -1.000000, 0.412997, -1.000000, 0.212287, -1.000000, 0.220653, -1.000000
0.989999, 0.040000, 1.990002, 0.169700, 0.208507, -1.000000, 0.412640, -1.000000, 0.214410, -1.000000, 0.222835, -1.000000
0.989999, 0.050000, 1.980002, 0.174438, 0.210695, -1.000000, 0.412283, -1.000000, 0.216549, -1.000000, 0.225033, -1.000000
0.989999, 0.060000, 1.970002, 0.179100, 0.212900, -1.000000, 0.411926, -1.000000, 0.218703, -1.000000, 0.227246, -1.000000
0.989999, 0.070000, 1.960002, 0.183688, 0.215122, -1.000000, 0.411569, -1.000000, 0.220873, -1.000000, 0.229474, -1.000000
0.989999, 0.080000, 1.950002, 0.188200, 0.217360, -1.000000, 0.411300, -1.000000, 0.223058, -1.000000, 0.231718, -1.000000
0.989999, 0.090000, 1.940002, 0.192638, 0.219615, -1.000000, 0.411109, -1.000000, 0.225258, -1.000000, 0.233977, -1.000000
0.989999, 0.100000, 1.930002, 0.197000, 0.221887, -1.000000, 0.410918, -1.000000, 0.227474, -1.000000, 0.236251, -1.000000
0.989999, 0.110000, 1.920002, 0.201288, 0.224176, -1.000000, 0.410727, -1.000000, 0.229705, -1.000000, 0.238541, -1.000000
0.989999, 0.120000, 1.910002, 0.205500, 0.226481, -1.000000, 0.410536, -1.000000, 0.231951, -1.000000, 0.240845, -1.000000
0.989999, 0.130000, 1.900002, 0.209638, 0.228804, -1.000000, 0.410345, -1.000000, 0.234213, -1.000000, 0.243165, -1.000000
0.989999, 0.140000, 1.890002, 0.213700, 0.231142, -1.000000, 0.410154, -1.000000, 0.236490, -1.000000, 0.245500, -1.000000
0.989999, 0.150000, 1.880002, 0.217688, 0.233498, -1.000000, 0.409963, -1.000000, 0.238782, -1.000000, 0.247850, -1.000000
0.989999, 0.160000, 1.870002, 0.221600, 0.235870, -1.000000, 0.409772, -1.000000, 0.241089, -1.000000, 0.250215, -1.000000
0.989999, 0.170000, 1.860002, 0.225438, 0.238259, -1.000000, 0.409581, -1.000000, 0.243411, -1.000000, 0.252595, -1.000000
0.989999, 0.180000, 1.850002, 0.229200, 0.240664, -1.000000, 0.409390, -1.000000, 0.245749, -1.000000, 0.254990, -1.000000
0.989999, 0.190000, 1.840002, 0.232888, 0.243086, -1.000000, 0.409199, -1.000000, 0.248102, -1.000000, 0.257400, -1.000000
0.989999, 0.200000, 1.830002, 0.236500, 0.245524, -1.000000, 0.409009, -1.000000, 0.250469, -1.000000, 0.259824, -1.000000
0.989999, 0.210000, 1.820002, 0.240038, 0.247979, -1.000000, 0.408818, -1.000000, 0.252852, -1.000000, 0.262264, -1.000000
0.989999, 0.220000, 1.810002, 0.243500, 0.250450, -1.000000, 0.408627, -1.000000, 0.255250, -1.000000, 0.264718, -1.000000
0.989999, 0.230000, 1.800002, 0.246888, 0.252938, -1.000000, 0.408436, -1.000000, 0.257662, -1.000000, 0.267187, -1.000000
0.989999, 0.240000, 1.790002, 0.250200, 0.255442, -1.000000, 0.408246, -1.000000, 0.260090, -1.000000, 0.269670, -1.000000
0.989999, 0.250000, 1.780002, 0.253438, 0.257962, -1.000000, 0.408055, -1.000000, 0.262532, -1.000000, 0.272168, -1.000000
0.989999, 0.260000, 1.770002, 0.256600, 0.260498, -1.000000, 0.407864, -1.000000, 0.264989, -1.000000, 0.274680, -1.000000
0.989999, 0.270000, 1.760002, 0.259688, 0.263050, -1.000000, 0.407674, -1.000000, 0.267460, -1.000000, 0.277207, -1.000000
0.989999, 0.280000, 1.750002, 0.262700, 0.265618, -1.000000, 0.407483, -1.000000, 0.269947, -1.000000, 0.279748, -1.000000
0.989999, 0.290000, 1.740002, 0.265638, 0.268203, -1.000000, 0.407293, -1.000000, 0.272447, -1.000000, 0.282303, -1.000000
0.989999, 0.300000, 1.730002, 0.268500, 0.270803, -1.000000, 0.407102, -1.000000, 0.274962, -1.000000, 0.284872, -1.000000
0.989999, 0.310000, 1.720002, 0.271288, 0.273419, -1.000000, 0.406912, -1.000000, 0.277492, -1.000000, 0.287455, -1.000000
0.989999, 0.320000, 1.710002, 0.274000, 0.276050, -1.000000, 0.406721, -1.000000, 0.280036, -1.000000, 0.290053, -1.000000
0.989999, 0.330000, 1.700002, 0.276638, 0.278698, -1.000000, 0.406531, -1.000000, 0.282593, -1.000000, 0.292664, -1.000000
0.989999, 0.340000, 1.690002, 0.279200, 0.281360, -1.000000, 0.406340, -1.000000, 0.285166, -1.000000, 0.295288, -1.000000
0.989999, 0.350000, 1.680002, 0.281688, 0.284039, -1.000000, 0.406150, -1.000000, 0.287752, -1.000000, 0.297927, -1.000000
0.989999, 0.360000, 1.670002, 0.284100, 0.286732, -1.000000, 0.405960, -1.000000, 0.290352, -1.000000, 0.300579, -1.000000
0.989999, 0.370000, 1.660002, 0.286438, 0.289441, -1.000000, 0.405769, -1.000000, 0.292965, -1.000000, 0.303244, -1.000000
0.989999, 0.380000, 1.650002, 0.288700, 0.292165, -1.000000, 0.405579, -1.000000, 0.295593, -1.000000, 0.305923, -1.000000
0.989999, 0.390000, 1.640002, 0.290888, 0.294903, -1.000000, 0.405389, -1.000000, 0.298234, -1.000000, 0.308614, -1.000000
0.989999, 0.400000, 1.630002, 0.293000, 0.297657, -1.000000, 0.405198, -1.000000, 0.300889, -1.000000, 0.311319, -1.000000
0.989999, 0.410000, 1.620002, 0.295038, 0.300426, -1.000000, 0.405008, -1.000000, 0.303557, -1.000000, 0.314037, -1.000000
0.989999, 0.420000, 1.610002, 0.297000, 0.303209, -1.000000, 0.404818, -1.000000, 0.306238, -1.000000, 0.316768, -1.000000
0.989999, 0.430000, 1.600002, 0.298888, 0.306006, -1.000000, 0.404628, -1.000000, 0.308933, -1.000000, 0.319511, -1.000000
0.989999, 0.440000, 1.590002, 0.300700, 0.308818, -1.000000, 0.404438, -1.000000, 0.311641, -1.000000, 0.322267, -1.000000
0.989999, 0.450000, 1.580002, 0.302438, 0.310881, -1.000000, 0.404248, -1.000000, 0.314361, -1.000000, 0.325035, -1.000000
0.989999, 0.460000, 1.570002, 0.304100, 0.312832, -1.000000, 0.404058, -1.000000, 0.317095, -1.000000, 0.327815, -1.000000
0.989999, 0.470000, 1.560002, 0.305688, 0.314790, -1.000000, 0.403868, -1.000000, 0.319841, -1.000000, 0.330608, -1.000000
0.989999, 0.480000, 1.550002, 0.307200, 0.316755, -1.000000, 0.403678, -1.000000, 0.322599, -1.000000, 0.333413, -1.000000
0.989999, 0.490000, 1.540002, 0.308638, 0.318726, -1.000000, 0.403488, -1.000000, 0.325370, -1.000000, 0.336229, -1.000000
0.989999, 0.500000, 1.530002, 0.310000, 0.320703, -1.000000, 0.403298, -1.000000, 0.328154, -1.000000, 0.339057, -1.000000
0.989999, 0.510000, 1.520002, 0.311288, 0.322687, -1.000000, 0.403108, -1.000000, 0.330949, -1.000000, 0.341897, -1.000000
0.989999, 0.520000, 1.510002, 0.312500, 0.324678, -1.000000, 0.402918, -1.000000, 0.333756, -1.000000, 0.344748, -1.000000
0.989999, 0.530000, 1.500002, 0.313638, 0.326675, -1.000000, 0.402728, -1.000000, 0.336576, -1.000000, 0.347610, -1.000000
0.989999, 0.540000, 1.490002, 0.314700, 0.328678, -1.000000, 0.402538, -1.000000, 0.339407, -1.000000, 0.350484, -1.000000
0.989999, 0.550000, 1.480002, 0.315688, 0.330687, -1.000000, 0.402348, -1.000000, 0.342249, -1.000000, 0.353368, -1.000000
0.989999, 0.560000, 1.470002, 0.316600, 0.332702, -1.000000, 0.402158, -1.000000, 0.345103, -1.000000, 0.356263, -1.000000
0.989999, 0.570000, 1.460002, 0.317438, 0.334724, -1.000000, 0.401969, -1.000000, 0.347968, -1.000000, 0.359168, -1.000000
0.989999, 0.580000, 1.450002, 0.318200, 0.336752, -1.000000, 0.401779, -1.000000, 0.350844, -1.000000, 0.362084, -1.000000
0.989999, 0.590000, 1.440002, 0.318888, 0.338786, -1.000000, 0.401589, -1.000000, 0.353731, -1.000000, 0.365010, -1.000000
0.989999, 0.600000, 1.430002, 0.319500, 0.340825, -1.000000, 0.401400, -1.000000, 0.356629, -1.000000, 0.367946, -1.000000
0.989999, 0.610000, 1.420002, 0.320038, 0.342871, -1.000000, 0.401210, -1.000000, 0.359537, -1.000000, 0.370892, -1.000000
0.989999, 0.620000, 1.410002, 0.320500, 0.344923, -1.000000, 0.401020, -1.000000, 0.362455, -1.000000, 0.373848, -1.000000
0.989999, 0.630000, 1.400002, 0.320888, 0.346980, -1.000000, 0.400831, -1.000000, 0.364871, -1.000000, 0.376813, -1.000000
0.989999, 0.640000, 1.390002, 0.321200, 0.349043, -1.000000, 0.400641, -1.000000, 0.364855, -1.000000, 0.379787, -1.000000
0.989999, 0.650000, 1.380002, 0.321438, 0.351112, -1.000000, 0.400452, -1.000000, 0.364838, -1.000000, 0.382770, -1.000000
0.989999, 0.660000, 1.370002, 0.321600, 0.351892, -1.000000, 0.400262, -1.000000, 0.364822, -1.000000, 0.385763, -1.000000
0.989999, 0.670000, 1.360002, 0.321688, 0.351930, -1.000000, 0.400073, -1.000000, 0.364805, -1.000000, 0.388763, -1.000000
0.989999, 0.680000, 1.350002, 0.321700, 0.351968, -1.000000, 0.399883, -1.000000, 0.364788, -1.000000, 0.391773, -1.000000
0.989999, 0.690000, 1.340002, 0.321638, 0.352005, -1.000000, 0.399694, -1.000000, 0.364772, -1.000000, 0.391949, -1.000000
0.989999, 0.700000, 1.330002, 0.321500, 0.352043, -1.000000, 0.399505, -1.000000, 0.364755, -1.000000, 0.391945, -1.000000
0.989999, 0.710000, 1.320002, 0.321288, 0.352080, -1.000000, 0.399315, -1.000000, 0.364739, -1.000000, 0.391941, -1.000000
0.989999, 0.720000, 1.310002, 0.321000, 0.352118, -1.000000, 0.399126, -1.000000, 0.364722, -1.000000, 0.391937, -1.000000
0.989999, 0.730000, 1.300002, 0.320638, 0.352155, -1.000000, 0.398937, -1.000000, 0.364706, -1.000000, 0.391933, -1.000000
0.989999, 0.740000, 1.290002, 0.320200, 0.352193, -1.000000, 0.398748, -1.000000, 0.364689, -1.000000, 0.391929, -1.000000
0.989999, 0.750000, 1.280002, 0.319688, 0.352230, -1.000000, 0.398558, -1.000000, 0.364672, -1.000000, 0.391925, -1.000000
0.989999, 0.760000, 1.270002, 0.319100, 0.352268, -1.000000, 0.398369, -1.000000, 0.364656, -1.000000, 0.391921, -1.000000
0.989999, 0.770000, 1.260002, 0.318438, 0.352306, -1.000000, 0.398180, -1.000000, 0.364639, -1.000000, 0.391917, -1.000000
0.989999, 0.780000, 1.250002, 0.317700, 0.352343, -1.000000, 0.397991, -1.000000, 0.364623, -1.000000, 0.391913, -1.000000
0.989999, 0.790000, 1.240002, 0.316888, 0.352381, -1.000000, 0.397802, -1.000000, 0.364606, -1.000000, 0.391909, -1.000000
0.989999, 0.800000, 1.230002, 0.316000, 0.352418, -1.000000, 0.397613, -1.000000, 0.364590, -1.000000, 0.391905, -1.000000
0.989999, 0.810000, 1.220002, 0.315038, 0.352456, -1.000000, 0.397424, -1.000000, 0.364573, -1.000000, 0.391901, -1.000000
0.989999, 0.820000, 1.210002, 0.314000, 0.352494, -1.000000, 0.397235, -1.000000, 0.364557, -1.000000, 0.391897, -1.000000
0.989999, 0.830000, 1.200002, 0.312888, 0.352531, -1.000000, 0.397046, -1.000000, 0.364540, -1.000000, 0.391893, -1.000000
0.989999, 0.839999, 1.190002, 0.311700, 0.352569, -1.000000, 0.396857, -1.000000, 0.364523, -1.000000, 0.391889, -1.000000
0.989999, 0.849999, 1.180002, 0.310438, 0.352606, -1.000000, 0.396668, -1.000000, 0.364507, -1.000000, 0.391886, -1.000000
0.989999, 0.859999, 1.170002, 0.309101, 0.352644, -1.000000, 0.396479, -1.000000, 0.364490, -1.000000, 0.391882, -1.000000
0.989999, 0.869999, 1.160002, 0.307688, 0.352681, -1.000000, 0.396290, -1.000000, 0.364474, -1.000000, 0.391878, -1.000000
0.989999, 0.879999, 1.150002, 0.306201, 0.352719, -1.000000, 0.396101, -1.000000, 0.364457, -1.000000, 0.391874, -1.000000
0.989999, 0.889999, 1.140002, 0.304638, 0.352757, -1.000000, 0.395913, -1.000000, 0.364392, -1.000000, 0.391870, -1.000000
0.989999, 0.899999, 1.130002, 0.303001, 0.352794, -1.000000, 0.395724, -1.000000, 0.364310, -1.000000, 0.391866, -1.000000
0.989999, 0.909999, 1.120003, 0.301288, 0.352832, -1.000000, 0.395535, -1.000000, 0.364228, -1.000000, 0.391862, -1.000000
0.989999, 0.919999, 1.110003, 0.299501, 0.352869, -1.000000, 0.395346, -1.000000, 0.364146, -1.000000, 0.391858, -1.000000
0.989999, 0.929999, 1.100003, 0.297638, 0.352907, -1.000000, 0.395158, -1.000000, 0.364064, -1.000000, 0.391854, -1.000000
0.989999, 0.939999, 1.090003, 0.295701, 0.352945, -1.000000, 0.394969, -1.000000, 0.363982, -1.000000, 0.391850, -1.000000
0.989999, 0.949999, 1.080003, 0.293688, 0.352982, -1.000000, 0.394780, -1.000000, 0.363900, -1.000000, 0.391846, -1.000000
0.989999, 0.959999, 1.070003, 0.291601, 0.353020, -1.000000, 0.394592, -1.000000, 0.363818, -1.000000, 0.391842, -1.000000
0.989999, 0.969999, 1.060003, 0.289438, 0.353057, -1.000000, 0.394403, -1.000000, 0.363735, -1.000000, 0.391838, -1.000000
0.989999, 0.979999, 1.050003, 0.287201, 0.353095, -1.000000, 0.394215, -1.000000, 0.363653, -1.000000, 0.391834, -1.000000
0.989999, 0.989999, 1.040003, 0.284888, 0.353133, -1.000000, 0.394026, -1.000000, 0.363571, -1.000000, 0.391830, -1.000000
0.989999, 0.999999, 1.030003, 0.282501, 0.353170, -1.000000, 0.393838, -1.000000, 0.363489, -1.000000, 0.391826, -1.000000
0.999999, 0.000000, 2.000002, 0.150000, 0.199900, 0.732869, 0.414321, 0.996550, 0.205915, 0.806326, 0.213859, 0.995291
0.999999, 0.010000, 1.990002, 0.154963, 0.201970, -1.000000, 0.413916, -1.000000, 0.207991, -1.000000, 0.215993, -1.000000
0.999999, 0.020000, 1.980002, 0.159850, 0.204057, -1.000000, 0.413559, -1.000000, 0.210083, -1.000000, 0.218142, -1.000000
0.999999, 0.030000, 1.970002, 0.164663, 0.206180, -1.000000, 0.413202, -1.000000, 0.212190, -1.000000, 0.220307, -1.000000
0.999999, 0.040000, 1.960002, 0.169400, 0.208350, -1.000000, 0.412844, -1.000000, 0.214313, -1.000000, 0.222487, -1.000000
0.999999, 0.050000, 1.950002, 0.174063, 0.210536, -1.000000, 0.412487, -1.000000, 0.216451, -1.000000, 0.224682, -1.000000
0.999999, 0.060000, 1.940002, 0.178650, 0.212740, -1.000000, 0.412130, -1.000000, 0.218605, -1.000000, 0.226893, -1.000000
0.999999, 0.070000, 1.930002, 0.183163, 0.214960, -1.000000, 0.411773, -1.000000, 0.220773, -1.000000, 0.229118, -1.000000
0.999999, 0.080000, 1.920002, 0.187600, 0.217198, -1.000000, 0.411417, -1.000000, 0.222958, -1.000000, 0.231360, -1.000000
0.999999, 0.090000, 1.910002, 0.191963, 0.219452, -1.000000, 0.411219, -1.000000, 0.225157, -1.000000, 0.233616, -1.000000
0.999999, 0.100000, 1.900002, 0.196250, 0.221722, -1.000000, 0.411028, -1.000000, 0.227372, -1.000000, 0.235888, -1.000000
0.999999, 0.110000, 1.890002, 0.200463, 0.224010, -1.000000, 0.410837, -1.000000, 0.229603, -1.000000, 0.238175, -1.000000
0.999999, 0.120000, 1.880002, 0.204600, 0.226314, -1.000000, 0.410646, -1.000000, 0.231848, -1.000000, 0.240477, -1.000000
0.999999, 0.130000, 1.870002, 0.208663, 0.228635, -1.000000, 0.410455, -1.000000, 0.234109, -1.000000, 0.242795, -1.000000
0.999999, 0.140000, 1.860002, 0.212650, 0.230972, -1.000000, 0.410264, -1.000000, 0.236385, -1.000000, 0.245127, -1.000000
0.999999, 0.150000, 1.850002, 0.216563, 0.233327, -1.000000, 0.410073, -1.000000, 0.238677, -1.000000, 0.247475, -1.000000
0.999999, 0.160000, 1.840002, 0.220400, 0.235698, -1.000000, 0.409882, -1.000000, 0.240983, -1.000000, 0.249837, -1.000000
0.999999, 0.170000, 1.830002, 0.224163, 0.238085, -1.000000, 0.409691, -1.000000, 0.243305, -1.000000, 0.252215, -1.000000
0.999999, 0.180000, 1.820002, 0.227850, 0.240489, -1.000000, 0.409501, -1.000000, 0.245642, -1.000000, 0.254607, -1.000000
0.999999, 0.190000, 1.810002, 0.231463, 0.242910, -1.000000, 0.409310, -1.000000, 0.247994, -1.000000, 0.257015, -1.000000
0.999999, 0.200000, 1.800002, 0.235000, 0.245347, -1.000000, 0.409119, -1.000000, 0.250361, -1.000000, 0.259437, -1.000000
0.999999, 0.210000, 1.790002, 0.238463, 0.247801, -1.000000, 0.408928, -1.000000, 0.252743, -1.000000, 0.261874, -1.000000
0.999999, 0.220000, 1.780002, 0.241850, 0.250271, -1.000000, 0.408737, -1.000000, 0.255140, -1.000000, 0.264326, -1.000000
0.999999, 0.230000, 1.770002, 0.245163, 0.252757, -1.000000, 0.408547, -1.000000, 0.257552, -1.000000, 0.266793, -1.000000
0.999999, 0.240000, 1.760002, 0.248400, 0.255260, -1.000000, 0.408356, -1.000000, 0.259979, -1.000000, 0.269274, -1.000000
0.999999, 0.250000, 1.750002, 0.251563, 0.257779, -1.000000, 0.408165, -1.000000, 0.262420, -1.000000, 0.271769, -1.000000
0.999999, 0.260000, 1.740002, 0.254650, 0.260314, -1.000000, 0.407975, -1.000000, 0.264876, -1.000000, 0.274279, -1.000000
0.999999, 0.270000, 1.730002, 0.257663, 0.262865, -1.000000, 0.407784, -1.000000, 0.267347, -1.000000, 0.276804, -1.000000
0.999999, 0.280000, 1.720002, 0.260600, 0.265432, -1.000000, 0.407593, -1.000000, 0.269833, -1.000000, 0.279342, -1.000000
0.999999, 0.290000, 1.710002, 0.263463, 0.268015, -1.000000, 0.407403, -1.000000, 0.272333, -1.000000, 0.281895, -1.000000
0.999999, 0.300000, 1.700002, 0.266250, 0.270614, -1.000000, 0.407212, -1.000000, 0.274847, -1.000000, 0.284462, -1.000000
0.999999, 0.310000, 1.690002, 0.268963, 0.273229, -1.000000, 0.407022, -1.000000, 0.277376, -1.000000, 0.287043, -1.000000
0.999999, 0.320000, 1.680002, 0.271600, 0.275859, -1.000000, 0.406831, -1.000000, 0.279919, -1.000000, 0.289638, -1.000000
0.999999, 0.330000, 1.670002, 0.274163, 0.278505, -1.000000, 0.406641, -1.000000, 0.282476, -1.000000, 0.292247, -1.000000
0.999999, 0.340000, 1.660002, 0.276650, 0.281167, -1.000000, 0.406450, -1.000000, 0.285048, -1.000000, 0.294870, -1.000000
0.999999, 0.350000, 1.650002, 0.279063, 0.283844, -1.000000, 0.406260, -1.000000, 0.287633, -1.000000, 0.297506, -1.000000
0.999999, 0.360000, 1.640002, 0.281400, 0.286537, -1.000000, 0.406070, -1.000000, 0.290233, -1.000000, 0.300156, -1.000000
0.999999, 0.370000, 1.630002, 0.283663, 0.289244, -1.000000, 0.405879, -1.000000, 0.292846, -1.000000, 0.302819, -1.000000
0.999999, 0.380000, 1.620002, 0.285850, 0.291967, -1.000000, 0.405689, -1.000000, 0.295473, -1.000000, 0.305495, -1.000000
0.999999, 0.390000, 1.610002, 0.287963, 0.294705, -1.000000, 0.405499, -1.000000, 0.298113, -1.000000, 0.308185, -1.000000
0.999999, 0.400000, 1.600002, 0.290000, 0.297457, -1.000000, 0.405308, -1.000000, 0.300767, -1.000000, 0.310888, -1.000000
0.999999, 0.410000, 1.590002, 0.291963, 0.300225, -1.000000, 0.405118, -1.000000, 0.303435, -1.000000, 0.313603, -1.000000
0.999999, 0.420000, 1.580002, 0.293850, 0.303007, -1.000000, 0.404928, -1.000000, 0.306116, -1.000000, 0.316332, -1.000000
0.999999, 0.430000, 1.570002, 0.295663, 0.305803, -1.000000, 0.404738, -1.000000, 0.308810, -1.000000, 0.319073, -1.000000
0.999999, 0.440000, 1.560002, 0.297400, 0.308614, -1.000000, 0.404548, -1.000000, 0.311517, -1.000000, 0.321827, -1.000000
0.999999, 0.450000, 1.550002, 0.299063, 0.310594, -1.000000, 0.404358, -1.000000, 0.314237, -1.000000, 0.324593, -1.000000
0.999999, 0.460000, 1.540002, 0.300650, 0.312544, -1.000000, 0.404168, -1.000000, 0.316970, -1.000000, 0.327372, -1.000000
0.999999, 0.470000, 1.530002, 0.302163, 0.314501, -1.000000, 0.403977, -1.000000, 0.319715, -1.000000, 0.330163, -1.000000
0.999999, 0.480000, 1.520002, 0.303600, 0.316464, -1.000000, 0.403787, -1.000000, 0.322473, -1.000000, 0.332965, -1.000000
0.999999, 0.490000, 1.510002, 0.304963, 0.318434, -1.000000, 0.403597, -1.000000, 0.325244, -1.000000, 0.335780, -1.000000
0.999999, 0.500000, 1.500002, 0.306250, 0.320411, -1.000000, 0.403407, -1.000000, 0.328026, -1.000000, 0.338606, -1.000000
0.999999, 0.510000, 1.490002, 0.307463, 0.322394, -1.000000, 0.403217, -1.000000, 0.330821, -1.000000, 0.341444, -1.000000
0.999999, 0.520000, 1.480002, 0.308600, 0.324383, -1.000000, 0.403028, -1.000000, 0.333628, -1.000000, 0.344293, -1.000000
0.999999, 0.530000, 1.470002, 0.309663, 0.326379, -1.000000, 0.402838, -1.000000, 0.336447, -1.000000, 0.347154, -1.000000
0.999999, 0.540000, 1.460002, 0.310650, 0.328381, -1.000000, 0.402648, -1.000000, 0.339277, -1.000000, 0.350026, -1.000000
0.999999, 0.550000, 1.450002, 0.311563, 0.330390, -1.000000, 0.402458, -1.000000, 0.342119, -1.000000, 0.352908, -1.000000
0.999999, 0.560000, 1.440002, 0.312400, 0.332404, -1.000000, 0.402268, -1.000000, 0.344972, -1.000000, 0.355801, -1.000000
0.999999, 0.570000, 1.430002, 0.313163, 0.334425, -1.000000, 0.402078, -1.000000, 0.347837, -1.000000, 0.358705, -1.000000
0.999999, 0.580000, 1.420002, 0.313850, 0.336452, -1.000000, 0.401889, -1.000000, 0.350713, -1.000000, 0.361619, -1.000000
0.999999, 0.590000, 1.410002, 0.314463, 0.338485, -1.000000, 0.401699, -1.000000, 0.353599, -1.000000, 0.364544, -1.000000
0.999999, 0.600000, 1.400002, 0.315000, 0.340524, -1.000000, 0.401509, -1.000000, 0.356496, -1.000000, 0.367478, -1.000000
0.999999, 0.610000, 1.390002, 0.315463, 0.342569, -1.000000, 0.401320, -1.000000, 0.359404, -1.000000, 0.370423, -1.000000
0.999999, 0.620000, 1.380002, 0.315850, 0.344619, -1.000000, 0.401130, -1.000000, 0.362322, -1.000000, 0.373377, -1.000000
0.999999, 0.630000, 1.370002, 0.316163, 0.346676, -1.000000, 0.400940, -1.000000, 0.364796, -1.000000, 0.376340, -1.000000
0.999999, 0.640000, 1.360002, 0.316400, 0.348738, -1.000000, 0.400751, -1.000000, 0.364780, -1.000000, 0.379313, -1.000000
0.999999, 0.650000, 1.350002, 0.316563, 0.350806, -1.000000, 0.400561, -1.000000, 0.364763, -1.000000, 0.382295, -1.000000
0.999999, 0.660000, 1.340002, 0.316650, 0.351874, -1.000000, 0.400372, -1.000000, 0.364747, -1.000000, 0.385286, -1.000000
0.999999, 0.670000, 1.330002, 0.316663, 0.351911, -1.000000, 0.400182, -1.000000, 0.364730, -1.000000, 0.388285, -1.000000
0.999999, 0.680000, 1.320002, 0.316600, 0.351949, -1.000000, 0.399993, -1.000000, 0.364714, -1.000000, 0.391293, -1.000000
0.999999, 0.690000, 1.310002, 0.316463, 0.351986, -1.000000, 0.399804, -1.000000, 0.364697, -1.000000, 0.391936, -1.000000
0.999999, 0.700000, 1.300002, 0.316250, 0.352024, -1.000000, 0.399614, -1.000000, 0.364680, -1.000000, 0.391932, -1.000000
0.999999, 0.710000, 1.290002, 0.315963, 0.352061, -1.000000, 0.399425, -1.000000, 0.364664, -1.000000, 0.391928, -1.000000
0.999999, 0.720000, 1.280002, 0.315600, 0.352099, -1.000000, 0.399236, -1.000000, 0.364647, -1.000000, 0.391924, -1.000000
0.999999, 0.730000, 1.270002, 0.315163, 0.352137, -1.000000, 0.399046, -1.000000, 0.364631, -1.000000, 0.391920, -1.000000
0.999999, 0.740000, 1.260002, 0.314650, 0.352174, -1.000000, 0.398857, -1.000000, 0.364614, -1.000000, 0.391916, -1.000000
0.999999, 0.750000, 1.250002, 0.314063, 0.352212, -1.000000, 0.398668, -1.000000, 0.364598, -1.000000, 0.391912, -1.000000
0.999999, 0.760000, 1.240002, 0.313400, 0.352249, -1.000000, 0.398479, -1.000000, 0.364581, -1.000000, 0.391908, -1.000000
0.999999, 0.770000, 1.230002, 0.312663, 0.352287, -1.000000, 0.398289, -1.000000, 0.364565, -1.000000, 0.391904, -1.000000
0.999999, 0.780000, 1.220002, 0.311850, 0.352324, -1.000000, 0.398100, -1.000000, 0.364548, -1.000000, 0.391900, -1.000000
0.999999, 0.790000, 1.210002, 0.310963, 0.352362, -1.000000, 0.397911, -1.000000, 0.364531, -1.000000, 0.391896, -1.000000
0.999999, 0.800000, 1.200002, 0.310000, 0.352400, -1.000000, 0.397722, -1.000000, 0.364515, -1.000000, 0.391893, -1.000000
0.999999, 0.810000, 1.190002, 0.308963, 0.352437, -1.000000, 0.397533, -1.000000, 0.364498, -1.000000, 0.391889, -1.000000
0.999999, 0.820000, 1.180002, 0.307850, 0.352475, -1.000000, 0.397344, -1.000000, 0.364482, -1.000000, 0.391885, -1.000000
0.999999, 0.830000, 1.170002, 0.306663, 0.352512, -1.000000, 0.397155, -1.000000, 0.364465, -1.000000, 0.391881, -1.000000
0.999999, 0.839999, 1.160002, 0.305400, 0.352550, -1.000000, 0.396966, -1.000000, 0.364449, -1.000000, 0.391877, -1.000000
0.999999, 0.849999, 1.150002, 0.304063, 0.352587, -1.000000, 0.396777, -1.000000, 0.364432, -1.000000, 0.391873, -1.000000
0.999999, 0.859999, 1.140002, 0.302651, 0.352625, -1.000000, 0.396588, -1.000000, 0.364416, -1.000000, 0.391869, -1.000000
0.999999, 0.869999, 1.130002, 0.301163, 0.352663, -1.000000, 0.396399, -1.000000, 0.364399, -1.000000, 0.391865, -1.000000
0.999999, 0.879999, 1.120003, 0.299601, 0.352700, -1.000000, 0.396210, -1.000000, 0.364382, -1.000000, 0.391861, -1.000000
0.999999, 0.889999, 1.110003, 0.297963, 0.352738, -1.000000, 0.396022, -1.000000, 0.364346, -1.000000, 0.391857, -1.000000
0.999999, 0.899999, 1.100003, 0.296251, 0.352775, -1.000000, 0.395833, -1.000000, 0.364264, -1.000000, 0.391853, -1.000000
0.999999, 0.909999, 1.090003, 0.294463, 0.352813, -1.000000, 0.395644, -1.000000, 0.364182, -1.000000, 0.391849, -1.000000
0.999999, 0.919999, 1.080003, 0.292601, 0.352851, -1.000000, 0.395455, -1.000000, 0.364100, -1.000000, 0.391845, -1.000000
0.999999, 0.929999, 1.070003, 0.290663, 0.352888, -1.000000, 0.395267, -1.000000, 0.364018, -1.000000, 0.391841, -1.000000
0.999999, 0.939999, 1.060003, 0.288651, 0.352926, -1.000000, 0.395078, -1.000000, 0.363936, -1.000000, 0.391837, -1.000000
0.999999, 0.949999, 1.050003, 0.286563, 0.352963, -1.000000, 0.394890, -1.000000, 0.363854, -1.000000, 0.391833, -1.000000
0.999999, 0.959999, 1.040003, 0.284401, 0.353001, -1.000000, 0.394701, -1.000000, 0.363772, -1.000000, 0.391829, -1.000000
0.999999, 0.969999, 1.030003, 0.282163, 0.353039, -1.000000, 0.394512, -1.000000, 0.363689, -1.000000, 0.391826, -1.000000
0.999999, 0.979999, 1.020003, 0.279851, 0.353076, -1.000000, 0.394324, -1.000000, 0.363607, -1.000000, 0.391822, -1.000000
0.999999, 0.989999, 1.010003, 0.277463, 0.353114, -1.000000, 0.394135, -1.000000, 0.363525, -1.000000, 0.391818, -1.000000
0.999999, 0.999999, 1.000003, 0.275001, 0.353151, -1.000000, 0.393947, -1.000000, 0.363443, -1.000000, 0.391814, -1.000000
