prevState, action, price, agentProfit, agent1EstimatedProfit, agent1Actor, agent2EstimatedProfit, agent2Actor
0.000000, 0.000000, 2.200000, 0.000000, 0.227778, 0.655221, 0.276715, 0.758872
0.000000, 0.010000, 2.190000, 0.021880, 0.232730, -1.000000, 0.281425, -1.000000
0.000000, 0.020000, 2.180000, 0.043520, 0.237757, -1.000000, 0.286185, -1.000000
0.000000, 0.030000, 2.170000, 0.064920, 0.242858, -1.000000, 0.290992, -1.000000
0.000000, 0.040000, 2.160000, 0.086080, 0.248033, -1.000000, 0.295846, -1.000000
0.000000, 0.050000, 2.150000, 0.107000, 0.253281, -1.000000, 0.300747, -1.000000
0.000000, 0.060000, 2.140000, 0.127680, 0.258603, -1.000000, 0.305694, -1.000000
0.000000, 0.070000, 2.130000, 0.148120, 0.263996, -1.000000, 0.310686, -1.000000
0.000000, 0.080000, 2.120000, 0.168320, 0.269461, -1.000000, 0.315723, -1.000000
0.000000, 0.090000, 2.110000, 0.188280, 0.274997, -1.000000, 0.320629, -1.000000
0.000000, 0.100000, 2.100000, 0.208000, 0.280603, -1.000000, 0.325528, -1.000000
0.000000, 0.110000, 2.090000, 0.227480, 0.286278, -1.000000, 0.330465, -1.000000
0.000000, 0.120000, 2.080000, 0.246720, 0.292021, -1.000000, 0.335440, -1.000000
0.000000, 0.130000, 2.070000, 0.265720, 0.297832, -1.000000, 0.340452, -1.000000
0.000000, 0.140000, 2.060000, 0.284480, 0.303708, -1.000000, 0.345499, -1.000000
0.000000, 0.150000, 2.050000, 0.303000, 0.309650, -1.000000, 0.350582, -1.000000
0.000000, 0.160000, 2.040000, 0.321280, 0.314988, -1.000000, 0.355699, -1.000000
0.000000, 0.170000, 2.030000, 0.339320, 0.320244, -1.000000, 0.360849, -1.000000
0.000000, 0.180000, 2.020000, 0.357120, 0.325547, -1.000000, 0.366031, -1.000000
0.000000, 0.190000, 2.010000, 0.374680, 0.330894, -1.000000, 0.371245, -1.000000
0.000000, 0.200000, 2.000000, 0.392000, 0.336286, -1.000000, 0.376488, -1.000000
0.000000, 0.210000, 1.990000, 0.409080, 0.341720, -1.000000, 0.381761, -1.000000
0.000000, 0.220000, 1.980000, 0.425920, 0.347196, -1.000000, 0.386939, -1.000000
0.000000, 0.230000, 1.970000, 0.442520, 0.350495, -1.000000, 0.390712, -1.000000
0.000000, 0.240000, 1.960000, 0.458880, 0.353239, -1.000000, 0.394498, -1.000000
0.000000, 0.250000, 1.950000, 0.475000, 0.355992, -1.000000, 0.398297, -1.000000
0.000000, 0.260000, 1.940000, 0.490880, 0.358756, -1.000000, 0.402108, -1.000000
0.000000, 0.270000, 1.930000, 0.506520, 0.361528, -1.000000, 0.405931, -1.000000
0.000000, 0.280000, 1.920000, 0.521920, 0.364310, -1.000000, 0.409765, -1.000000
0.000000, 0.290000, 1.910000, 0.537080, 0.367101, -1.000000, 0.413611, -1.000000
0.000000, 0.300000, 1.900000, 0.552000, 0.369901, -1.000000, 0.417467, -1.000000
0.000000, 0.310000, 1.890000, 0.566680, 0.372710, -1.000000, 0.421333, -1.000000
0.000000, 0.320000, 1.880000, 0.581120, 0.375528, -1.000000, 0.425209, -1.000000
0.000000, 0.330000, 1.870000, 0.595320, 0.378353, -1.000000, 0.429094, -1.000000
0.000000, 0.340000, 1.860000, 0.609280, 0.381188, -1.000000, 0.432987, -1.000000
0.000000, 0.350000, 1.850000, 0.623000, 0.384030, -1.000000, 0.436889, -1.000000
0.000000, 0.360000, 1.840000, 0.636480, 0.386880, -1.000000, 0.440799, -1.000000
0.000000, 0.370000, 1.830000, 0.649720, 0.389738, -1.000000, 0.444716, -1.000000
0.000000, 0.380000, 1.820000, 0.662720, 0.392603, -1.000000, 0.448640, -1.000000
0.000000, 0.390000, 1.810000, 0.675480, 0.395476, -1.000000, 0.452571, -1.000000
0.000000, 0.400000, 1.800000, 0.688000, 0.398357, -1.000000, 0.456507, -1.000000
0.000000, 0.410000, 1.790000, 0.700280, 0.401244, -1.000000, 0.460449, -1.000000
0.000000, 0.420000, 1.780000, 0.712320, 0.404138, -1.000000, 0.464396, -1.000000
0.000000, 0.430000, 1.770000, 0.724120, 0.407039, -1.000000, 0.468347, -1.000000
0.000000, 0.440000, 1.760000, 0.735680, 0.409946, -1.000000, 0.472303, -1.000000
0.000000, 0.450000, 1.750000, 0.747000, 0.412860, -1.000000, 0.476261, -1.000000
0.000000, 0.460000, 1.740000, 0.758080, 0.415780, -1.000000, 0.477688, -1.000000
0.000000, 0.470000, 1.730000, 0.768920, 0.418705, -1.000000, 0.477915, -1.000000
0.000000, 0.480000, 1.720000, 0.779520, 0.421637, -1.000000, 0.478142, -1.000000
0.000000, 0.490000, 1.710000, 0.789880, 0.423371, -1.000000, 0.478369, -1.000000
0.000000, 0.500000, 1.700000, 0.800000, 0.423996, -1.000000, 0.478596, -1.000000
0.000000, 0.510000, 1.690000, 0.809880, 0.424620, -1.000000, 0.478823, -1.000000
0.000000, 0.520000, 1.680000, 0.819520, 0.425245, -1.000000, 0.479049, -1.000000
0.000000, 0.530000, 1.670000, 0.828920, 0.425870, -1.000000, 0.479276, -1.000000
0.000000, 0.540000, 1.660000, 0.838080, 0.426495, -1.000000, 0.479503, -1.000000
0.000000, 0.550000, 1.650000, 0.847000, 0.427121, -1.000000, 0.479730, -1.000000
0.000000, 0.560000, 1.640000, 0.855680, 0.427747, -1.000000, 0.479957, -1.000000
0.000000, 0.570000, 1.630000, 0.864120, 0.428373, -1.000000, 0.480184, -1.000000
0.000000, 0.580000, 1.620000, 0.872320, 0.428653, -1.000000, 0.480411, -1.000000
0.000000, 0.590000, 1.610000, 0.880280, 0.428666, -1.000000, 0.480638, -1.000000
0.000000, 0.600000, 1.600000, 0.888000, 0.428678, -1.000000, 0.480865, -1.000000
0.000000, 0.610000, 1.590000, 0.895480, 0.428691, -1.000000, 0.481092, -1.000000
0.000000, 0.620000, 1.580000, 0.902720, 0.428704, -1.000000, 0.481319, -1.000000
0.000000, 0.630000, 1.570000, 0.909720, 0.428717, -1.000000, 0.481546, -1.000000
0.000000, 0.640000, 1.560000, 0.916480, 0.428730, -1.000000, 0.481773, -1.000000
0.000000, 0.650000, 1.550000, 0.923000, 0.427671, -1.000000, 0.482000, -1.000000
0.000000, 0.660000, 1.540000, 0.929280, 0.426452, -1.000000, 0.482227, -1.000000
0.000000, 0.670000, 1.530000, 0.935320, 0.425233, -1.000000, 0.482454, -1.000000
0.000000, 0.680000, 1.520000, 0.941120, 0.424015, -1.000000, 0.482681, -1.000000
0.000000, 0.690000, 1.510000, 0.946680, 0.422798, -1.000000, 0.482908, -1.000000
0.000000, 0.700000, 1.500000, 0.952000, 0.421583, -1.000000, 0.483135, -1.000000
0.000000, 0.710000, 1.490000, 0.957080, 0.420368, -1.000000, 0.483362, -1.000000
0.000000, 0.720000, 1.480000, 0.961920, 0.419154, -1.000000, 0.483589, -1.000000
0.000000, 0.730000, 1.470001, 0.966520, 0.417941, -1.000000, 0.483816, -1.000000
0.000000, 0.740000, 1.460001, 0.970880, 0.416729, -1.000000, 0.484043, -1.000000
0.000000, 0.750000, 1.450001, 0.975000, 0.413830, -1.000000, 0.484270, -1.000000
0.000000, 0.760000, 1.440001, 0.978880, 0.409734, -1.000000, 0.483314, -1.000000
0.000000, 0.770000, 1.430001, 0.982520, 0.405650, -1.000000, 0.480524, -1.000000
0.000000, 0.780000, 1.420001, 0.985920, 0.401579, -1.000000, 0.477735, -1.000000
0.000000, 0.790000, 1.410001, 0.989080, 0.397522, -1.000000, 0.474948, -1.000000
0.000000, 0.800000, 1.400001, 0.992000, 0.393479, -1.000000, 0.472163, -1.000000
0.000000, 0.810000, 1.390001, 0.994680, 0.389450, -1.000000, 0.469379, -1.000000
0.000000, 0.820000, 1.380001, 0.997120, 0.385436, -1.000000, 0.466597, -1.000000
0.000000, 0.830000, 1.370001, 0.999320, 0.381438, -1.000000, 0.463817, -1.000000
0.000000, 0.839999, 1.360001, 1.001280, 0.377456, -1.000000, 0.461039, -1.000000
0.000000, 0.849999, 1.350001, 1.003000, 0.373490, -1.000000, 0.458264, -1.000000
0.000000, 0.859999, 1.340001, 1.004480, 0.369542, -1.000000, 0.455492, -1.000000
0.000000, 0.869999, 1.330001, 1.005720, 0.365610, -1.000000, 0.452722, -1.000000
0.000000, 0.879999, 1.320001, 1.006720, 0.361697, -1.000000, 0.449955, -1.000000
0.000000, 0.889999, 1.310001, 1.007480, 0.357801, -1.000000, 0.447191, -1.000000
0.000000, 0.899999, 1.300001, 1.008000, 0.353925, -1.000000, 0.444431, -1.000000
0.000000, 0.909999, 1.290001, 1.008280, 0.350067, -1.000000, 0.441674, -1.000000
0.000000, 0.919999, 1.280001, 1.008320, 0.346230, -1.000000, 0.438920, -1.000000
0.000000, 0.929999, 1.270001, 1.008120, 0.342412, -1.000000, 0.436170, -1.000000
0.000000, 0.939999, 1.260001, 1.007680, 0.338614, -1.000000, 0.433424, -1.000000
0.000000, 0.949999, 1.250001, 1.007000, 0.334837, -1.000000, 0.430683, -1.000000
0.000000, 0.959999, 1.240001, 1.006080, 0.331081, -1.000000, 0.427945, -1.000000
0.000000, 0.969999, 1.230001, 1.004920, 0.327346, -1.000000, 0.425212, -1.000000
0.000000, 0.979999, 1.220001, 1.003520, 0.323633, -1.000000, 0.422483, -1.000000
0.000000, 0.989999, 1.210001, 1.001880, 0.319942, -1.000000, 0.419760, -1.000000
0.000000, 0.999999, 1.200001, 1.000000, 0.316274, -1.000000, 0.417041, -1.000000
0.010000, 0.000000, 2.190000, 0.000000, 0.227677, 0.655226, 0.276903, 0.758866
0.010000, 0.010000, 2.180000, 0.021780, 0.232628, -1.000000, 0.281616, -1.000000
0.010000, 0.020000, 2.170000, 0.043320, 0.237654, -1.000000, 0.286377, -1.000000
0.010000, 0.030000, 2.160000, 0.064620, 0.242753, -1.000000, 0.291186, -1.000000
0.010000, 0.040000, 2.150000, 0.085680, 0.247927, -1.000000, 0.296042, -1.000000
0.010000, 0.050000, 2.140000, 0.106500, 0.253174, -1.000000, 0.300945, -1.000000
0.010000, 0.060000, 2.130000, 0.127080, 0.258493, -1.000000, 0.305894, -1.000000
0.010000, 0.070000, 2.120000, 0.147420, 0.263885, -1.000000, 0.310888, -1.000000
0.010000, 0.080000, 2.110000, 0.167520, 0.269349, -1.000000, 0.315748, -1.000000
0.010000, 0.090000, 2.100000, 0.187380, 0.274883, -1.000000, 0.320608, -1.000000
0.010000, 0.100000, 2.090000, 0.207000, 0.280488, -1.000000, 0.325506, -1.000000
0.010000, 0.110000, 2.080000, 0.226380, 0.286162, -1.000000, 0.330444, -1.000000
0.010000, 0.120000, 2.070000, 0.245520, 0.291903, -1.000000, 0.335418, -1.000000
0.010000, 0.130000, 2.060000, 0.264420, 0.297713, -1.000000, 0.340430, -1.000000
0.010000, 0.140000, 2.050000, 0.283080, 0.303588, -1.000000, 0.345477, -1.000000
0.010000, 0.150000, 2.040000, 0.301500, 0.309528, -1.000000, 0.350560, -1.000000
0.010000, 0.160000, 2.030000, 0.319680, 0.314936, -1.000000, 0.355677, -1.000000
0.010000, 0.170000, 2.020000, 0.337620, 0.320192, -1.000000, 0.360827, -1.000000
0.010000, 0.180000, 2.010000, 0.355320, 0.325494, -1.000000, 0.366009, -1.000000
0.010000, 0.190000, 2.000000, 0.372780, 0.330841, -1.000000, 0.371222, -1.000000
0.010000, 0.200000, 1.990000, 0.390000, 0.336232, -1.000000, 0.376465, -1.000000
0.010000, 0.210000, 1.980000, 0.406980, 0.341666, -1.000000, 0.381738, -1.000000
0.010000, 0.220000, 1.970000, 0.423720, 0.347142, -1.000000, 0.386963, -1.000000
0.010000, 0.230000, 1.960000, 0.440220, 0.350490, -1.000000, 0.390736, -1.000000
0.010000, 0.240000, 1.950000, 0.456480, 0.353234, -1.000000, 0.394522, -1.000000
0.010000, 0.250000, 1.940000, 0.472500, 0.355987, -1.000000, 0.398321, -1.000000
0.010000, 0.260000, 1.930000, 0.488280, 0.358751, -1.000000, 0.402132, -1.000000
0.010000, 0.270000, 1.920000, 0.503820, 0.361523, -1.000000, 0.405955, -1.000000
0.010000, 0.280000, 1.910000, 0.519120, 0.364305, -1.000000, 0.409789, -1.000000
0.010000, 0.290000, 1.900000, 0.534180, 0.367096, -1.000000, 0.413635, -1.000000
0.010000, 0.300000, 1.890000, 0.549000, 0.369896, -1.000000, 0.417491, -1.000000
0.010000, 0.310000, 1.880000, 0.563580, 0.372705, -1.000000, 0.421357, -1.000000
0.010000, 0.320000, 1.870000, 0.577920, 0.375522, -1.000000, 0.425233, -1.000000
0.010000, 0.330000, 1.860000, 0.592020, 0.378348, -1.000000, 0.429118, -1.000000
0.010000, 0.340000, 1.850000, 0.605880, 0.381182, -1.000000, 0.433012, -1.000000
0.010000, 0.350000, 1.840000, 0.619500, 0.384025, -1.000000, 0.436914, -1.000000
0.010000, 0.360000, 1.830000, 0.632880, 0.386875, -1.000000, 0.440824, -1.000000
0.010000, 0.370000, 1.820000, 0.646020, 0.389733, -1.000000, 0.444741, -1.000000
0.010000, 0.380000, 1.810000, 0.658920, 0.392598, -1.000000, 0.448665, -1.000000
0.010000, 0.390000, 1.800000, 0.671580, 0.395471, -1.000000, 0.452596, -1.000000
0.010000, 0.400000, 1.790000, 0.684000, 0.398351, -1.000000, 0.456532, -1.000000
0.010000, 0.410000, 1.780000, 0.696180, 0.401239, -1.000000, 0.460474, -1.000000
0.010000, 0.420000, 1.770000, 0.708120, 0.404133, -1.000000, 0.464421, -1.000000
0.010000, 0.430000, 1.760000, 0.719820, 0.407034, -1.000000, 0.468372, -1.000000
0.010000, 0.440000, 1.750000, 0.731280, 0.409941, -1.000000, 0.472327, -1.000000
0.010000, 0.450000, 1.740000, 0.742500, 0.412854, -1.000000, 0.476286, -1.000000
0.010000, 0.460000, 1.730000, 0.753480, 0.415774, -1.000000, 0.477645, -1.000000
0.010000, 0.470000, 1.720000, 0.764220, 0.418700, -1.000000, 0.477872, -1.000000
0.010000, 0.480000, 1.710000, 0.774720, 0.421631, -1.000000, 0.478098, -1.000000
0.010000, 0.490000, 1.700000, 0.784980, 0.423412, -1.000000, 0.478325, -1.000000
0.010000, 0.500000, 1.690000, 0.795000, 0.424036, -1.000000, 0.478552, -1.000000
0.010000, 0.510000, 1.680000, 0.804780, 0.424661, -1.000000, 0.478779, -1.000000
0.010000, 0.520000, 1.670000, 0.814320, 0.425286, -1.000000, 0.479006, -1.000000
0.010000, 0.530000, 1.660000, 0.823620, 0.425911, -1.000000, 0.479233, -1.000000
0.010000, 0.540000, 1.650000, 0.832680, 0.426536, -1.000000, 0.479460, -1.000000
0.010000, 0.550000, 1.640000, 0.841500, 0.427162, -1.000000, 0.479687, -1.000000
0.010000, 0.560000, 1.630000, 0.850080, 0.427787, -1.000000, 0.479914, -1.000000
0.010000, 0.570000, 1.620000, 0.858420, 0.428414, -1.000000, 0.480141, -1.000000
0.010000, 0.580000, 1.610000, 0.866520, 0.428663, -1.000000, 0.480368, -1.000000
0.010000, 0.590000, 1.600000, 0.874380, 0.428676, -1.000000, 0.480595, -1.000000
0.010000, 0.600000, 1.590000, 0.882000, 0.428689, -1.000000, 0.480821, -1.000000
0.010000, 0.610000, 1.580000, 0.889380, 0.428701, -1.000000, 0.481048, -1.000000
0.010000, 0.620000, 1.570000, 0.896520, 0.428714, -1.000000, 0.481275, -1.000000
0.010000, 0.630000, 1.560000, 0.903420, 0.428727, -1.000000, 0.481502, -1.000000
0.010000, 0.640000, 1.550000, 0.910080, 0.428740, -1.000000, 0.481729, -1.000000
0.010000, 0.650000, 1.540000, 0.916500, 0.427719, -1.000000, 0.481956, -1.000000
0.010000, 0.660000, 1.530000, 0.922680, 0.426500, -1.000000, 0.482183, -1.000000
0.010000, 0.670000, 1.520000, 0.928620, 0.425281, -1.000000, 0.482411, -1.000000
0.010000, 0.680000, 1.510000, 0.934320, 0.424063, -1.000000, 0.482638, -1.000000
0.010000, 0.690000, 1.500000, 0.939780, 0.422846, -1.000000, 0.482865, -1.000000
0.010000, 0.700000, 1.490000, 0.945000, 0.421631, -1.000000, 0.483092, -1.000000
0.010000, 0.710000, 1.480000, 0.949980, 0.420416, -1.000000, 0.483319, -1.000000
0.010000, 0.720000, 1.470001, 0.954720, 0.419202, -1.000000, 0.483546, -1.000000
0.010000, 0.730000, 1.460001, 0.959220, 0.417989, -1.000000, 0.483773, -1.000000
0.010000, 0.740000, 1.450001, 0.963480, 0.416777, -1.000000, 0.484000, -1.000000
0.010000, 0.750000, 1.440001, 0.967500, 0.414027, -1.000000, 0.484227, -1.000000
0.010000, 0.760000, 1.430001, 0.971280, 0.409930, -1.000000, 0.483282, -1.000000
0.010000, 0.770000, 1.420001, 0.974820, 0.405846, -1.000000, 0.480492, -1.000000
0.010000, 0.780000, 1.410001, 0.978120, 0.401775, -1.000000, 0.477704, -1.000000
0.010000, 0.790000, 1.400001, 0.981180, 0.397717, -1.000000, 0.474917, -1.000000
0.010000, 0.800000, 1.390001, 0.984000, 0.393673, -1.000000, 0.472131, -1.000000
0.010000, 0.810000, 1.380001, 0.986580, 0.389643, -1.000000, 0.469347, -1.000000
0.010000, 0.820000, 1.370001, 0.988920, 0.385629, -1.000000, 0.466565, -1.000000
0.010000, 0.830000, 1.360001, 0.991020, 0.381630, -1.000000, 0.463785, -1.000000
0.010000, 0.839999, 1.350001, 0.992880, 0.377647, -1.000000, 0.461008, -1.000000
0.010000, 0.849999, 1.340001, 0.994500, 0.373681, -1.000000, 0.458233, -1.000000
0.010000, 0.859999, 1.330001, 0.995880, 0.369731, -1.000000, 0.455460, -1.000000
0.010000, 0.869999, 1.320001, 0.997020, 0.365799, -1.000000, 0.452690, -1.000000
0.010000, 0.879999, 1.310001, 0.997920, 0.361885, -1.000000, 0.449924, -1.000000
0.010000, 0.889999, 1.300001, 0.998580, 0.357989, -1.000000, 0.447160, -1.000000
0.010000, 0.899999, 1.290001, 0.999000, 0.354111, -1.000000, 0.444399, -1.000000
0.010000, 0.909999, 1.280001, 0.999180, 0.350253, -1.000000, 0.441642, -1.000000
0.010000, 0.919999, 1.270001, 0.999120, 0.346414, -1.000000, 0.438889, -1.000000
0.010000, 0.929999, 1.260001, 0.998820, 0.342595, -1.000000, 0.436139, -1.000000
0.010000, 0.939999, 1.250001, 0.998280, 0.338796, -1.000000, 0.433393, -1.000000
0.010000, 0.949999, 1.240001, 0.997500, 0.335018, -1.000000, 0.430651, -1.000000
0.010000, 0.959999, 1.230001, 0.996480, 0.331261, -1.000000, 0.427914, -1.000000
0.010000, 0.969999, 1.220001, 0.995220, 0.327525, -1.000000, 0.425181, -1.000000
0.010000, 0.979999, 1.210001, 0.993720, 0.323811, -1.000000, 0.422452, -1.000000
0.010000, 0.989999, 1.200001, 0.991980, 0.320120, -1.000000, 0.419729, -1.000000
0.010000, 0.999999, 1.190001, 0.990000, 0.316450, -1.000000, 0.417010, -1.000000
0.020000, 0.000000, 2.180000, 0.000000, 0.227577, 0.655230, 0.277092, 0.758860
0.020000, 0.010000, 2.170000, 0.021680, 0.232527, -1.000000, 0.281806, -1.000000
0.020000, 0.020000, 2.160000, 0.043120, 0.237550, -1.000000, 0.286569, -1.000000
0.020000, 0.030000, 2.150000, 0.064320, 0.242648, -1.000000, 0.291380, -1.000000
0.020000, 0.040000, 2.140000, 0.085280, 0.247820, -1.000000, 0.296238, -1.000000
0.020000, 0.050000, 2.130000, 0.106000, 0.253066, -1.000000, 0.301143, -1.000000
0.020000, 0.060000, 2.120000, 0.126480, 0.258384, -1.000000, 0.306094, -1.000000
0.020000, 0.070000, 2.110000, 0.146720, 0.263774, -1.000000, 0.310908, -1.000000
0.020000, 0.080000, 2.100000, 0.166720, 0.269237, -1.000000, 0.315727, -1.000000
0.020000, 0.090000, 2.090000, 0.186480, 0.274770, -1.000000, 0.320587, -1.000000
0.020000, 0.100000, 2.080000, 0.206000, 0.280373, -1.000000, 0.325485, -1.000000
0.020000, 0.110000, 2.070000, 0.225280, 0.286045, -1.000000, 0.330422, -1.000000
0.020000, 0.120000, 2.060000, 0.244320, 0.291786, -1.000000, 0.335397, -1.000000
0.020000, 0.130000, 2.050000, 0.263120, 0.297593, -1.000000, 0.340408, -1.000000
0.020000, 0.140000, 2.040000, 0.281680, 0.303467, -1.000000, 0.345455, -1.000000
0.020000, 0.150000, 2.030000, 0.300000, 0.309406, -1.000000, 0.350538, -1.000000
0.020000, 0.160000, 2.020000, 0.318080, 0.314884, -1.000000, 0.355654, -1.000000
0.020000, 0.170000, 2.010000, 0.335920, 0.320140, -1.000000, 0.360804, -1.000000
0.020000, 0.180000, 2.000000, 0.353520, 0.325441, -1.000000, 0.365986, -1.000000
0.020000, 0.190000, 1.990000, 0.370880, 0.330788, -1.000000, 0.371199, -1.000000
0.020000, 0.200000, 1.980000, 0.388000, 0.336178, -1.000000, 0.376443, -1.000000
0.020000, 0.210000, 1.970000, 0.404880, 0.341612, -1.000000, 0.381715, -1.000000
0.020000, 0.220000, 1.960000, 0.421520, 0.347088, -1.000000, 0.386986, -1.000000
0.020000, 0.230000, 1.950000, 0.437920, 0.350485, -1.000000, 0.390759, -1.000000
0.020000, 0.240000, 1.940000, 0.454080, 0.353229, -1.000000, 0.394545, -1.000000
0.020000, 0.250000, 1.930000, 0.470000, 0.355982, -1.000000, 0.398344, -1.000000
0.020000, 0.260000, 1.920000, 0.485680, 0.358746, -1.000000, 0.402156, -1.000000
0.020000, 0.270000, 1.910000, 0.501120, 0.361518, -1.000000, 0.405979, -1.000000
0.020000, 0.280000, 1.900000, 0.516320, 0.364300, -1.000000, 0.409813, -1.000000
0.020000, 0.290000, 1.890000, 0.531280, 0.367091, -1.000000, 0.413659, -1.000000
0.020000, 0.300000, 1.880000, 0.546000, 0.369891, -1.000000, 0.417515, -1.000000
0.020000, 0.310000, 1.870000, 0.560480, 0.372700, -1.000000, 0.421381, -1.000000
0.020000, 0.320000, 1.860000, 0.574720, 0.375517, -1.000000, 0.425257, -1.000000
0.020000, 0.330000, 1.850000, 0.588720, 0.378343, -1.000000, 0.429142, -1.000000
0.020000, 0.340000, 1.840000, 0.602480, 0.381177, -1.000000, 0.433036, -1.000000
0.020000, 0.350000, 1.830000, 0.616000, 0.384019, -1.000000, 0.436938, -1.000000
0.020000, 0.360000, 1.820000, 0.629280, 0.386869, -1.000000, 0.440848, -1.000000
0.020000, 0.370000, 1.810000, 0.642320, 0.389727, -1.000000, 0.444765, -1.000000
0.020000, 0.380000, 1.800000, 0.655120, 0.392593, -1.000000, 0.448689, -1.000000
0.020000, 0.390000, 1.790000, 0.667680, 0.395466, -1.000000, 0.452620, -1.000000
0.020000, 0.400000, 1.780000, 0.680000, 0.398346, -1.000000, 0.456557, -1.000000
0.020000, 0.410000, 1.770000, 0.692080, 0.401233, -1.000000, 0.460498, -1.000000
0.020000, 0.420000, 1.760000, 0.703920, 0.404127, -1.000000, 0.464445, -1.000000
0.020000, 0.430000, 1.750000, 0.715520, 0.407028, -1.000000, 0.468397, -1.000000
0.020000, 0.440000, 1.740000, 0.726880, 0.409935, -1.000000, 0.472352, -1.000000
0.020000, 0.450000, 1.730000, 0.738000, 0.412849, -1.000000, 0.476311, -1.000000
0.020000, 0.460000, 1.720000, 0.748880, 0.415769, -1.000000, 0.477601, -1.000000
0.020000, 0.470000, 1.710000, 0.759520, 0.418694, -1.000000, 0.477828, -1.000000
0.020000, 0.480000, 1.700000, 0.769920, 0.421626, -1.000000, 0.478055, -1.000000
0.020000, 0.490000, 1.690000, 0.780080, 0.423453, -1.000000, 0.478282, -1.000000
0.020000, 0.500000, 1.680000, 0.790000, 0.424077, -1.000000, 0.478509, -1.000000
0.020000, 0.510000, 1.670000, 0.799680, 0.424702, -1.000000, 0.478736, -1.000000
0.020000, 0.520000, 1.660000, 0.809120, 0.425326, -1.000000, 0.478962, -1.000000
0.020000, 0.530000, 1.650000, 0.818320, 0.425952, -1.000000, 0.479189, -1.000000
0.020000, 0.540000, 1.640000, 0.827280, 0.426577, -1.000000, 0.479416, -1.000000
0.020000, 0.550000, 1.630000, 0.836000, 0.427202, -1.000000, 0.479643, -1.000000
0.020000, 0.560000, 1.620000, 0.844480, 0.427828, -1.000000, 0.479870, -1.000000
0.020000, 0.570000, 1.610000, 0.852720, 0.428454, -1.000000, 0.480097, -1.000000
0.020000, 0.580000, 1.600000, 0.860720, 0.428673, -1.000000, 0.480324, -1.000000
0.020000, 0.590000, 1.590000, 0.868480, 0.428686, -1.000000, 0.480551, -1.000000
0.020000, 0.600000, 1.580000, 0.876000, 0.428699, -1.000000, 0.480778, -1.000000
0.020000, 0.610000, 1.570000, 0.883280, 0.428712, -1.000000, 0.481005, -1.000000
0.020000, 0.620000, 1.560000, 0.890320, 0.428724, -1.000000, 0.481232, -1.000000
0.020000, 0.630000, 1.550000, 0.897120, 0.428737, -1.000000, 0.481459, -1.000000
0.020000, 0.640000, 1.540000, 0.903680, 0.428750, -1.000000, 0.481686, -1.000000
0.020000, 0.650000, 1.530000, 0.910000, 0.427767, -1.000000, 0.481913, -1.000000
0.020000, 0.660000, 1.520000, 0.916080, 0.426548, -1.000000, 0.482140, -1.000000
0.020000, 0.670000, 1.510000, 0.921920, 0.425329, -1.000000, 0.482367, -1.000000
0.020000, 0.680000, 1.500000, 0.927520, 0.424111, -1.000000, 0.482594, -1.000000
0.020000, 0.690000, 1.490000, 0.932880, 0.422894, -1.000000, 0.482821, -1.000000
0.020000, 0.700000, 1.480000, 0.938000, 0.421678, -1.000000, 0.483048, -1.000000
0.020000, 0.710000, 1.470001, 0.942880, 0.420464, -1.000000, 0.483275, -1.000000
0.020000, 0.720000, 1.460001, 0.947520, 0.419250, -1.000000, 0.483502, -1.000000
0.020000, 0.730000, 1.450001, 0.951920, 0.418036, -1.000000, 0.483729, -1.000000
0.020000, 0.740000, 1.440001, 0.956080, 0.416824, -1.000000, 0.483956, -1.000000
0.020000, 0.750000, 1.430001, 0.960000, 0.414225, -1.000000, 0.484183, -1.000000
0.020000, 0.760000, 1.420001, 0.963680, 0.410127, -1.000000, 0.483250, -1.000000
0.020000, 0.770000, 1.410001, 0.967120, 0.406042, -1.000000, 0.480460, -1.000000
0.020000, 0.780000, 1.400001, 0.970320, 0.401970, -1.000000, 0.477672, -1.000000
0.020000, 0.790000, 1.390001, 0.973280, 0.397912, -1.000000, 0.474885, -1.000000
0.020000, 0.800000, 1.380001, 0.976000, 0.393867, -1.000000, 0.472099, -1.000000
0.020000, 0.810000, 1.370001, 0.978480, 0.389837, -1.000000, 0.469315, -1.000000
0.020000, 0.820000, 1.360001, 0.980720, 0.385822, -1.000000, 0.466534, -1.000000
0.020000, 0.830000, 1.350001, 0.982720, 0.381822, -1.000000, 0.463754, -1.000000
0.020000, 0.839999, 1.340001, 0.984480, 0.377839, -1.000000, 0.460976, -1.000000
0.020000, 0.849999, 1.330001, 0.986000, 0.373871, -1.000000, 0.458201, -1.000000
0.020000, 0.859999, 1.320001, 0.987280, 0.369921, -1.000000, 0.455429, -1.000000
0.020000, 0.869999, 1.310001, 0.988320, 0.365988, -1.000000, 0.452659, -1.000000
0.020000, 0.879999, 1.300001, 0.989120, 0.362073, -1.000000, 0.449892, -1.000000
0.020000, 0.889999, 1.290001, 0.989680, 0.358176, -1.000000, 0.447128, -1.000000
0.020000, 0.899999, 1.280001, 0.990000, 0.354297, -1.000000, 0.444368, -1.000000
0.020000, 0.909999, 1.270001, 0.990080, 0.350438, -1.000000, 0.441611, -1.000000
0.020000, 0.919999, 1.260001, 0.989920, 0.346598, -1.000000, 0.438857, -1.000000
0.020000, 0.929999, 1.250001, 0.989520, 0.342778, -1.000000, 0.436108, -1.000000
0.020000, 0.939999, 1.240001, 0.988880, 0.338978, -1.000000, 0.433362, -1.000000
0.020000, 0.949999, 1.230001, 0.988000, 0.335199, -1.000000, 0.430620, -1.000000
0.020000, 0.959999, 1.220001, 0.986880, 0.331441, -1.000000, 0.427883, -1.000000
0.020000, 0.969999, 1.210001, 0.985520, 0.327705, -1.000000, 0.425150, -1.000000
0.020000, 0.979999, 1.200001, 0.983920, 0.323990, -1.000000, 0.422421, -1.000000
0.020000, 0.989999, 1.190001, 0.982080, 0.320297, -1.000000, 0.419698, -1.000000
0.020000, 0.999999, 1.180001, 0.980000, 0.316626, -1.000000, 0.416979, -1.000000
0.030000, 0.000000, 2.170000, 0.000000, 0.227477, 0.655235, 0.277280, 0.758855
0.030000, 0.010000, 2.160000, 0.021580, 0.232425, -1.000000, 0.281997, -1.000000
0.030000, 0.020000, 2.150000, 0.042920, 0.237447, -1.000000, 0.286762, -1.000000
0.030000, 0.030000, 2.140000, 0.064020, 0.242544, -1.000000, 0.291575, -1.000000
0.030000, 0.040000, 2.130000, 0.084880, 0.247714, -1.000000, 0.296435, -1.000000
0.030000, 0.050000, 2.120000, 0.105500, 0.252958, -1.000000, 0.301341, -1.000000
0.030000, 0.060000, 2.110000, 0.125880, 0.258275, -1.000000, 0.306109, -1.000000
0.030000, 0.070000, 2.100000, 0.146020, 0.263664, -1.000000, 0.310887, -1.000000
0.030000, 0.080000, 2.090000, 0.165920, 0.269124, -1.000000, 0.315706, -1.000000
0.030000, 0.090000, 2.080000, 0.185580, 0.274656, -1.000000, 0.320565, -1.000000
0.030000, 0.100000, 2.070000, 0.205000, 0.280258, -1.000000, 0.325464, -1.000000
0.030000, 0.110000, 2.060000, 0.224180, 0.285929, -1.000000, 0.330400, -1.000000
0.030000, 0.120000, 2.050000, 0.243120, 0.291668, -1.000000, 0.335375, -1.000000
0.030000, 0.130000, 2.040000, 0.261820, 0.297474, -1.000000, 0.340386, -1.000000
0.030000, 0.140000, 2.030000, 0.280280, 0.303347, -1.000000, 0.345433, -1.000000
0.030000, 0.150000, 2.020000, 0.298500, 0.309284, -1.000000, 0.350516, -1.000000
0.030000, 0.160000, 2.010000, 0.316480, 0.314832, -1.000000, 0.355632, -1.000000
0.030000, 0.170000, 2.000000, 0.334220, 0.320087, -1.000000, 0.360782, -1.000000
0.030000, 0.180000, 1.990000, 0.351720, 0.325389, -1.000000, 0.365963, -1.000000
0.030000, 0.190000, 1.980000, 0.368980, 0.330735, -1.000000, 0.371176, -1.000000
0.030000, 0.200000, 1.970000, 0.386000, 0.336125, -1.000000, 0.376420, -1.000000
0.030000, 0.210000, 1.960000, 0.402780, 0.341558, -1.000000, 0.381692, -1.000000
0.030000, 0.220000, 1.950000, 0.419320, 0.347033, -1.000000, 0.386992, -1.000000
0.030000, 0.230000, 1.940000, 0.435620, 0.350479, -1.000000, 0.390783, -1.000000
0.030000, 0.240000, 1.930000, 0.451680, 0.353223, -1.000000, 0.394569, -1.000000
0.030000, 0.250000, 1.920000, 0.467500, 0.355977, -1.000000, 0.398368, -1.000000
0.030000, 0.260000, 1.910000, 0.483080, 0.358740, -1.000000, 0.402180, -1.000000
0.030000, 0.270000, 1.900000, 0.498420, 0.361513, -1.000000, 0.406003, -1.000000
0.030000, 0.280000, 1.890000, 0.513520, 0.364295, -1.000000, 0.409837, -1.000000
0.030000, 0.290000, 1.880000, 0.528380, 0.367086, -1.000000, 0.413683, -1.000000
0.030000, 0.300000, 1.870000, 0.543000, 0.369886, -1.000000, 0.417539, -1.000000
0.030000, 0.310000, 1.860000, 0.557380, 0.372695, -1.000000, 0.421405, -1.000000
0.030000, 0.320000, 1.850000, 0.571520, 0.375512, -1.000000, 0.425281, -1.000000
0.030000, 0.330000, 1.840000, 0.585420, 0.378338, -1.000000, 0.429166, -1.000000
0.030000, 0.340000, 1.830000, 0.599080, 0.381172, -1.000000, 0.433060, -1.000000
0.030000, 0.350000, 1.820000, 0.612500, 0.384014, -1.000000, 0.436962, -1.000000
0.030000, 0.360000, 1.810000, 0.625680, 0.386864, -1.000000, 0.440872, -1.000000
0.030000, 0.370000, 1.800000, 0.638620, 0.389722, -1.000000, 0.444790, -1.000000
0.030000, 0.380000, 1.790000, 0.651320, 0.392588, -1.000000, 0.448714, -1.000000
0.030000, 0.390000, 1.780000, 0.663780, 0.395461, -1.000000, 0.452645, -1.000000
0.030000, 0.400000, 1.770000, 0.676000, 0.398341, -1.000000, 0.456581, -1.000000
0.030000, 0.410000, 1.760000, 0.687980, 0.401228, -1.000000, 0.460523, -1.000000
0.030000, 0.420000, 1.750000, 0.699720, 0.404122, -1.000000, 0.464470, -1.000000
0.030000, 0.430000, 1.740000, 0.711220, 0.407023, -1.000000, 0.468421, -1.000000
0.030000, 0.440000, 1.730000, 0.722480, 0.409930, -1.000000, 0.472377, -1.000000
0.030000, 0.450000, 1.720000, 0.733500, 0.412844, -1.000000, 0.476335, -1.000000
0.030000, 0.460000, 1.710000, 0.744280, 0.415763, -1.000000, 0.477558, -1.000000
0.030000, 0.470000, 1.700000, 0.754820, 0.418689, -1.000000, 0.477785, -1.000000
0.030000, 0.480000, 1.690000, 0.765120, 0.421620, -1.000000, 0.478011, -1.000000
0.030000, 0.490000, 1.680000, 0.775180, 0.423493, -1.000000, 0.478238, -1.000000
0.030000, 0.500000, 1.670000, 0.785000, 0.424118, -1.000000, 0.478465, -1.000000
0.030000, 0.510000, 1.660000, 0.794580, 0.424742, -1.000000, 0.478692, -1.000000
0.030000, 0.520000, 1.650000, 0.803920, 0.425367, -1.000000, 0.478919, -1.000000
0.030000, 0.530000, 1.640000, 0.813020, 0.425992, -1.000000, 0.479146, -1.000000
0.030000, 0.540000, 1.630000, 0.821880, 0.426618, -1.000000, 0.479373, -1.000000
0.030000, 0.550000, 1.620000, 0.830500, 0.427243, -1.000000, 0.479600, -1.000000
0.030000, 0.560000, 1.610000, 0.838880, 0.427869, -1.000000, 0.479827, -1.000000
0.030000, 0.570000, 1.600000, 0.847020, 0.428495, -1.000000, 0.480054, -1.000000
0.030000, 0.580000, 1.590000, 0.854920, 0.428683, -1.000000, 0.480281, -1.000000
0.030000, 0.590000, 1.580000, 0.862580, 0.428696, -1.000000, 0.480508, -1.000000
0.030000, 0.600000, 1.570000, 0.870000, 0.428709, -1.000000, 0.480735, -1.000000
0.030000, 0.610000, 1.560000, 0.877180, 0.428722, -1.000000, 0.480961, -1.000000
0.030000, 0.620000, 1.550000, 0.884120, 0.428734, -1.000000, 0.481188, -1.000000
0.030000, 0.630000, 1.540000, 0.890820, 0.428747, -1.000000, 0.481415, -1.000000
0.030000, 0.640000, 1.530000, 0.897280, 0.428760, -1.000000, 0.481642, -1.000000
0.030000, 0.650000, 1.520000, 0.903500, 0.427815, -1.000000, 0.481869, -1.000000
0.030000, 0.660000, 1.510000, 0.909480, 0.426596, -1.000000, 0.482096, -1.000000
0.030000, 0.670000, 1.500000, 0.915220, 0.425377, -1.000000, 0.482323, -1.000000
0.030000, 0.680000, 1.490000, 0.920720, 0.424159, -1.000000, 0.482551, -1.000000
0.030000, 0.690000, 1.480000, 0.925980, 0.422942, -1.000000, 0.482778, -1.000000
0.030000, 0.700000, 1.470001, 0.931000, 0.421726, -1.000000, 0.483005, -1.000000
0.030000, 0.710000, 1.460001, 0.935780, 0.420511, -1.000000, 0.483232, -1.000000
0.030000, 0.720000, 1.450001, 0.940320, 0.419297, -1.000000, 0.483459, -1.000000
0.030000, 0.730000, 1.440001, 0.944620, 0.418084, -1.000000, 0.483686, -1.000000
0.030000, 0.740000, 1.430001, 0.948680, 0.416872, -1.000000, 0.483913, -1.000000
0.030000, 0.750000, 1.420001, 0.952500, 0.414422, -1.000000, 0.484140, -1.000000
0.030000, 0.760000, 1.410001, 0.956080, 0.410324, -1.000000, 0.483218, -1.000000
0.030000, 0.770000, 1.400001, 0.959420, 0.406239, -1.000000, 0.480429, -1.000000
0.030000, 0.780000, 1.390001, 0.962520, 0.402166, -1.000000, 0.477640, -1.000000
0.030000, 0.790000, 1.380001, 0.965380, 0.398107, -1.000000, 0.474853, -1.000000
0.030000, 0.800000, 1.370001, 0.968000, 0.394061, -1.000000, 0.472068, -1.000000
0.030000, 0.810000, 1.360001, 0.970380, 0.390031, -1.000000, 0.469284, -1.000000
0.030000, 0.820000, 1.350001, 0.972520, 0.386015, -1.000000, 0.466502, -1.000000
0.030000, 0.830000, 1.340001, 0.974420, 0.382014, -1.000000, 0.463722, -1.000000
0.030000, 0.839999, 1.330001, 0.976080, 0.378030, -1.000000, 0.460945, -1.000000
0.030000, 0.849999, 1.320001, 0.977500, 0.374062, -1.000000, 0.458170, -1.000000
0.030000, 0.859999, 1.310001, 0.978680, 0.370111, -1.000000, 0.455397, -1.000000
0.030000, 0.869999, 1.300001, 0.979620, 0.366177, -1.000000, 0.452627, -1.000000
0.030000, 0.879999, 1.290001, 0.980320, 0.362261, -1.000000, 0.449861, -1.000000
0.030000, 0.889999, 1.280001, 0.980780, 0.358363, -1.000000, 0.447097, -1.000000
0.030000, 0.899999, 1.270001, 0.981000, 0.354484, -1.000000, 0.444336, -1.000000
0.030000, 0.909999, 1.260001, 0.980980, 0.350623, -1.000000, 0.441579, -1.000000
0.030000, 0.919999, 1.250001, 0.980720, 0.346783, -1.000000, 0.438826, -1.000000
0.030000, 0.929999, 1.240001, 0.980220, 0.342962, -1.000000, 0.436076, -1.000000
0.030000, 0.939999, 1.230001, 0.979480, 0.339161, -1.000000, 0.433331, -1.000000
0.030000, 0.949999, 1.220001, 0.978500, 0.335381, -1.000000, 0.430589, -1.000000
0.030000, 0.959999, 1.210001, 0.977280, 0.331622, -1.000000, 0.427852, -1.000000
0.030000, 0.969999, 1.200001, 0.975820, 0.327884, -1.000000, 0.425119, -1.000000
0.030000, 0.979999, 1.190001, 0.974120, 0.324168, -1.000000, 0.422390, -1.000000
0.030000, 0.989999, 1.180001, 0.972180, 0.320474, -1.000000, 0.419667, -1.000000
0.030000, 0.999999, 1.170001, 0.970000, 0.316802, -1.000000, 0.416948, -1.000000
0.040000, 0.000000, 2.160000, 0.000000, 0.227377, 0.655240, 0.277469, 0.758849
0.040000, 0.010000, 2.150000, 0.021480, 0.232323, -1.000000, 0.282187, -1.000000
0.040000, 0.020000, 2.140000, 0.042720, 0.237344, -1.000000, 0.286954, -1.000000
0.040000, 0.030000, 2.130000, 0.063720, 0.242439, -1.000000, 0.291769, -1.000000
0.040000, 0.040000, 2.120000, 0.084480, 0.247608, -1.000000, 0.296631, -1.000000
0.040000, 0.050000, 2.110000, 0.105000, 0.252850, -1.000000, 0.301351, -1.000000
0.040000, 0.060000, 2.100000, 0.125280, 0.258165, -1.000000, 0.306088, -1.000000
0.040000, 0.070000, 2.090000, 0.145320, 0.263553, -1.000000, 0.310866, -1.000000
0.040000, 0.080000, 2.080000, 0.165120, 0.269012, -1.000000, 0.315685, -1.000000
0.040000, 0.090000, 2.070000, 0.184680, 0.274542, -1.000000, 0.320544, -1.000000
0.040000, 0.100000, 2.060000, 0.204000, 0.280143, -1.000000, 0.325442, -1.000000
0.040000, 0.110000, 2.050000, 0.223080, 0.285812, -1.000000, 0.330379, -1.000000
0.040000, 0.120000, 2.040000, 0.241920, 0.291550, -1.000000, 0.335353, -1.000000
0.040000, 0.130000, 2.030000, 0.260520, 0.297355, -1.000000, 0.340364, -1.000000
0.040000, 0.140000, 2.020000, 0.278880, 0.303226, -1.000000, 0.345411, -1.000000
0.040000, 0.150000, 2.010000, 0.297000, 0.309162, -1.000000, 0.350493, -1.000000
0.040000, 0.160000, 2.000000, 0.314880, 0.314781, -1.000000, 0.355610, -1.000000
0.040000, 0.170000, 1.990000, 0.332520, 0.320035, -1.000000, 0.360759, -1.000000
0.040000, 0.180000, 1.980000, 0.349920, 0.325336, -1.000000, 0.365941, -1.000000
0.040000, 0.190000, 1.970000, 0.367080, 0.330682, -1.000000, 0.371154, -1.000000
0.040000, 0.200000, 1.960000, 0.384000, 0.336071, -1.000000, 0.376397, -1.000000
0.040000, 0.210000, 1.950000, 0.400680, 0.341504, -1.000000, 0.381669, -1.000000
0.040000, 0.220000, 1.940000, 0.417120, 0.346979, -1.000000, 0.386969, -1.000000
0.040000, 0.230000, 1.930000, 0.433320, 0.350474, -1.000000, 0.390806, -1.000000
0.040000, 0.240000, 1.920000, 0.449280, 0.353218, -1.000000, 0.394593, -1.000000
0.040000, 0.250000, 1.910000, 0.465000, 0.355972, -1.000000, 0.398392, -1.000000
0.040000, 0.260000, 1.900000, 0.480480, 0.358735, -1.000000, 0.402203, -1.000000
0.040000, 0.270000, 1.890000, 0.495720, 0.361508, -1.000000, 0.406027, -1.000000
0.040000, 0.280000, 1.880000, 0.510720, 0.364290, -1.000000, 0.409861, -1.000000
0.040000, 0.290000, 1.870000, 0.525480, 0.367081, -1.000000, 0.413707, -1.000000
0.040000, 0.300000, 1.860000, 0.540000, 0.369881, -1.000000, 0.417563, -1.000000
0.040000, 0.310000, 1.850000, 0.554280, 0.372690, -1.000000, 0.421430, -1.000000
0.040000, 0.320000, 1.840000, 0.568320, 0.375507, -1.000000, 0.425306, -1.000000
0.040000, 0.330000, 1.830000, 0.582120, 0.378333, -1.000000, 0.429191, -1.000000
0.040000, 0.340000, 1.820000, 0.595680, 0.381167, -1.000000, 0.433085, -1.000000
0.040000, 0.350000, 1.810000, 0.609000, 0.384009, -1.000000, 0.436987, -1.000000
0.040000, 0.360000, 1.800000, 0.622080, 0.386859, -1.000000, 0.440897, -1.000000
0.040000, 0.370000, 1.790000, 0.634920, 0.389717, -1.000000, 0.444814, -1.000000
0.040000, 0.380000, 1.780000, 0.647520, 0.392582, -1.000000, 0.448739, -1.000000
0.040000, 0.390000, 1.770000, 0.659880, 0.395455, -1.000000, 0.452669, -1.000000
0.040000, 0.400000, 1.760000, 0.672000, 0.398336, -1.000000, 0.456606, -1.000000
0.040000, 0.410000, 1.750000, 0.683880, 0.401223, -1.000000, 0.460548, -1.000000
0.040000, 0.420000, 1.740000, 0.695520, 0.404117, -1.000000, 0.464495, -1.000000
0.040000, 0.430000, 1.730000, 0.706920, 0.407018, -1.000000, 0.468446, -1.000000
0.040000, 0.440000, 1.720000, 0.718080, 0.409925, -1.000000, 0.472401, -1.000000
0.040000, 0.450000, 1.710000, 0.729000, 0.412838, -1.000000, 0.476360, -1.000000
0.040000, 0.460000, 1.700000, 0.739680, 0.415758, -1.000000, 0.477514, -1.000000
0.040000, 0.470000, 1.690000, 0.750120, 0.418684, -1.000000, 0.477741, -1.000000
0.040000, 0.480000, 1.680000, 0.760320, 0.421615, -1.000000, 0.477968, -1.000000
0.040000, 0.490000, 1.670000, 0.770280, 0.423534, -1.000000, 0.478195, -1.000000
0.040000, 0.500000, 1.660000, 0.780000, 0.424158, -1.000000, 0.478422, -1.000000
0.040000, 0.510000, 1.650000, 0.789480, 0.424783, -1.000000, 0.478649, -1.000000
0.040000, 0.520000, 1.640000, 0.798720, 0.425408, -1.000000, 0.478876, -1.000000
0.040000, 0.530000, 1.630000, 0.807720, 0.426033, -1.000000, 0.479102, -1.000000
0.040000, 0.540000, 1.620000, 0.816480, 0.426658, -1.000000, 0.479329, -1.000000
0.040000, 0.550000, 1.610000, 0.825000, 0.427284, -1.000000, 0.479556, -1.000000
0.040000, 0.560000, 1.600000, 0.833280, 0.427910, -1.000000, 0.479783, -1.000000
0.040000, 0.570000, 1.590000, 0.841320, 0.428536, -1.000000, 0.480010, -1.000000
0.040000, 0.580000, 1.580000, 0.849120, 0.428694, -1.000000, 0.480237, -1.000000
0.040000, 0.590000, 1.570000, 0.856680, 0.428706, -1.000000, 0.480464, -1.000000
0.040000, 0.600000, 1.560000, 0.864000, 0.428719, -1.000000, 0.480691, -1.000000
0.040000, 0.610000, 1.550000, 0.871080, 0.428732, -1.000000, 0.480918, -1.000000
0.040000, 0.620000, 1.540000, 0.877920, 0.428745, -1.000000, 0.481145, -1.000000
0.040000, 0.630000, 1.530000, 0.884520, 0.428757, -1.000000, 0.481372, -1.000000
0.040000, 0.640000, 1.520000, 0.890880, 0.428770, -1.000000, 0.481599, -1.000000
0.040000, 0.650000, 1.510000, 0.897000, 0.427864, -1.000000, 0.481826, -1.000000
0.040000, 0.660000, 1.500000, 0.902880, 0.426644, -1.000000, 0.482053, -1.000000
0.040000, 0.670000, 1.490000, 0.908520, 0.425425, -1.000000, 0.482280, -1.000000
0.040000, 0.680000, 1.480000, 0.913920, 0.424207, -1.000000, 0.482507, -1.000000
0.040000, 0.690000, 1.470000, 0.919080, 0.422990, -1.000000, 0.482734, -1.000000
0.040000, 0.700000, 1.460000, 0.924000, 0.421774, -1.000000, 0.482961, -1.000000
0.040000, 0.710000, 1.450000, 0.928680, 0.420559, -1.000000, 0.483188, -1.000000
0.040000, 0.720000, 1.440000, 0.933120, 0.419345, -1.000000, 0.483415, -1.000000
0.040000, 0.730000, 1.430000, 0.937320, 0.418132, -1.000000, 0.483642, -1.000000
0.040000, 0.740000, 1.420000, 0.941280, 0.416920, -1.000000, 0.483869, -1.000000
0.040000, 0.750000, 1.410000, 0.945000, 0.414620, -1.000000, 0.484096, -1.000000
0.040000, 0.760000, 1.400000, 0.948480, 0.410521, -1.000000, 0.483186, -1.000000
0.040000, 0.770000, 1.390000, 0.951720, 0.406435, -1.000000, 0.480397, -1.000000
0.040000, 0.780000, 1.380000, 0.954720, 0.402362, -1.000000, 0.477608, -1.000000
0.040000, 0.790000, 1.370000, 0.957480, 0.398302, -1.000000, 0.474821, -1.000000
0.040000, 0.800000, 1.360000, 0.960000, 0.394256, -1.000000, 0.472036, -1.000000
0.040000, 0.810000, 1.350001, 0.962280, 0.390224, -1.000000, 0.469252, -1.000000
0.040000, 0.820000, 1.340001, 0.964320, 0.386208, -1.000000, 0.466470, -1.000000
0.040000, 0.830000, 1.330001, 0.966120, 0.382207, -1.000000, 0.463691, -1.000000
0.040000, 0.839999, 1.320001, 0.967680, 0.378221, -1.000000, 0.460913, -1.000000
0.040000, 0.849999, 1.310001, 0.969000, 0.374252, -1.000000, 0.458138, -1.000000
0.040000, 0.859999, 1.300001, 0.970080, 0.370300, -1.000000, 0.455366, -1.000000
0.040000, 0.869999, 1.290001, 0.970920, 0.366366, -1.000000, 0.452596, -1.000000
0.040000, 0.879999, 1.280001, 0.971520, 0.362449, -1.000000, 0.449829, -1.000000
0.040000, 0.889999, 1.270001, 0.971880, 0.358550, -1.000000, 0.447065, -1.000000
0.040000, 0.899999, 1.260001, 0.972000, 0.354670, -1.000000, 0.444305, -1.000000
0.040000, 0.909999, 1.250001, 0.971880, 0.350809, -1.000000, 0.441548, -1.000000
0.040000, 0.919999, 1.240001, 0.971520, 0.346967, -1.000000, 0.438795, -1.000000
0.040000, 0.929999, 1.230001, 0.970920, 0.343145, -1.000000, 0.436045, -1.000000
0.040000, 0.939999, 1.220001, 0.970080, 0.339343, -1.000000, 0.433300, -1.000000
0.040000, 0.949999, 1.210001, 0.969000, 0.335562, -1.000000, 0.430558, -1.000000
0.040000, 0.959999, 1.200001, 0.967680, 0.331802, -1.000000, 0.427821, -1.000000
0.040000, 0.969999, 1.190001, 0.966120, 0.328063, -1.000000, 0.425088, -1.000000
0.040000, 0.979999, 1.180001, 0.964320, 0.324346, -1.000000, 0.422359, -1.000000
0.040000, 0.989999, 1.170001, 0.962280, 0.320651, -1.000000, 0.419636, -1.000000
0.040000, 0.999999, 1.160001, 0.960000, 0.316979, -1.000000, 0.416917, -1.000000
0.050000, 0.000000, 2.150000, 0.000000, 0.227277, 0.655244, 0.277657, 0.758843
0.050000, 0.010000, 2.140000, 0.021380, 0.232221, -1.000000, 0.282378, -1.000000
0.050000, 0.020000, 2.130000, 0.042520, 0.237241, -1.000000, 0.287147, -1.000000
0.050000, 0.030000, 2.120000, 0.063420, 0.242334, -1.000000, 0.291963, -1.000000
0.050000, 0.040000, 2.110000, 0.084080, 0.247502, -1.000000, 0.296636, -1.000000
0.050000, 0.050000, 2.100000, 0.104500, 0.252742, -1.000000, 0.301331, -1.000000
0.050000, 0.060000, 2.090000, 0.124680, 0.258056, -1.000000, 0.306067, -1.000000
0.050000, 0.070000, 2.080000, 0.144620, 0.263442, -1.000000, 0.310845, -1.000000
0.050000, 0.080000, 2.070000, 0.164320, 0.268900, -1.000000, 0.315664, -1.000000
0.050000, 0.090000, 2.060000, 0.183780, 0.274429, -1.000000, 0.320523, -1.000000
0.050000, 0.100000, 2.050000, 0.203000, 0.280028, -1.000000, 0.325421, -1.000000
0.050000, 0.110000, 2.040000, 0.221980, 0.285696, -1.000000, 0.330357, -1.000000
0.050000, 0.120000, 2.030000, 0.240720, 0.291432, -1.000000, 0.335332, -1.000000
0.050000, 0.130000, 2.020000, 0.259220, 0.297236, -1.000000, 0.340342, -1.000000
0.050000, 0.140000, 2.010000, 0.277480, 0.303106, -1.000000, 0.345389, -1.000000
0.050000, 0.150000, 2.000000, 0.295500, 0.309040, -1.000000, 0.350471, -1.000000
0.050000, 0.160000, 1.990000, 0.313280, 0.314729, -1.000000, 0.355587, -1.000000
0.050000, 0.170000, 1.980000, 0.330820, 0.319983, -1.000000, 0.360737, -1.000000
0.050000, 0.180000, 1.970000, 0.348120, 0.325283, -1.000000, 0.365918, -1.000000
0.050000, 0.190000, 1.960000, 0.365180, 0.330629, -1.000000, 0.371131, -1.000000
0.050000, 0.200000, 1.950000, 0.382000, 0.336018, -1.000000, 0.376374, -1.000000
0.050000, 0.210000, 1.940000, 0.398580, 0.341450, -1.000000, 0.381646, -1.000000
0.050000, 0.220000, 1.930000, 0.414920, 0.346925, -1.000000, 0.386946, -1.000000
0.050000, 0.230000, 1.920000, 0.431020, 0.350469, -1.000000, 0.390830, -1.000000
0.050000, 0.240000, 1.910000, 0.446880, 0.353213, -1.000000, 0.394617, -1.000000
0.050000, 0.250000, 1.900000, 0.462500, 0.355967, -1.000000, 0.398416, -1.000000
0.050000, 0.260000, 1.890000, 0.477880, 0.358730, -1.000000, 0.402227, -1.000000
0.050000, 0.270000, 1.880000, 0.493020, 0.361503, -1.000000, 0.406051, -1.000000
0.050000, 0.280000, 1.870000, 0.507920, 0.364285, -1.000000, 0.409885, -1.000000
0.050000, 0.290000, 1.860000, 0.522580, 0.367076, -1.000000, 0.413731, -1.000000
0.050000, 0.300000, 1.850000, 0.537000, 0.369876, -1.000000, 0.417587, -1.000000
0.050000, 0.310000, 1.840000, 0.551180, 0.372684, -1.000000, 0.421454, -1.000000
0.050000, 0.320000, 1.830000, 0.565120, 0.375502, -1.000000, 0.425330, -1.000000
0.050000, 0.330000, 1.820000, 0.578820, 0.378327, -1.000000, 0.429215, -1.000000
0.050000, 0.340000, 1.810000, 0.592280, 0.381162, -1.000000, 0.433109, -1.000000
0.050000, 0.350000, 1.800000, 0.605500, 0.384004, -1.000000, 0.437011, -1.000000
0.050000, 0.360000, 1.790000, 0.618480, 0.386854, -1.000000, 0.440921, -1.000000
0.050000, 0.370000, 1.780000, 0.631220, 0.389712, -1.000000, 0.444839, -1.000000
0.050000, 0.380000, 1.770000, 0.643720, 0.392577, -1.000000, 0.448763, -1.000000
0.050000, 0.390000, 1.760000, 0.655980, 0.395450, -1.000000, 0.452694, -1.000000
0.050000, 0.400000, 1.750000, 0.668000, 0.398330, -1.000000, 0.456630, -1.000000
0.050000, 0.410000, 1.740000, 0.679780, 0.401217, -1.000000, 0.460572, -1.000000
0.050000, 0.420000, 1.730000, 0.691320, 0.404112, -1.000000, 0.464519, -1.000000
0.050000, 0.430000, 1.720000, 0.702620, 0.407012, -1.000000, 0.468471, -1.000000
0.050000, 0.440000, 1.710000, 0.713680, 0.409920, -1.000000, 0.472426, -1.000000
0.050000, 0.450000, 1.700000, 0.724500, 0.412833, -1.000000, 0.476385, -1.000000
0.050000, 0.460000, 1.690000, 0.735080, 0.415753, -1.000000, 0.477471, -1.000000
0.050000, 0.470000, 1.680000, 0.745420, 0.418678, -1.000000, 0.477698, -1.000000
0.050000, 0.480000, 1.670000, 0.755520, 0.421610, -1.000000, 0.477924, -1.000000
0.050000, 0.490000, 1.660000, 0.765380, 0.423574, -1.000000, 0.478151, -1.000000
0.050000, 0.500000, 1.650000, 0.775000, 0.424199, -1.000000, 0.478378, -1.000000
0.050000, 0.510000, 1.640000, 0.784380, 0.424824, -1.000000, 0.478605, -1.000000
0.050000, 0.520000, 1.630000, 0.793520, 0.425448, -1.000000, 0.478832, -1.000000
0.050000, 0.530000, 1.620000, 0.802420, 0.426074, -1.000000, 0.479059, -1.000000
0.050000, 0.540000, 1.610000, 0.811080, 0.426699, -1.000000, 0.479286, -1.000000
0.050000, 0.550000, 1.600000, 0.819500, 0.427325, -1.000000, 0.479513, -1.000000
0.050000, 0.560000, 1.590000, 0.827680, 0.427950, -1.000000, 0.479740, -1.000000
0.050000, 0.570000, 1.580000, 0.835620, 0.428576, -1.000000, 0.479967, -1.000000
0.050000, 0.580000, 1.570000, 0.843320, 0.428704, -1.000000, 0.480194, -1.000000
0.050000, 0.590000, 1.560000, 0.850780, 0.428717, -1.000000, 0.480421, -1.000000
0.050000, 0.600000, 1.550000, 0.858000, 0.428729, -1.000000, 0.480648, -1.000000
0.050000, 0.610000, 1.540000, 0.864980, 0.428742, -1.000000, 0.480874, -1.000000
0.050000, 0.620000, 1.530000, 0.871720, 0.428755, -1.000000, 0.481101, -1.000000
0.050000, 0.630000, 1.520000, 0.878220, 0.428768, -1.000000, 0.481328, -1.000000
0.050000, 0.640000, 1.510000, 0.884480, 0.428780, -1.000000, 0.481555, -1.000000
0.050000, 0.650000, 1.500000, 0.890500, 0.427912, -1.000000, 0.481782, -1.000000
0.050000, 0.660000, 1.490000, 0.896280, 0.426692, -1.000000, 0.482009, -1.000000
0.050000, 0.670000, 1.480000, 0.901820, 0.425473, -1.000000, 0.482237, -1.000000
0.050000, 0.680000, 1.470000, 0.907120, 0.424255, -1.000000, 0.482463, -1.000000
0.050000, 0.690000, 1.460000, 0.912180, 0.423038, -1.000000, 0.482691, -1.000000
0.050000, 0.700000, 1.450000, 0.917000, 0.421822, -1.000000, 0.482918, -1.000000
0.050000, 0.710000, 1.440000, 0.921580, 0.420607, -1.000000, 0.483145, -1.000000
0.050000, 0.720000, 1.430000, 0.925920, 0.419393, -1.000000, 0.483372, -1.000000
0.050000, 0.730000, 1.420000, 0.930020, 0.418180, -1.000000, 0.483599, -1.000000
0.050000, 0.740000, 1.410000, 0.933880, 0.416968, -1.000000, 0.483826, -1.000000
0.050000, 0.750000, 1.400000, 0.937500, 0.414817, -1.000000, 0.484053, -1.000000
0.050000, 0.760000, 1.390000, 0.940880, 0.410718, -1.000000, 0.483155, -1.000000
0.050000, 0.770000, 1.380000, 0.944020, 0.406631, -1.000000, 0.480365, -1.000000
0.050000, 0.780000, 1.370000, 0.946920, 0.402557, -1.000000, 0.477577, -1.000000
0.050000, 0.790000, 1.360000, 0.949580, 0.398497, -1.000000, 0.474790, -1.000000
0.050000, 0.800000, 1.350001, 0.952000, 0.394450, -1.000000, 0.472004, -1.000000
0.050000, 0.810000, 1.340001, 0.954180, 0.390418, -1.000000, 0.469220, -1.000000
0.050000, 0.820000, 1.330001, 0.956120, 0.386401, -1.000000, 0.466439, -1.000000
0.050000, 0.830000, 1.320001, 0.957820, 0.382399, -1.000000, 0.463659, -1.000000
0.050000, 0.839999, 1.310001, 0.959280, 0.378413, -1.000000, 0.460882, -1.000000
0.050000, 0.849999, 1.300001, 0.960500, 0.374443, -1.000000, 0.458106, -1.000000
0.050000, 0.859999, 1.290001, 0.961480, 0.370490, -1.000000, 0.455334, -1.000000
0.050000, 0.869999, 1.280001, 0.962220, 0.366555, -1.000000, 0.452564, -1.000000
0.050000, 0.879999, 1.270001, 0.962720, 0.362637, -1.000000, 0.449798, -1.000000
0.050000, 0.889999, 1.260001, 0.962980, 0.358737, -1.000000, 0.447034, -1.000000
0.050000, 0.899999, 1.250001, 0.963000, 0.354856, -1.000000, 0.444274, -1.000000
0.050000, 0.909999, 1.240001, 0.962780, 0.350994, -1.000000, 0.441517, -1.000000
0.050000, 0.919999, 1.230001, 0.962320, 0.347151, -1.000000, 0.438763, -1.000000
0.050000, 0.929999, 1.220001, 0.961620, 0.343329, -1.000000, 0.436014, -1.000000
0.050000, 0.939999, 1.210001, 0.960680, 0.339526, -1.000000, 0.433268, -1.000000
0.050000, 0.949999, 1.200001, 0.959500, 0.335744, -1.000000, 0.430527, -1.000000
0.050000, 0.959999, 1.190001, 0.958080, 0.331983, -1.000000, 0.427789, -1.000000
0.050000, 0.969999, 1.180001, 0.956420, 0.328243, -1.000000, 0.425057, -1.000000
0.050000, 0.979999, 1.170001, 0.954520, 0.324525, -1.000000, 0.422328, -1.000000
0.050000, 0.989999, 1.160001, 0.952380, 0.320829, -1.000000, 0.419605, -1.000000
0.050000, 0.999999, 1.150001, 0.950000, 0.317155, -1.000000, 0.416886, -1.000000
0.060000, 0.000000, 2.140000, 0.000000, 0.227176, 0.655249, 0.277846, 0.758837
0.060000, 0.010000, 2.130000, 0.021280, 0.232120, -1.000000, 0.282569, -1.000000
0.060000, 0.020000, 2.120000, 0.042320, 0.237137, -1.000000, 0.287339, -1.000000
0.060000, 0.030000, 2.110000, 0.063120, 0.242229, -1.000000, 0.291963, -1.000000
0.060000, 0.040000, 2.100000, 0.083680, 0.247395, -1.000000, 0.296615, -1.000000
0.060000, 0.050000, 2.090000, 0.104000, 0.252635, -1.000000, 0.301310, -1.000000
0.060000, 0.060000, 2.080000, 0.124080, 0.257947, -1.000000, 0.306047, -1.000000
0.060000, 0.070000, 2.070000, 0.143920, 0.263332, -1.000000, 0.310825, -1.000000
0.060000, 0.080000, 2.060000, 0.163520, 0.268788, -1.000000, 0.315643, -1.000000
0.060000, 0.090000, 2.050000, 0.182880, 0.274315, -1.000000, 0.320502, -1.000000
0.060000, 0.100000, 2.040000, 0.202000, 0.279913, -1.000000, 0.325400, -1.000000
0.060000, 0.110000, 2.030000, 0.220880, 0.285579, -1.000000, 0.330336, -1.000000
0.060000, 0.120000, 2.020000, 0.239520, 0.291314, -1.000000, 0.335310, -1.000000
0.060000, 0.130000, 2.010000, 0.257920, 0.297117, -1.000000, 0.340321, -1.000000
0.060000, 0.140000, 2.000000, 0.276080, 0.302985, -1.000000, 0.345367, -1.000000
0.060000, 0.150000, 1.990000, 0.294000, 0.308919, -1.000000, 0.350449, -1.000000
0.060000, 0.160000, 1.980000, 0.311680, 0.314677, -1.000000, 0.355565, -1.000000
0.060000, 0.170000, 1.970000, 0.329120, 0.319931, -1.000000, 0.360714, -1.000000
0.060000, 0.180000, 1.960000, 0.346320, 0.325231, -1.000000, 0.365896, -1.000000
0.060000, 0.190000, 1.950000, 0.363280, 0.330575, -1.000000, 0.371108, -1.000000
0.060000, 0.200000, 1.940000, 0.380000, 0.335964, -1.000000, 0.376351, -1.000000
0.060000, 0.210000, 1.930000, 0.396480, 0.341396, -1.000000, 0.381623, -1.000000
0.060000, 0.220000, 1.920000, 0.412720, 0.346870, -1.000000, 0.386923, -1.000000
0.060000, 0.230000, 1.910000, 0.428720, 0.350464, -1.000000, 0.390854, -1.000000
0.060000, 0.240000, 1.900000, 0.444480, 0.353208, -1.000000, 0.394640, -1.000000
0.060000, 0.250000, 1.890000, 0.460000, 0.355962, -1.000000, 0.398439, -1.000000
0.060000, 0.260000, 1.880000, 0.475280, 0.358725, -1.000000, 0.402251, -1.000000
0.060000, 0.270000, 1.870000, 0.490320, 0.361498, -1.000000, 0.406074, -1.000000
0.060000, 0.280000, 1.860000, 0.505120, 0.364280, -1.000000, 0.409909, -1.000000
0.060000, 0.290000, 1.850000, 0.519680, 0.367071, -1.000000, 0.413755, -1.000000
0.060000, 0.300000, 1.840000, 0.534000, 0.369870, -1.000000, 0.417611, -1.000000
0.060000, 0.310000, 1.830000, 0.548080, 0.372679, -1.000000, 0.421478, -1.000000
0.060000, 0.320000, 1.820000, 0.561920, 0.375496, -1.000000, 0.425354, -1.000000
0.060000, 0.330000, 1.810000, 0.575520, 0.378322, -1.000000, 0.429239, -1.000000
0.060000, 0.340000, 1.800000, 0.588880, 0.381156, -1.000000, 0.433133, -1.000000
0.060000, 0.350000, 1.790000, 0.602000, 0.383998, -1.000000, 0.437036, -1.000000
0.060000, 0.360000, 1.780000, 0.614880, 0.386849, -1.000000, 0.440946, -1.000000
0.060000, 0.370000, 1.770000, 0.627520, 0.389706, -1.000000, 0.444863, -1.000000
0.060000, 0.380000, 1.760000, 0.639920, 0.392572, -1.000000, 0.448788, -1.000000
0.060000, 0.390000, 1.750000, 0.652080, 0.395445, -1.000000, 0.452718, -1.000000
0.060000, 0.400000, 1.740000, 0.664000, 0.398325, -1.000000, 0.456655, -1.000000
0.060000, 0.410000, 1.730000, 0.675680, 0.401212, -1.000000, 0.460597, -1.000000
0.060000, 0.420000, 1.720000, 0.687120, 0.404106, -1.000000, 0.464544, -1.000000
0.060000, 0.430000, 1.710000, 0.698320, 0.407007, -1.000000, 0.468495, -1.000000
0.060000, 0.440000, 1.700000, 0.709280, 0.409914, -1.000000, 0.472451, -1.000000
0.060000, 0.450000, 1.690000, 0.720000, 0.412828, -1.000000, 0.476410, -1.000000
0.060000, 0.460000, 1.680000, 0.730480, 0.415747, -1.000000, 0.477427, -1.000000
0.060000, 0.470000, 1.670000, 0.740720, 0.418673, -1.000000, 0.477654, -1.000000
0.060000, 0.480000, 1.660000, 0.750720, 0.421604, -1.000000, 0.477881, -1.000000
0.060000, 0.490000, 1.650000, 0.760480, 0.423615, -1.000000, 0.478108, -1.000000
0.060000, 0.500000, 1.640000, 0.770000, 0.424239, -1.000000, 0.478335, -1.000000
0.060000, 0.510000, 1.630000, 0.779280, 0.424864, -1.000000, 0.478562, -1.000000
0.060000, 0.520000, 1.620000, 0.788320, 0.425489, -1.000000, 0.478789, -1.000000
0.060000, 0.530000, 1.610000, 0.797120, 0.426114, -1.000000, 0.479015, -1.000000
0.060000, 0.540000, 1.600000, 0.805680, 0.426740, -1.000000, 0.479242, -1.000000
0.060000, 0.550000, 1.590000, 0.814000, 0.427365, -1.000000, 0.479469, -1.000000
0.060000, 0.560000, 1.580000, 0.822080, 0.427991, -1.000000, 0.479696, -1.000000
0.060000, 0.570000, 1.570000, 0.829920, 0.428617, -1.000000, 0.479923, -1.000000
0.060000, 0.580000, 1.560000, 0.837520, 0.428714, -1.000000, 0.480150, -1.000000
0.060000, 0.590000, 1.550000, 0.844880, 0.428727, -1.000000, 0.480377, -1.000000
0.060000, 0.600000, 1.540000, 0.852000, 0.428739, -1.000000, 0.480604, -1.000000
0.060000, 0.610000, 1.530000, 0.858880, 0.428752, -1.000000, 0.480831, -1.000000
0.060000, 0.620000, 1.520000, 0.865520, 0.428765, -1.000000, 0.481058, -1.000000
0.060000, 0.630000, 1.510000, 0.871920, 0.428778, -1.000000, 0.481285, -1.000000
0.060000, 0.640000, 1.500000, 0.878080, 0.428791, -1.000000, 0.481512, -1.000000
0.060000, 0.650000, 1.490000, 0.884000, 0.427960, -1.000000, 0.481739, -1.000000
0.060000, 0.660000, 1.480000, 0.889680, 0.426740, -1.000000, 0.481966, -1.000000
0.060000, 0.670000, 1.470000, 0.895120, 0.425521, -1.000000, 0.482193, -1.000000
0.060000, 0.680000, 1.460000, 0.900320, 0.424303, -1.000000, 0.482420, -1.000000
0.060000, 0.690000, 1.450000, 0.905280, 0.423086, -1.000000, 0.482647, -1.000000
0.060000, 0.700000, 1.440000, 0.910000, 0.421870, -1.000000, 0.482874, -1.000000
0.060000, 0.710000, 1.430000, 0.914480, 0.420655, -1.000000, 0.483101, -1.000000
0.060000, 0.720000, 1.420000, 0.918720, 0.419441, -1.000000, 0.483328, -1.000000
0.060000, 0.730000, 1.410000, 0.922720, 0.418228, -1.000000, 0.483555, -1.000000
0.060000, 0.740000, 1.400000, 0.926480, 0.417016, -1.000000, 0.483782, -1.000000
0.060000, 0.750000, 1.390000, 0.930000, 0.415015, -1.000000, 0.484009, -1.000000
0.060000, 0.760000, 1.380000, 0.933280, 0.410915, -1.000000, 0.483123, -1.000000
0.060000, 0.770000, 1.370000, 0.936320, 0.406828, -1.000000, 0.480333, -1.000000
0.060000, 0.780000, 1.360000, 0.939120, 0.402753, -1.000000, 0.477545, -1.000000
0.060000, 0.790000, 1.350001, 0.941680, 0.398692, -1.000000, 0.474758, -1.000000
0.060000, 0.800000, 1.340001, 0.944000, 0.394645, -1.000000, 0.471972, -1.000000
0.060000, 0.810000, 1.330001, 0.946080, 0.390612, -1.000000, 0.469189, -1.000000
0.060000, 0.820000, 1.320001, 0.947920, 0.386594, -1.000000, 0.466407, -1.000000
0.060000, 0.830000, 1.310001, 0.949520, 0.382591, -1.000000, 0.463627, -1.000000
0.060000, 0.839999, 1.300001, 0.950880, 0.378604, -1.000000, 0.460850, -1.000000
0.060000, 0.849999, 1.290001, 0.952000, 0.374634, -1.000000, 0.458075, -1.000000
0.060000, 0.859999, 1.280001, 0.952880, 0.370680, -1.000000, 0.455303, -1.000000
0.060000, 0.869999, 1.270001, 0.953520, 0.366744, -1.000000, 0.452533, -1.000000
0.060000, 0.879999, 1.260001, 0.953920, 0.362825, -1.000000, 0.449766, -1.000000
0.060000, 0.889999, 1.250001, 0.954080, 0.358924, -1.000000, 0.447003, -1.000000
0.060000, 0.899999, 1.240001, 0.954000, 0.355042, -1.000000, 0.444242, -1.000000
0.060000, 0.909999, 1.230001, 0.953680, 0.351179, -1.000000, 0.441485, -1.000000
0.060000, 0.919999, 1.220001, 0.953120, 0.347336, -1.000000, 0.438732, -1.000000
0.060000, 0.929999, 1.210001, 0.952320, 0.343512, -1.000000, 0.435983, -1.000000
0.060000, 0.939999, 1.200001, 0.951280, 0.339708, -1.000000, 0.433237, -1.000000
0.060000, 0.949999, 1.190001, 0.950000, 0.335925, -1.000000, 0.430496, -1.000000
0.060000, 0.959999, 1.180001, 0.948480, 0.332163, -1.000000, 0.427758, -1.000000
0.060000, 0.969999, 1.170001, 0.946720, 0.328422, -1.000000, 0.425026, -1.000000
0.060000, 0.979999, 1.160001, 0.944720, 0.324703, -1.000000, 0.422297, -1.000000
0.060000, 0.989999, 1.150001, 0.942480, 0.321006, -1.000000, 0.419574, -1.000000
0.060000, 0.999999, 1.140001, 0.940000, 0.317331, -1.000000, 0.416855, -1.000000
0.070000, 0.000000, 2.130000, 0.000000, 0.227076, 0.655254, 0.278035, 0.758831
0.070000, 0.010000, 2.120000, 0.021180, 0.232018, -1.000000, 0.282759, -1.000000
0.070000, 0.020000, 2.110000, 0.042120, 0.237034, -1.000000, 0.287335, -1.000000
0.070000, 0.030000, 2.100000, 0.062820, 0.242125, -1.000000, 0.291943, -1.000000
0.070000, 0.040000, 2.090000, 0.083280, 0.247289, -1.000000, 0.296595, -1.000000
0.070000, 0.050000, 2.080000, 0.103500, 0.252527, -1.000000, 0.301290, -1.000000
0.070000, 0.060000, 2.070000, 0.123480, 0.257838, -1.000000, 0.306026, -1.000000
0.070000, 0.070000, 2.060000, 0.143220, 0.263221, -1.000000, 0.310804, -1.000000
0.070000, 0.080000, 2.050000, 0.162720, 0.268676, -1.000000, 0.315622, -1.000000
0.070000, 0.090000, 2.040000, 0.181980, 0.274202, -1.000000, 0.320481, -1.000000
0.070000, 0.100000, 2.030000, 0.201000, 0.279798, -1.000000, 0.325378, -1.000000
0.070000, 0.110000, 2.020000, 0.219780, 0.285463, -1.000000, 0.330314, -1.000000
0.070000, 0.120000, 2.010000, 0.238320, 0.291197, -1.000000, 0.335288, -1.000000
0.070000, 0.130000, 2.000000, 0.256620, 0.296998, -1.000000, 0.340299, -1.000000
0.070000, 0.140000, 1.990000, 0.274680, 0.302865, -1.000000, 0.345345, -1.000000
0.070000, 0.150000, 1.980000, 0.292500, 0.308797, -1.000000, 0.350427, -1.000000
0.070000, 0.160000, 1.970000, 0.310080, 0.314625, -1.000000, 0.355543, -1.000000
0.070000, 0.170000, 1.960000, 0.327420, 0.319879, -1.000000, 0.360692, -1.000000
0.070000, 0.180000, 1.950000, 0.344520, 0.325178, -1.000000, 0.365873, -1.000000
0.070000, 0.190000, 1.940000, 0.361380, 0.330522, -1.000000, 0.371086, -1.000000
0.070000, 0.200000, 1.930000, 0.378000, 0.335911, -1.000000, 0.376328, -1.000000
0.070000, 0.210000, 1.920000, 0.394380, 0.341342, -1.000000, 0.381600, -1.000000
0.070000, 0.220000, 1.910000, 0.410520, 0.346816, -1.000000, 0.386900, -1.000000
0.070000, 0.230000, 1.900000, 0.426420, 0.350459, -1.000000, 0.390877, -1.000000
0.070000, 0.240000, 1.890000, 0.442080, 0.353203, -1.000000, 0.394664, -1.000000
0.070000, 0.250000, 1.880000, 0.457500, 0.355957, -1.000000, 0.398463, -1.000000
0.070000, 0.260000, 1.870000, 0.472680, 0.358720, -1.000000, 0.402275, -1.000000
0.070000, 0.270000, 1.860000, 0.487620, 0.361493, -1.000000, 0.406098, -1.000000
0.070000, 0.280000, 1.850000, 0.502320, 0.364275, -1.000000, 0.409933, -1.000000
0.070000, 0.290000, 1.840000, 0.516780, 0.367066, -1.000000, 0.413779, -1.000000
0.070000, 0.300000, 1.830000, 0.531000, 0.369865, -1.000000, 0.417636, -1.000000
0.070000, 0.310000, 1.820000, 0.544980, 0.372674, -1.000000, 0.421502, -1.000000
0.070000, 0.320000, 1.810000, 0.558720, 0.375491, -1.000000, 0.425378, -1.000000
0.070000, 0.330000, 1.800000, 0.572220, 0.378317, -1.000000, 0.429264, -1.000000
0.070000, 0.340000, 1.790000, 0.585480, 0.381151, -1.000000, 0.433158, -1.000000
0.070000, 0.350000, 1.780000, 0.598500, 0.383993, -1.000000, 0.437060, -1.000000
0.070000, 0.360000, 1.770000, 0.611280, 0.386843, -1.000000, 0.440970, -1.000000
0.070000, 0.370000, 1.760000, 0.623820, 0.389701, -1.000000, 0.444888, -1.000000
0.070000, 0.380000, 1.750000, 0.636120, 0.392567, -1.000000, 0.448812, -1.000000
0.070000, 0.390000, 1.740000, 0.648180, 0.395440, -1.000000, 0.452743, -1.000000
0.070000, 0.400000, 1.730000, 0.660000, 0.398320, -1.000000, 0.456680, -1.000000
0.070000, 0.410000, 1.720000, 0.671580, 0.401207, -1.000000, 0.460622, -1.000000
0.070000, 0.420000, 1.710000, 0.682920, 0.404101, -1.000000, 0.464569, -1.000000
0.070000, 0.430000, 1.700000, 0.694020, 0.407002, -1.000000, 0.468520, -1.000000
0.070000, 0.440000, 1.690000, 0.704880, 0.409909, -1.000000, 0.472475, -1.000000
0.070000, 0.450000, 1.680000, 0.715500, 0.412822, -1.000000, 0.476434, -1.000000
0.070000, 0.460000, 1.670000, 0.725880, 0.415742, -1.000000, 0.477384, -1.000000
0.070000, 0.470000, 1.660000, 0.736020, 0.418668, -1.000000, 0.477611, -1.000000
0.070000, 0.480000, 1.650000, 0.745920, 0.421599, -1.000000, 0.477838, -1.000000
0.070000, 0.490000, 1.640000, 0.755580, 0.423656, -1.000000, 0.478064, -1.000000
0.070000, 0.500000, 1.630000, 0.765000, 0.424280, -1.000000, 0.478291, -1.000000
0.070000, 0.510000, 1.620000, 0.774180, 0.424905, -1.000000, 0.478518, -1.000000
0.070000, 0.520000, 1.610000, 0.783120, 0.425530, -1.000000, 0.478745, -1.000000
0.070000, 0.530000, 1.600000, 0.791820, 0.426155, -1.000000, 0.478972, -1.000000
0.070000, 0.540000, 1.590000, 0.800280, 0.426780, -1.000000, 0.479199, -1.000000
0.070000, 0.550000, 1.580000, 0.808500, 0.427406, -1.000000, 0.479426, -1.000000
0.070000, 0.560000, 1.570000, 0.816480, 0.428032, -1.000000, 0.479653, -1.000000
0.070000, 0.570000, 1.560000, 0.824220, 0.428658, -1.000000, 0.479880, -1.000000
0.070000, 0.580000, 1.550000, 0.831720, 0.428724, -1.000000, 0.480107, -1.000000
0.070000, 0.590000, 1.540000, 0.838980, 0.428737, -1.000000, 0.480334, -1.000000
0.070000, 0.600000, 1.530000, 0.846000, 0.428750, -1.000000, 0.480560, -1.000000
0.070000, 0.610000, 1.520000, 0.852780, 0.428762, -1.000000, 0.480787, -1.000000
0.070000, 0.620000, 1.510000, 0.859320, 0.428775, -1.000000, 0.481014, -1.000000
0.070000, 0.630000, 1.500000, 0.865620, 0.428788, -1.000000, 0.481241, -1.000000
0.070000, 0.640000, 1.490000, 0.871680, 0.428801, -1.000000, 0.481468, -1.000000
0.070000, 0.650000, 1.480000, 0.877500, 0.428008, -1.000000, 0.481695, -1.000000
0.070000, 0.660000, 1.470000, 0.883080, 0.426788, -1.000000, 0.481922, -1.000000
0.070000, 0.670000, 1.460000, 0.888420, 0.425569, -1.000000, 0.482149, -1.000000
0.070000, 0.680000, 1.450000, 0.893520, 0.424351, -1.000000, 0.482376, -1.000000
0.070000, 0.690000, 1.440000, 0.898380, 0.423134, -1.000000, 0.482603, -1.000000
0.070000, 0.700000, 1.430000, 0.903000, 0.421918, -1.000000, 0.482831, -1.000000
0.070000, 0.710000, 1.420000, 0.907380, 0.420703, -1.000000, 0.483058, -1.000000
0.070000, 0.720000, 1.410000, 0.911520, 0.419489, -1.000000, 0.483285, -1.000000
0.070000, 0.730000, 1.400000, 0.915420, 0.418276, -1.000000, 0.483512, -1.000000
0.070000, 0.740000, 1.390000, 0.919080, 0.417063, -1.000000, 0.483739, -1.000000
0.070000, 0.750000, 1.380000, 0.922500, 0.415213, -1.000000, 0.483966, -1.000000
0.070000, 0.760000, 1.370000, 0.925680, 0.411112, -1.000000, 0.483091, -1.000000
0.070000, 0.770000, 1.360000, 0.928620, 0.407024, -1.000000, 0.480302, -1.000000
0.070000, 0.780000, 1.350001, 0.931320, 0.402949, -1.000000, 0.477513, -1.000000
0.070000, 0.790000, 1.340001, 0.933780, 0.398887, -1.000000, 0.474726, -1.000000
0.070000, 0.800000, 1.330001, 0.936000, 0.394839, -1.000000, 0.471941, -1.000000
0.070000, 0.810000, 1.320001, 0.937980, 0.390806, -1.000000, 0.469157, -1.000000
0.070000, 0.820000, 1.310001, 0.939720, 0.386787, -1.000000, 0.466375, -1.000000
0.070000, 0.830000, 1.300001, 0.941220, 0.382783, -1.000000, 0.463596, -1.000000
0.070000, 0.839999, 1.290001, 0.942480, 0.378796, -1.000000, 0.460818, -1.000000
0.070000, 0.849999, 1.280001, 0.943500, 0.374825, -1.000000, 0.458043, -1.000000
0.070000, 0.859999, 1.270001, 0.944280, 0.370870, -1.000000, 0.455271, -1.000000
0.070000, 0.869999, 1.260001, 0.944820, 0.366933, -1.000000, 0.452501, -1.000000
0.070000, 0.879999, 1.250001, 0.945120, 0.363013, -1.000000, 0.449735, -1.000000
0.070000, 0.889999, 1.240001, 0.945180, 0.359112, -1.000000, 0.446971, -1.000000
0.070000, 0.899999, 1.230001, 0.945000, 0.355229, -1.000000, 0.444211, -1.000000
0.070000, 0.909999, 1.220001, 0.944580, 0.351365, -1.000000, 0.441454, -1.000000
0.070000, 0.919999, 1.210001, 0.943920, 0.347520, -1.000000, 0.438701, -1.000000
0.070000, 0.929999, 1.200001, 0.943020, 0.343696, -1.000000, 0.435951, -1.000000
0.070000, 0.939999, 1.190001, 0.941880, 0.339891, -1.000000, 0.433206, -1.000000
0.070000, 0.949999, 1.180001, 0.940500, 0.336107, -1.000000, 0.430464, -1.000000
0.070000, 0.959999, 1.170001, 0.938880, 0.332344, -1.000000, 0.427727, -1.000000
0.070000, 0.969999, 1.160001, 0.937020, 0.328602, -1.000000, 0.424994, -1.000000
0.070000, 0.979999, 1.150001, 0.934920, 0.324882, -1.000000, 0.422266, -1.000000
0.070000, 0.989999, 1.140001, 0.932580, 0.321183, -1.000000, 0.419543, -1.000000
0.070000, 0.999999, 1.130001, 0.930000, 0.317508, -1.000000, 0.416824, -1.000000
0.080000, 0.000000, 2.120000, 0.000000, 0.226976, 0.655258, 0.278224, 0.758825
0.080000, 0.010000, 2.110000, 0.021080, 0.231916, -1.000000, 0.282750, -1.000000
0.080000, 0.020000, 2.100000, 0.041920, 0.236931, -1.000000, 0.287315, -1.000000
0.080000, 0.030000, 2.090000, 0.062520, 0.242020, -1.000000, 0.291923, -1.000000
0.080000, 0.040000, 2.080000, 0.082880, 0.247183, -1.000000, 0.296575, -1.000000
0.080000, 0.050000, 2.070000, 0.103000, 0.252419, -1.000000, 0.301269, -1.000000
0.080000, 0.060000, 2.060000, 0.122880, 0.257729, -1.000000, 0.306005, -1.000000
0.080000, 0.070000, 2.050000, 0.142520, 0.263110, -1.000000, 0.310783, -1.000000
0.080000, 0.080000, 2.040000, 0.161920, 0.268564, -1.000000, 0.315601, -1.000000
0.080000, 0.090000, 2.030000, 0.181080, 0.274088, -1.000000, 0.320459, -1.000000
0.080000, 0.100000, 2.020000, 0.200000, 0.279683, -1.000000, 0.325357, -1.000000
0.080000, 0.110000, 2.010000, 0.218680, 0.285347, -1.000000, 0.330293, -1.000000
0.080000, 0.120000, 2.000000, 0.237120, 0.291079, -1.000000, 0.335267, -1.000000
0.080000, 0.130000, 1.990000, 0.255320, 0.296879, -1.000000, 0.340277, -1.000000
0.080000, 0.140000, 1.980000, 0.273280, 0.302744, -1.000000, 0.345323, -1.000000
0.080000, 0.150000, 1.970000, 0.291000, 0.308675, -1.000000, 0.350405, -1.000000
0.080000, 0.160000, 1.960000, 0.308480, 0.314574, -1.000000, 0.355521, -1.000000
0.080000, 0.170000, 1.950000, 0.325720, 0.319826, -1.000000, 0.360669, -1.000000
0.080000, 0.180000, 1.940000, 0.342720, 0.325125, -1.000000, 0.365851, -1.000000
0.080000, 0.190000, 1.930000, 0.359480, 0.330469, -1.000000, 0.371063, -1.000000
0.080000, 0.200000, 1.920000, 0.376000, 0.335857, -1.000000, 0.376306, -1.000000
0.080000, 0.210000, 1.910000, 0.392280, 0.341288, -1.000000, 0.381577, -1.000000
0.080000, 0.220000, 1.900000, 0.408320, 0.346762, -1.000000, 0.386877, -1.000000
0.080000, 0.230000, 1.890000, 0.424120, 0.350454, -1.000000, 0.390901, -1.000000
0.080000, 0.240000, 1.880000, 0.439680, 0.353198, -1.000000, 0.394688, -1.000000
0.080000, 0.250000, 1.870000, 0.455000, 0.355952, -1.000000, 0.398487, -1.000000
0.080000, 0.260000, 1.860000, 0.470080, 0.358715, -1.000000, 0.402299, -1.000000
0.080000, 0.270000, 1.850000, 0.484920, 0.361488, -1.000000, 0.406122, -1.000000
0.080000, 0.280000, 1.840000, 0.499520, 0.364269, -1.000000, 0.409957, -1.000000
0.080000, 0.290000, 1.830000, 0.513880, 0.367060, -1.000000, 0.413803, -1.000000
0.080000, 0.300000, 1.820000, 0.528000, 0.369860, -1.000000, 0.417660, -1.000000
0.080000, 0.310000, 1.810000, 0.541880, 0.372669, -1.000000, 0.421526, -1.000000
0.080000, 0.320000, 1.800000, 0.555520, 0.375486, -1.000000, 0.425402, -1.000000
0.080000, 0.330000, 1.790000, 0.568920, 0.378312, -1.000000, 0.429288, -1.000000
0.080000, 0.340000, 1.780000, 0.582080, 0.381146, -1.000000, 0.433182, -1.000000
0.080000, 0.350000, 1.770000, 0.595000, 0.383988, -1.000000, 0.437084, -1.000000
0.080000, 0.360000, 1.760000, 0.607680, 0.386838, -1.000000, 0.440995, -1.000000
0.080000, 0.370000, 1.750000, 0.620120, 0.389696, -1.000000, 0.444912, -1.000000
0.080000, 0.380000, 1.740000, 0.632320, 0.392561, -1.000000, 0.448837, -1.000000
0.080000, 0.390000, 1.730000, 0.644280, 0.395434, -1.000000, 0.452767, -1.000000
0.080000, 0.400000, 1.720000, 0.656000, 0.398314, -1.000000, 0.456704, -1.000000
0.080000, 0.410000, 1.710000, 0.667480, 0.401202, -1.000000, 0.460646, -1.000000
0.080000, 0.420000, 1.700000, 0.678720, 0.404096, -1.000000, 0.464593, -1.000000
0.080000, 0.430000, 1.690000, 0.689720, 0.406996, -1.000000, 0.468545, -1.000000
0.080000, 0.440000, 1.680000, 0.700480, 0.409903, -1.000000, 0.472500, -1.000000
0.080000, 0.450000, 1.670000, 0.711000, 0.412817, -1.000000, 0.476459, -1.000000
0.080000, 0.460000, 1.660000, 0.721280, 0.415737, -1.000000, 0.477340, -1.000000
0.080000, 0.470000, 1.650000, 0.731320, 0.418662, -1.000000, 0.477567, -1.000000
0.080000, 0.480000, 1.640000, 0.741120, 0.421594, -1.000000, 0.477794, -1.000000
0.080000, 0.490000, 1.630000, 0.750680, 0.423696, -1.000000, 0.478021, -1.000000
0.080000, 0.500000, 1.620000, 0.760000, 0.424321, -1.000000, 0.478248, -1.000000
0.080000, 0.510000, 1.610000, 0.769080, 0.424946, -1.000000, 0.478475, -1.000000
0.080000, 0.520000, 1.600000, 0.777920, 0.425570, -1.000000, 0.478702, -1.000000
0.080000, 0.530000, 1.590000, 0.786520, 0.426196, -1.000000, 0.478928, -1.000000
0.080000, 0.540000, 1.580000, 0.794880, 0.426821, -1.000000, 0.479155, -1.000000
0.080000, 0.550000, 1.570000, 0.803000, 0.427447, -1.000000, 0.479382, -1.000000
0.080000, 0.560000, 1.560000, 0.810880, 0.428073, -1.000000, 0.479609, -1.000000
0.080000, 0.570000, 1.550000, 0.818520, 0.428699, -1.000000, 0.479836, -1.000000
0.080000, 0.580000, 1.540000, 0.825920, 0.428734, -1.000000, 0.480063, -1.000000
0.080000, 0.590000, 1.530000, 0.833080, 0.428747, -1.000000, 0.480290, -1.000000
0.080000, 0.600000, 1.520000, 0.840000, 0.428760, -1.000000, 0.480517, -1.000000
0.080000, 0.610000, 1.510000, 0.846680, 0.428773, -1.000000, 0.480744, -1.000000
0.080000, 0.620000, 1.500000, 0.853120, 0.428785, -1.000000, 0.480971, -1.000000
0.080000, 0.630000, 1.490000, 0.859320, 0.428798, -1.000000, 0.481198, -1.000000
0.080000, 0.640000, 1.480000, 0.865280, 0.428811, -1.000000, 0.481425, -1.000000
0.080000, 0.650000, 1.470000, 0.871000, 0.428056, -1.000000, 0.481652, -1.000000
0.080000, 0.660000, 1.460000, 0.876480, 0.426836, -1.000000, 0.481879, -1.000000
0.080000, 0.670000, 1.450000, 0.881720, 0.425617, -1.000000, 0.482106, -1.000000
0.080000, 0.680000, 1.440000, 0.886720, 0.424399, -1.000000, 0.482333, -1.000000
0.080000, 0.690000, 1.430000, 0.891480, 0.423182, -1.000000, 0.482560, -1.000000
0.080000, 0.700000, 1.420000, 0.896000, 0.421966, -1.000000, 0.482787, -1.000000
0.080000, 0.710000, 1.410000, 0.900280, 0.420751, -1.000000, 0.483014, -1.000000
0.080000, 0.720000, 1.400000, 0.904320, 0.419537, -1.000000, 0.483241, -1.000000
0.080000, 0.730000, 1.390000, 0.908120, 0.418323, -1.000000, 0.483468, -1.000000
0.080000, 0.740000, 1.380000, 0.911680, 0.417111, -1.000000, 0.483695, -1.000000
0.080000, 0.750000, 1.370000, 0.915000, 0.415410, -1.000000, 0.483922, -1.000000
0.080000, 0.760000, 1.360000, 0.918080, 0.411309, -1.000000, 0.483059, -1.000000
0.080000, 0.770000, 1.350001, 0.920920, 0.407221, -1.000000, 0.480270, -1.000000
0.080000, 0.780000, 1.340001, 0.923520, 0.403145, -1.000000, 0.477481, -1.000000
0.080000, 0.790000, 1.330001, 0.925880, 0.399082, -1.000000, 0.474695, -1.000000
0.080000, 0.800000, 1.320001, 0.928000, 0.395034, -1.000000, 0.471909, -1.000000
0.080000, 0.810000, 1.310001, 0.929880, 0.390999, -1.000000, 0.469125, -1.000000
0.080000, 0.820000, 1.300001, 0.931520, 0.386980, -1.000000, 0.466344, -1.000000
0.080000, 0.830000, 1.290001, 0.932920, 0.382976, -1.000000, 0.463564, -1.000000
0.080000, 0.839999, 1.280001, 0.934080, 0.378987, -1.000000, 0.460787, -1.000000
0.080000, 0.849999, 1.270001, 0.935000, 0.375015, -1.000000, 0.458012, -1.000000
0.080000, 0.859999, 1.260001, 0.935680, 0.371060, -1.000000, 0.455240, -1.000000
0.080000, 0.869999, 1.250001, 0.936120, 0.367122, -1.000000, 0.452470, -1.000000
0.080000, 0.879999, 1.240001, 0.936320, 0.363201, -1.000000, 0.449703, -1.000000
0.080000, 0.889999, 1.230001, 0.936280, 0.359299, -1.000000, 0.446940, -1.000000
0.080000, 0.899999, 1.220001, 0.936000, 0.355415, -1.000000, 0.444179, -1.000000
0.080000, 0.909999, 1.210001, 0.935480, 0.351551, -1.000000, 0.441423, -1.000000
0.080000, 0.919999, 1.200001, 0.934720, 0.347705, -1.000000, 0.438670, -1.000000
0.080000, 0.929999, 1.190001, 0.933720, 0.343879, -1.000000, 0.435920, -1.000000
0.080000, 0.939999, 1.180001, 0.932480, 0.340074, -1.000000, 0.433175, -1.000000
0.080000, 0.949999, 1.170001, 0.931000, 0.336289, -1.000000, 0.430433, -1.000000
0.080000, 0.959999, 1.160001, 0.929280, 0.332524, -1.000000, 0.427696, -1.000000
0.080000, 0.969999, 1.150001, 0.927320, 0.328782, -1.000000, 0.424963, -1.000000
0.080000, 0.979999, 1.140001, 0.925120, 0.325060, -1.000000, 0.422235, -1.000000
0.080000, 0.989999, 1.130001, 0.922680, 0.321361, -1.000000, 0.419512, -1.000000
0.080000, 0.999999, 1.120001, 0.920000, 0.317684, -1.000000, 0.416793, -1.000000
0.090000, 0.000000, 2.110000, 0.000000, 0.226876, 0.655263, 0.278210, 0.758819
0.090000, 0.010000, 2.100000, 0.020980, 0.231815, -1.000000, 0.282730, -1.000000
0.090000, 0.020000, 2.090000, 0.041720, 0.236828, -1.000000, 0.287295, -1.000000
0.090000, 0.030000, 2.080000, 0.062220, 0.241916, -1.000000, 0.291903, -1.000000
0.090000, 0.040000, 2.070000, 0.082480, 0.247077, -1.000000, 0.296555, -1.000000
0.090000, 0.050000, 2.060000, 0.102500, 0.252312, -1.000000, 0.301249, -1.000000
0.090000, 0.060000, 2.050000, 0.122280, 0.257620, -1.000000, 0.305985, -1.000000
0.090000, 0.070000, 2.040000, 0.141820, 0.263000, -1.000000, 0.310762, -1.000000
0.090000, 0.080000, 2.030000, 0.161120, 0.268452, -1.000000, 0.315580, -1.000000
0.090000, 0.090000, 2.020000, 0.180180, 0.273975, -1.000000, 0.320438, -1.000000
0.090000, 0.100000, 2.010000, 0.199000, 0.279568, -1.000000, 0.325336, -1.000000
0.090000, 0.110000, 2.000000, 0.217580, 0.285230, -1.000000, 0.330271, -1.000000
0.090000, 0.120000, 1.990000, 0.235920, 0.290961, -1.000000, 0.335245, -1.000000
0.090000, 0.130000, 1.980000, 0.254020, 0.296759, -1.000000, 0.340255, -1.000000
0.090000, 0.140000, 1.970000, 0.271880, 0.302624, -1.000000, 0.345301, -1.000000
0.090000, 0.150000, 1.960000, 0.289500, 0.308553, -1.000000, 0.350383, -1.000000
0.090000, 0.160000, 1.950000, 0.306880, 0.314522, -1.000000, 0.355498, -1.000000
0.090000, 0.170000, 1.940000, 0.324020, 0.319774, -1.000000, 0.360647, -1.000000
0.090000, 0.180000, 1.930000, 0.340920, 0.325073, -1.000000, 0.365828, -1.000000
0.090000, 0.190000, 1.920000, 0.357580, 0.330416, -1.000000, 0.371040, -1.000000
0.090000, 0.200000, 1.910000, 0.374000, 0.335804, -1.000000, 0.376283, -1.000000
0.090000, 0.210000, 1.900000, 0.390180, 0.341234, -1.000000, 0.381554, -1.000000
0.090000, 0.220000, 1.890000, 0.406120, 0.346707, -1.000000, 0.386854, -1.000000
0.090000, 0.230000, 1.880000, 0.421820, 0.350449, -1.000000, 0.390924, -1.000000
0.090000, 0.240000, 1.870000, 0.437280, 0.353193, -1.000000, 0.394711, -1.000000
0.090000, 0.250000, 1.860000, 0.452500, 0.355947, -1.000000, 0.398511, -1.000000
0.090000, 0.260000, 1.850000, 0.467480, 0.358710, -1.000000, 0.402323, -1.000000
0.090000, 0.270000, 1.840000, 0.482220, 0.361483, -1.000000, 0.406146, -1.000000
0.090000, 0.280000, 1.830000, 0.496720, 0.364264, -1.000000, 0.409981, -1.000000
0.090000, 0.290000, 1.820000, 0.510980, 0.367055, -1.000000, 0.413827, -1.000000
0.090000, 0.300000, 1.810000, 0.525000, 0.369855, -1.000000, 0.417684, -1.000000
0.090000, 0.310000, 1.800000, 0.538780, 0.372664, -1.000000, 0.421550, -1.000000
0.090000, 0.320000, 1.790000, 0.552320, 0.375481, -1.000000, 0.425427, -1.000000
0.090000, 0.330000, 1.780000, 0.565620, 0.378307, -1.000000, 0.429312, -1.000000
0.090000, 0.340000, 1.770000, 0.578680, 0.381141, -1.000000, 0.433206, -1.000000
0.090000, 0.350000, 1.760000, 0.591500, 0.383983, -1.000000, 0.437109, -1.000000
0.090000, 0.360000, 1.750000, 0.604080, 0.386833, -1.000000, 0.441019, -1.000000
0.090000, 0.370000, 1.740000, 0.616420, 0.389691, -1.000000, 0.444937, -1.000000
0.090000, 0.380000, 1.730000, 0.628520, 0.392556, -1.000000, 0.448861, -1.000000
0.090000, 0.390000, 1.720000, 0.640380, 0.395429, -1.000000, 0.452792, -1.000000
0.090000, 0.400000, 1.710000, 0.652000, 0.398309, -1.000000, 0.456729, -1.000000
0.090000, 0.410000, 1.700000, 0.663380, 0.401196, -1.000000, 0.460671, -1.000000
0.090000, 0.420000, 1.690000, 0.674520, 0.404090, -1.000000, 0.464618, -1.000000
0.090000, 0.430000, 1.680000, 0.685420, 0.406991, -1.000000, 0.468569, -1.000000
0.090000, 0.440000, 1.670000, 0.696080, 0.409898, -1.000000, 0.472525, -1.000000
0.090000, 0.450000, 1.660000, 0.706500, 0.412812, -1.000000, 0.476484, -1.000000
0.090000, 0.460000, 1.650000, 0.716680, 0.415731, -1.000000, 0.477297, -1.000000
0.090000, 0.470000, 1.640000, 0.726620, 0.418657, -1.000000, 0.477524, -1.000000
0.090000, 0.480000, 1.630000, 0.736320, 0.421588, -1.000000, 0.477751, -1.000000
0.090000, 0.490000, 1.620000, 0.745780, 0.423737, -1.000000, 0.477977, -1.000000
0.090000, 0.500000, 1.610000, 0.755000, 0.424361, -1.000000, 0.478204, -1.000000
0.090000, 0.510000, 1.600000, 0.763980, 0.424986, -1.000000, 0.478431, -1.000000
0.090000, 0.520000, 1.590000, 0.772720, 0.425611, -1.000000, 0.478658, -1.000000
0.090000, 0.530000, 1.580000, 0.781220, 0.426236, -1.000000, 0.478885, -1.000000
0.090000, 0.540000, 1.570000, 0.789480, 0.426862, -1.000000, 0.479112, -1.000000
0.090000, 0.550000, 1.560000, 0.797500, 0.427487, -1.000000, 0.479339, -1.000000
0.090000, 0.560000, 1.550000, 0.805280, 0.428113, -1.000000, 0.479566, -1.000000
0.090000, 0.570000, 1.540000, 0.812820, 0.428732, -1.000000, 0.479793, -1.000000
0.090000, 0.580000, 1.530000, 0.820120, 0.428744, -1.000000, 0.480020, -1.000000
0.090000, 0.590000, 1.520000, 0.827180, 0.428757, -1.000000, 0.480247, -1.000000
0.090000, 0.600000, 1.510000, 0.834000, 0.428770, -1.000000, 0.480473, -1.000000
0.090000, 0.610000, 1.500000, 0.840580, 0.428783, -1.000000, 0.480700, -1.000000
0.090000, 0.620000, 1.490000, 0.846920, 0.428795, -1.000000, 0.480927, -1.000000
0.090000, 0.630000, 1.480000, 0.853020, 0.428808, -1.000000, 0.481154, -1.000000
0.090000, 0.640000, 1.470000, 0.858880, 0.428821, -1.000000, 0.481381, -1.000000
0.090000, 0.650000, 1.460000, 0.864500, 0.428104, -1.000000, 0.481608, -1.000000
0.090000, 0.660000, 1.450000, 0.869880, 0.426884, -1.000000, 0.481835, -1.000000
0.090000, 0.670000, 1.440000, 0.875020, 0.425665, -1.000000, 0.482062, -1.000000
0.090000, 0.680000, 1.430000, 0.879920, 0.424447, -1.000000, 0.482289, -1.000000
0.090000, 0.690000, 1.420000, 0.884580, 0.423230, -1.000000, 0.482517, -1.000000
0.090000, 0.700000, 1.410000, 0.889000, 0.422014, -1.000000, 0.482744, -1.000000
0.090000, 0.710000, 1.400000, 0.893180, 0.420799, -1.000000, 0.482971, -1.000000
0.090000, 0.720000, 1.390000, 0.897120, 0.419585, -1.000000, 0.483198, -1.000000
0.090000, 0.730000, 1.380000, 0.900820, 0.418371, -1.000000, 0.483425, -1.000000
0.090000, 0.740000, 1.370000, 0.904280, 0.417159, -1.000000, 0.483652, -1.000000
0.090000, 0.750000, 1.360000, 0.907500, 0.415608, -1.000000, 0.483879, -1.000000
0.090000, 0.760000, 1.350001, 0.910480, 0.411507, -1.000000, 0.483028, -1.000000
0.090000, 0.770000, 1.340001, 0.913220, 0.407417, -1.000000, 0.480238, -1.000000
0.090000, 0.780000, 1.330001, 0.915720, 0.403341, -1.000000, 0.477450, -1.000000
0.090000, 0.790000, 1.320001, 0.917980, 0.399278, -1.000000, 0.474663, -1.000000
0.090000, 0.800000, 1.310001, 0.920000, 0.395228, -1.000000, 0.471877, -1.000000
0.090000, 0.810000, 1.300001, 0.921780, 0.391193, -1.000000, 0.469094, -1.000000
0.090000, 0.820000, 1.290001, 0.923320, 0.387173, -1.000000, 0.466312, -1.000000
0.090000, 0.830000, 1.280001, 0.924620, 0.383168, -1.000000, 0.463532, -1.000000
0.090000, 0.839999, 1.270001, 0.925680, 0.379179, -1.000000, 0.460755, -1.000000
0.090000, 0.849999, 1.260001, 0.926500, 0.375206, -1.000000, 0.457980, -1.000000
0.090000, 0.859999, 1.250001, 0.927080, 0.371250, -1.000000, 0.455208, -1.000000
0.090000, 0.869999, 1.240001, 0.927420, 0.367311, -1.000000, 0.452438, -1.000000
0.090000, 0.879999, 1.230001, 0.927520, 0.363390, -1.000000, 0.449672, -1.000000
0.090000, 0.889999, 1.220001, 0.927380, 0.359487, -1.000000, 0.446908, -1.000000
0.090000, 0.899999, 1.210001, 0.927000, 0.355602, -1.000000, 0.444148, -1.000000
0.090000, 0.909999, 1.200001, 0.926380, 0.351736, -1.000000, 0.441391, -1.000000
0.090000, 0.919999, 1.190001, 0.925520, 0.347890, -1.000000, 0.438638, -1.000000
0.090000, 0.929999, 1.180001, 0.924420, 0.344063, -1.000000, 0.435889, -1.000000
0.090000, 0.939999, 1.170001, 0.923080, 0.340256, -1.000000, 0.433143, -1.000000
0.090000, 0.949999, 1.160001, 0.921500, 0.336470, -1.000000, 0.430402, -1.000000
0.090000, 0.959999, 1.150001, 0.919680, 0.332705, -1.000000, 0.427665, -1.000000
0.090000, 0.969999, 1.140001, 0.917620, 0.328961, -1.000000, 0.424932, -1.000000
0.090000, 0.979999, 1.130001, 0.915320, 0.325239, -1.000000, 0.422204, -1.000000
0.090000, 0.989999, 1.120001, 0.912780, 0.321539, -1.000000, 0.419481, -1.000000
0.090000, 0.999999, 1.110001, 0.910000, 0.317860, -1.000000, 0.416762, -1.000000
0.100000, 0.000000, 2.100000, 0.000000, 0.226776, 0.655267, 0.278190, 0.758813
0.100000, 0.010000, 2.090000, 0.020880, 0.231713, -1.000000, 0.282710, -1.000000
0.100000, 0.020000, 2.080000, 0.041520, 0.236725, -1.000000, 0.287275, -1.000000
0.100000, 0.030000, 2.070000, 0.061920, 0.241811, -1.000000, 0.291883, -1.000000
0.100000, 0.040000, 2.060000, 0.082080, 0.246971, -1.000000, 0.296534, -1.000000
0.100000, 0.050000, 2.050000, 0.102000, 0.252204, -1.000000, 0.301228, -1.000000
0.100000, 0.060000, 2.040000, 0.121680, 0.257511, -1.000000, 0.305964, -1.000000
0.100000, 0.070000, 2.030000, 0.141120, 0.262889, -1.000000, 0.310741, -1.000000
0.100000, 0.080000, 2.020000, 0.160320, 0.268340, -1.000000, 0.315559, -1.000000
0.100000, 0.090000, 2.010000, 0.179280, 0.273861, -1.000000, 0.320417, -1.000000
0.100000, 0.100000, 2.000000, 0.198000, 0.279453, -1.000000, 0.325314, -1.000000
0.100000, 0.110000, 1.990000, 0.216480, 0.285114, -1.000000, 0.330250, -1.000000
0.100000, 0.120000, 1.980000, 0.234720, 0.290844, -1.000000, 0.335223, -1.000000
0.100000, 0.130000, 1.970000, 0.252720, 0.296640, -1.000000, 0.340233, -1.000000
0.100000, 0.140000, 1.960000, 0.270480, 0.302504, -1.000000, 0.345279, -1.000000
0.100000, 0.150000, 1.950000, 0.288000, 0.308432, -1.000000, 0.350361, -1.000000
0.100000, 0.160000, 1.940000, 0.305280, 0.314424, -1.000000, 0.355476, -1.000000
0.100000, 0.170000, 1.930000, 0.322320, 0.319722, -1.000000, 0.360625, -1.000000
0.100000, 0.180000, 1.920000, 0.339120, 0.325020, -1.000000, 0.365805, -1.000000
0.100000, 0.190000, 1.910000, 0.355680, 0.330363, -1.000000, 0.371018, -1.000000
0.100000, 0.200000, 1.900000, 0.372000, 0.335750, -1.000000, 0.376260, -1.000000
0.100000, 0.210000, 1.890000, 0.388080, 0.341181, -1.000000, 0.381531, -1.000000
0.100000, 0.220000, 1.880000, 0.403920, 0.346653, -1.000000, 0.386831, -1.000000
0.100000, 0.230000, 1.870000, 0.419520, 0.350444, -1.000000, 0.390948, -1.000000
0.100000, 0.240000, 1.860000, 0.434880, 0.353188, -1.000000, 0.394735, -1.000000
0.100000, 0.250000, 1.850000, 0.450000, 0.355942, -1.000000, 0.398535, -1.000000
0.100000, 0.260000, 1.840000, 0.464880, 0.358705, -1.000000, 0.402346, -1.000000
0.100000, 0.270000, 1.830000, 0.479520, 0.361477, -1.000000, 0.406170, -1.000000
0.100000, 0.280000, 1.820000, 0.493920, 0.364259, -1.000000, 0.410005, -1.000000
0.100000, 0.290000, 1.810000, 0.508080, 0.367050, -1.000000, 0.413851, -1.000000
0.100000, 0.300000, 1.800000, 0.522000, 0.369850, -1.000000, 0.417708, -1.000000
0.100000, 0.310000, 1.790000, 0.535680, 0.372659, -1.000000, 0.421575, -1.000000
0.100000, 0.320000, 1.780000, 0.549120, 0.375476, -1.000000, 0.425451, -1.000000
0.100000, 0.330000, 1.770000, 0.562320, 0.378302, -1.000000, 0.429336, -1.000000
0.100000, 0.340000, 1.760000, 0.575280, 0.381135, -1.000000, 0.433231, -1.000000
0.100000, 0.350000, 1.750000, 0.588000, 0.383978, -1.000000, 0.437133, -1.000000
0.100000, 0.360000, 1.740000, 0.600480, 0.386828, -1.000000, 0.441044, -1.000000
0.100000, 0.370000, 1.730000, 0.612720, 0.389685, -1.000000, 0.444961, -1.000000
0.100000, 0.380000, 1.720000, 0.624720, 0.392551, -1.000000, 0.448886, -1.000000
0.100000, 0.390000, 1.710000, 0.636480, 0.395424, -1.000000, 0.452817, -1.000000
0.100000, 0.400000, 1.700000, 0.648000, 0.398304, -1.000000, 0.456753, -1.000000
0.100000, 0.410000, 1.690000, 0.659280, 0.401191, -1.000000, 0.460696, -1.000000
0.100000, 0.420000, 1.680000, 0.670320, 0.404085, -1.000000, 0.464643, -1.000000
0.100000, 0.430000, 1.670000, 0.681120, 0.406986, -1.000000, 0.468594, -1.000000
0.100000, 0.440000, 1.660000, 0.691680, 0.409893, -1.000000, 0.472550, -1.000000
0.100000, 0.450000, 1.650000, 0.702000, 0.412806, -1.000000, 0.476509, -1.000000
0.100000, 0.460000, 1.640000, 0.712080, 0.415726, -1.000000, 0.477253, -1.000000
0.100000, 0.470000, 1.630000, 0.721920, 0.418651, -1.000000, 0.477480, -1.000000
0.100000, 0.480000, 1.620000, 0.731520, 0.421583, -1.000000, 0.477707, -1.000000
0.100000, 0.490000, 1.610000, 0.740880, 0.423778, -1.000000, 0.477934, -1.000000
0.100000, 0.500000, 1.600000, 0.750000, 0.424402, -1.000000, 0.478161, -1.000000
0.100000, 0.510000, 1.590000, 0.758880, 0.425027, -1.000000, 0.478388, -1.000000
0.100000, 0.520000, 1.580000, 0.767520, 0.425652, -1.000000, 0.478615, -1.000000
0.100000, 0.530000, 1.570000, 0.775920, 0.426277, -1.000000, 0.478842, -1.000000
0.100000, 0.540000, 1.560000, 0.784080, 0.426903, -1.000000, 0.479068, -1.000000
0.100000, 0.550000, 1.550000, 0.792000, 0.427528, -1.000000, 0.479295, -1.000000
0.100000, 0.560000, 1.540000, 0.799680, 0.428154, -1.000000, 0.479522, -1.000000
0.100000, 0.570000, 1.530000, 0.807120, 0.428742, -1.000000, 0.479749, -1.000000
0.100000, 0.580000, 1.520000, 0.814320, 0.428755, -1.000000, 0.479976, -1.000000
0.100000, 0.590000, 1.510000, 0.821280, 0.428767, -1.000000, 0.480203, -1.000000
0.100000, 0.600000, 1.500000, 0.828000, 0.428780, -1.000000, 0.480430, -1.000000
0.100000, 0.610000, 1.490000, 0.834480, 0.428793, -1.000000, 0.480657, -1.000000
0.100000, 0.620000, 1.480000, 0.840720, 0.428806, -1.000000, 0.480884, -1.000000
0.100000, 0.630000, 1.470000, 0.846720, 0.428818, -1.000000, 0.481111, -1.000000
0.100000, 0.640000, 1.460000, 0.852480, 0.428831, -1.000000, 0.481338, -1.000000
0.100000, 0.650000, 1.450000, 0.858000, 0.428152, -1.000000, 0.481565, -1.000000
0.100000, 0.660000, 1.440000, 0.863280, 0.426932, -1.000000, 0.481792, -1.000000
0.100000, 0.670000, 1.430000, 0.868320, 0.425713, -1.000000, 0.482019, -1.000000
0.100000, 0.680000, 1.420000, 0.873120, 0.424495, -1.000000, 0.482246, -1.000000
0.100000, 0.690000, 1.410000, 0.877680, 0.423278, -1.000000, 0.482473, -1.000000
0.100000, 0.700000, 1.400000, 0.882000, 0.422062, -1.000000, 0.482700, -1.000000
0.100000, 0.710000, 1.390000, 0.886080, 0.420847, -1.000000, 0.482927, -1.000000
0.100000, 0.720000, 1.380000, 0.889920, 0.419632, -1.000000, 0.483154, -1.000000
0.100000, 0.730000, 1.370000, 0.893520, 0.418419, -1.000000, 0.483381, -1.000000
0.100000, 0.740000, 1.360000, 0.896880, 0.417207, -1.000000, 0.483608, -1.000000
0.100000, 0.750000, 1.350001, 0.900000, 0.415806, -1.000000, 0.483835, -1.000000
0.100000, 0.760000, 1.340001, 0.902880, 0.411704, -1.000000, 0.482996, -1.000000
0.100000, 0.770000, 1.330001, 0.905520, 0.407614, -1.000000, 0.480206, -1.000000
0.100000, 0.780000, 1.320001, 0.907920, 0.403537, -1.000000, 0.477418, -1.000000
0.100000, 0.790000, 1.310001, 0.910080, 0.399473, -1.000000, 0.474631, -1.000000
0.100000, 0.800000, 1.300001, 0.912000, 0.395423, -1.000000, 0.471846, -1.000000
0.100000, 0.810000, 1.290001, 0.913680, 0.391387, -1.000000, 0.469062, -1.000000
0.100000, 0.820000, 1.280001, 0.915120, 0.387366, -1.000000, 0.466280, -1.000000
0.100000, 0.830000, 1.270001, 0.916320, 0.383360, -1.000000, 0.463501, -1.000000
0.100000, 0.839999, 1.260001, 0.917280, 0.379371, -1.000000, 0.460723, -1.000000
0.100000, 0.849999, 1.250001, 0.918000, 0.375397, -1.000000, 0.457949, -1.000000
0.100000, 0.859999, 1.240001, 0.918480, 0.371440, -1.000000, 0.455176, -1.000000
0.100000, 0.869999, 1.230001, 0.918720, 0.367500, -1.000000, 0.452407, -1.000000
0.100000, 0.879999, 1.220001, 0.918720, 0.363578, -1.000000, 0.449640, -1.000000
0.100000, 0.889999, 1.210001, 0.918480, 0.359674, -1.000000, 0.446877, -1.000000
0.100000, 0.899999, 1.200001, 0.918000, 0.355788, -1.000000, 0.444117, -1.000000
0.100000, 0.909999, 1.190001, 0.917280, 0.351922, -1.000000, 0.441360, -1.000000
0.100000, 0.919999, 1.180001, 0.916320, 0.348074, -1.000000, 0.438607, -1.000000
0.100000, 0.929999, 1.170001, 0.915120, 0.344247, -1.000000, 0.435858, -1.000000
0.100000, 0.939999, 1.160001, 0.913680, 0.340439, -1.000000, 0.433112, -1.000000
0.100000, 0.949999, 1.150001, 0.912000, 0.336652, -1.000000, 0.430371, -1.000000
0.100000, 0.959999, 1.140001, 0.910080, 0.332886, -1.000000, 0.427634, -1.000000
0.100000, 0.969999, 1.130001, 0.907920, 0.329141, -1.000000, 0.424901, -1.000000
0.100000, 0.979999, 1.120001, 0.905520, 0.325418, -1.000000, 0.422173, -1.000000
0.100000, 0.989999, 1.110001, 0.902880, 0.321716, -1.000000, 0.419450, -1.000000
0.100000, 0.999999, 1.100001, 0.900000, 0.318037, -1.000000, 0.416731, -1.000000
0.110000, 0.000000, 2.090000, 0.000000, 0.226676, 0.655272, 0.278171, 0.758807
0.110000, 0.010000, 2.080000, 0.020780, 0.231612, -1.000000, 0.282691, -1.000000
0.110000, 0.020000, 2.070000, 0.041320, 0.236622, -1.000000, 0.287255, -1.000000
0.110000, 0.030000, 2.060000, 0.061620, 0.241706, -1.000000, 0.291863, -1.000000
0.110000, 0.040000, 2.050000, 0.081680, 0.246865, -1.000000, 0.296514, -1.000000
0.110000, 0.050000, 2.040000, 0.101500, 0.252097, -1.000000, 0.301208, -1.000000
0.110000, 0.060000, 2.030000, 0.121080, 0.257402, -1.000000, 0.305943, -1.000000
0.110000, 0.070000, 2.020000, 0.140420, 0.262779, -1.000000, 0.310720, -1.000000
0.110000, 0.080000, 2.010000, 0.159520, 0.268228, -1.000000, 0.315538, -1.000000
0.110000, 0.090000, 2.000000, 0.178380, 0.273748, -1.000000, 0.320396, -1.000000
0.110000, 0.100000, 1.990000, 0.197000, 0.279338, -1.000000, 0.325293, -1.000000
0.110000, 0.110000, 1.980000, 0.215380, 0.284998, -1.000000, 0.330228, -1.000000
0.110000, 0.120000, 1.970000, 0.233520, 0.290726, -1.000000, 0.335201, -1.000000
0.110000, 0.130000, 1.960000, 0.251420, 0.296521, -1.000000, 0.340211, -1.000000
0.110000, 0.140000, 1.950000, 0.269080, 0.302383, -1.000000, 0.345257, -1.000000
0.110000, 0.150000, 1.940000, 0.286500, 0.308310, -1.000000, 0.350338, -1.000000
0.110000, 0.160000, 1.930000, 0.303680, 0.314301, -1.000000, 0.355454, -1.000000
0.110000, 0.170000, 1.920000, 0.320620, 0.319670, -1.000000, 0.360602, -1.000000
0.110000, 0.180000, 1.910000, 0.337320, 0.324967, -1.000000, 0.365783, -1.000000
0.110000, 0.190000, 1.900000, 0.353780, 0.330310, -1.000000, 0.370995, -1.000000
0.110000, 0.200000, 1.890000, 0.370000, 0.335697, -1.000000, 0.376237, -1.000000
0.110000, 0.210000, 1.880000, 0.385980, 0.341127, -1.000000, 0.381508, -1.000000
0.110000, 0.220000, 1.870000, 0.401720, 0.346598, -1.000000, 0.386808, -1.000000
0.110000, 0.230000, 1.860000, 0.417220, 0.350439, -1.000000, 0.390972, -1.000000
0.110000, 0.240000, 1.850000, 0.432480, 0.353183, -1.000000, 0.394759, -1.000000
0.110000, 0.250000, 1.840000, 0.447500, 0.355937, -1.000000, 0.398558, -1.000000
0.110000, 0.260000, 1.830000, 0.462280, 0.358700, -1.000000, 0.402370, -1.000000
0.110000, 0.270000, 1.820000, 0.476820, 0.361472, -1.000000, 0.406194, -1.000000
0.110000, 0.280000, 1.810000, 0.491120, 0.364254, -1.000000, 0.410029, -1.000000
0.110000, 0.290000, 1.800000, 0.505180, 0.367045, -1.000000, 0.413875, -1.000000
0.110000, 0.300000, 1.790000, 0.519000, 0.369845, -1.000000, 0.417732, -1.000000
0.110000, 0.310000, 1.780000, 0.532580, 0.372653, -1.000000, 0.421599, -1.000000
0.110000, 0.320000, 1.770000, 0.545920, 0.375471, -1.000000, 0.425475, -1.000000
0.110000, 0.330000, 1.760000, 0.559020, 0.378296, -1.000000, 0.429361, -1.000000
0.110000, 0.340000, 1.750000, 0.571880, 0.381130, -1.000000, 0.433255, -1.000000
0.110000, 0.350000, 1.740000, 0.584500, 0.383972, -1.000000, 0.437158, -1.000000
0.110000, 0.360000, 1.730000, 0.596880, 0.386822, -1.000000, 0.441068, -1.000000
0.110000, 0.370000, 1.720000, 0.609020, 0.389680, -1.000000, 0.444986, -1.000000
0.110000, 0.380000, 1.710000, 0.620920, 0.392546, -1.000000, 0.448910, -1.000000
0.110000, 0.390000, 1.700000, 0.632580, 0.395418, -1.000000, 0.452841, -1.000000
0.110000, 0.400000, 1.690000, 0.644000, 0.398299, -1.000000, 0.456778, -1.000000
0.110000, 0.410000, 1.680000, 0.655180, 0.401186, -1.000000, 0.460720, -1.000000
0.110000, 0.420000, 1.670000, 0.666120, 0.404080, -1.000000, 0.464667, -1.000000
0.110000, 0.430000, 1.660000, 0.676820, 0.406980, -1.000000, 0.468619, -1.000000
0.110000, 0.440000, 1.650000, 0.687280, 0.409887, -1.000000, 0.472574, -1.000000
0.110000, 0.450000, 1.640000, 0.697500, 0.412801, -1.000000, 0.476533, -1.000000
0.110000, 0.460000, 1.630000, 0.707480, 0.415721, -1.000000, 0.477210, -1.000000
0.110000, 0.470000, 1.620000, 0.717220, 0.418646, -1.000000, 0.477437, -1.000000
0.110000, 0.480000, 1.610000, 0.726720, 0.421577, -1.000000, 0.477664, -1.000000
0.110000, 0.490000, 1.600000, 0.735980, 0.423818, -1.000000, 0.477891, -1.000000
0.110000, 0.500000, 1.590000, 0.745000, 0.424443, -1.000000, 0.478117, -1.000000
0.110000, 0.510000, 1.580000, 0.753780, 0.425067, -1.000000, 0.478344, -1.000000
0.110000, 0.520000, 1.570000, 0.762320, 0.425692, -1.000000, 0.478571, -1.000000
0.110000, 0.530000, 1.560000, 0.770620, 0.426318, -1.000000, 0.478798, -1.000000
0.110000, 0.540000, 1.550000, 0.778680, 0.426943, -1.000000, 0.479025, -1.000000
0.110000, 0.550000, 1.540000, 0.786500, 0.427569, -1.000000, 0.479252, -1.000000
0.110000, 0.560000, 1.530000, 0.794080, 0.428195, -1.000000, 0.479479, -1.000000
0.110000, 0.570000, 1.520000, 0.801420, 0.428752, -1.000000, 0.479706, -1.000000
0.110000, 0.580000, 1.510000, 0.808520, 0.428765, -1.000000, 0.479933, -1.000000
0.110000, 0.590000, 1.500000, 0.815380, 0.428778, -1.000000, 0.480160, -1.000000
0.110000, 0.600000, 1.490000, 0.822000, 0.428790, -1.000000, 0.480387, -1.000000
0.110000, 0.610000, 1.480000, 0.828380, 0.428803, -1.000000, 0.480613, -1.000000
0.110000, 0.620000, 1.470000, 0.834520, 0.428816, -1.000000, 0.480840, -1.000000
0.110000, 0.630000, 1.460000, 0.840420, 0.428829, -1.000000, 0.481067, -1.000000
0.110000, 0.640000, 1.450000, 0.846080, 0.428841, -1.000000, 0.481294, -1.000000
0.110000, 0.650000, 1.440000, 0.851500, 0.428200, -1.000000, 0.481521, -1.000000
0.110000, 0.660000, 1.430000, 0.856680, 0.426980, -1.000000, 0.481748, -1.000000
0.110000, 0.670000, 1.420000, 0.861620, 0.425761, -1.000000, 0.481975, -1.000000
0.110000, 0.680000, 1.410000, 0.866320, 0.424543, -1.000000, 0.482202, -1.000000
0.110000, 0.690000, 1.400000, 0.870780, 0.423326, -1.000000, 0.482430, -1.000000
0.110000, 0.700000, 1.390000, 0.875000, 0.422110, -1.000000, 0.482657, -1.000000
0.110000, 0.710000, 1.380000, 0.878980, 0.420895, -1.000000, 0.482884, -1.000000
0.110000, 0.720000, 1.370000, 0.882720, 0.419680, -1.000000, 0.483111, -1.000000
0.110000, 0.730000, 1.360000, 0.886220, 0.418467, -1.000000, 0.483338, -1.000000
0.110000, 0.740000, 1.350000, 0.889480, 0.417255, -1.000000, 0.483565, -1.000000
0.110000, 0.750000, 1.340000, 0.892500, 0.416004, -1.000000, 0.483792, -1.000000
0.110000, 0.760000, 1.330000, 0.895280, 0.411901, -1.000000, 0.482964, -1.000000
0.110000, 0.770000, 1.320000, 0.897820, 0.407810, -1.000000, 0.480175, -1.000000
0.110000, 0.780000, 1.310000, 0.900120, 0.403733, -1.000000, 0.477386, -1.000000
0.110000, 0.790000, 1.300000, 0.902180, 0.399668, -1.000000, 0.474599, -1.000000
0.110000, 0.800000, 1.290000, 0.904000, 0.395617, -1.000000, 0.471814, -1.000000
0.110000, 0.810000, 1.280000, 0.905580, 0.391581, -1.000000, 0.469030, -1.000000
0.110000, 0.820000, 1.270000, 0.906920, 0.387559, -1.000000, 0.466249, -1.000000
0.110000, 0.830000, 1.260000, 0.908020, 0.383553, -1.000000, 0.463469, -1.000000
0.110000, 0.839999, 1.250000, 0.908880, 0.379562, -1.000000, 0.460692, -1.000000
0.110000, 0.849999, 1.240000, 0.909500, 0.375588, -1.000000, 0.457917, -1.000000
0.110000, 0.859999, 1.230000, 0.909880, 0.371630, -1.000000, 0.455145, -1.000000
0.110000, 0.869999, 1.220001, 0.910020, 0.367689, -1.000000, 0.452375, -1.000000
0.110000, 0.879999, 1.210001, 0.909920, 0.363766, -1.000000, 0.449609, -1.000000
0.110000, 0.889999, 1.200001, 0.909580, 0.359862, -1.000000, 0.446845, -1.000000
0.110000, 0.899999, 1.190001, 0.909000, 0.355975, -1.000000, 0.444085, -1.000000
0.110000, 0.909999, 1.180001, 0.908180, 0.352107, -1.000000, 0.441329, -1.000000
0.110000, 0.919999, 1.170001, 0.907120, 0.348259, -1.000000, 0.438576, -1.000000
0.110000, 0.929999, 1.160001, 0.905820, 0.344430, -1.000000, 0.435826, -1.000000
0.110000, 0.939999, 1.150001, 0.904280, 0.340622, -1.000000, 0.433081, -1.000000
0.110000, 0.949999, 1.140001, 0.902500, 0.336834, -1.000000, 0.430340, -1.000000
0.110000, 0.959999, 1.130001, 0.900480, 0.333067, -1.000000, 0.427603, -1.000000
0.110000, 0.969999, 1.120001, 0.898220, 0.329321, -1.000000, 0.424870, -1.000000
0.110000, 0.979999, 1.110001, 0.895720, 0.325596, -1.000000, 0.422142, -1.000000
0.110000, 0.989999, 1.100001, 0.892980, 0.321894, -1.000000, 0.419419, -1.000000
0.110000, 0.999999, 1.090001, 0.890000, 0.318213, -1.000000, 0.416701, -1.000000
0.120000, 0.000000, 2.080000, 0.000000, 0.226576, 0.655277, 0.278151, 0.758801
0.120000, 0.010000, 2.070000, 0.020680, 0.231510, -1.000000, 0.282671, -1.000000
0.120000, 0.020000, 2.060000, 0.041120, 0.236519, -1.000000, 0.287235, -1.000000
0.120000, 0.030000, 2.050000, 0.061320, 0.241602, -1.000000, 0.291843, -1.000000
0.120000, 0.040000, 2.040000, 0.081280, 0.246759, -1.000000, 0.296494, -1.000000
0.120000, 0.050000, 2.030000, 0.101000, 0.251989, -1.000000, 0.301187, -1.000000
0.120000, 0.060000, 2.020000, 0.120480, 0.257293, -1.000000, 0.305923, -1.000000
0.120000, 0.070000, 2.010000, 0.139720, 0.262668, -1.000000, 0.310700, -1.000000
0.120000, 0.080000, 2.000000, 0.158720, 0.268116, -1.000000, 0.315517, -1.000000
0.120000, 0.090000, 1.990000, 0.177480, 0.273635, -1.000000, 0.320375, -1.000000
0.120000, 0.100000, 1.980000, 0.196000, 0.279223, -1.000000, 0.325272, -1.000000
0.120000, 0.110000, 1.970000, 0.214280, 0.284882, -1.000000, 0.330207, -1.000000
0.120000, 0.120000, 1.960000, 0.232320, 0.290608, -1.000000, 0.335180, -1.000000
0.120000, 0.130000, 1.950000, 0.250120, 0.296402, -1.000000, 0.340190, -1.000000
0.120000, 0.140000, 1.940000, 0.267680, 0.302263, -1.000000, 0.345235, -1.000000
0.120000, 0.150000, 1.930000, 0.285000, 0.308188, -1.000000, 0.350316, -1.000000
0.120000, 0.160000, 1.920000, 0.302080, 0.314178, -1.000000, 0.355431, -1.000000
0.120000, 0.170000, 1.910000, 0.318920, 0.319618, -1.000000, 0.360580, -1.000000
0.120000, 0.180000, 1.900000, 0.335520, 0.324915, -1.000000, 0.365760, -1.000000
0.120000, 0.190000, 1.890000, 0.351880, 0.330257, -1.000000, 0.370972, -1.000000
0.120000, 0.200000, 1.880000, 0.368000, 0.335643, -1.000000, 0.376214, -1.000000
0.120000, 0.210000, 1.870000, 0.383880, 0.341073, -1.000000, 0.381485, -1.000000
0.120000, 0.220000, 1.860000, 0.399520, 0.346544, -1.000000, 0.386785, -1.000000
0.120000, 0.230000, 1.850000, 0.414920, 0.350434, -1.000000, 0.390995, -1.000000
0.120000, 0.240000, 1.840000, 0.430080, 0.353178, -1.000000, 0.394782, -1.000000
0.120000, 0.250000, 1.830000, 0.445000, 0.355932, -1.000000, 0.398582, -1.000000
0.120000, 0.260000, 1.820000, 0.459680, 0.358695, -1.000000, 0.402394, -1.000000
0.120000, 0.270000, 1.810000, 0.474120, 0.361467, -1.000000, 0.406218, -1.000000
0.120000, 0.280000, 1.800000, 0.488320, 0.364249, -1.000000, 0.410053, -1.000000
0.120000, 0.290000, 1.790000, 0.502280, 0.367040, -1.000000, 0.413899, -1.000000
0.120000, 0.300000, 1.780000, 0.516000, 0.369840, -1.000000, 0.417756, -1.000000
0.120000, 0.310000, 1.770000, 0.529480, 0.372648, -1.000000, 0.421623, -1.000000
0.120000, 0.320000, 1.760000, 0.542720, 0.375465, -1.000000, 0.425499, -1.000000
0.120000, 0.330000, 1.750000, 0.555720, 0.378291, -1.000000, 0.429385, -1.000000
0.120000, 0.340000, 1.740000, 0.568480, 0.381125, -1.000000, 0.433279, -1.000000
0.120000, 0.350000, 1.730000, 0.581000, 0.383967, -1.000000, 0.437182, -1.000000
0.120000, 0.360000, 1.720000, 0.593280, 0.386817, -1.000000, 0.441092, -1.000000
0.120000, 0.370000, 1.710000, 0.605320, 0.389675, -1.000000, 0.445010, -1.000000
0.120000, 0.380000, 1.700000, 0.617120, 0.392540, -1.000000, 0.448935, -1.000000
0.120000, 0.390000, 1.690000, 0.628680, 0.395413, -1.000000, 0.452866, -1.000000
0.120000, 0.400000, 1.680000, 0.640000, 0.398293, -1.000000, 0.456803, -1.000000
0.120000, 0.410000, 1.670000, 0.651080, 0.401180, -1.000000, 0.460745, -1.000000
0.120000, 0.420000, 1.660000, 0.661920, 0.404074, -1.000000, 0.464692, -1.000000
0.120000, 0.430000, 1.650000, 0.672520, 0.406975, -1.000000, 0.468643, -1.000000
0.120000, 0.440000, 1.640000, 0.682880, 0.409882, -1.000000, 0.472599, -1.000000
0.120000, 0.450000, 1.630000, 0.693000, 0.412796, -1.000000, 0.476558, -1.000000
0.120000, 0.460000, 1.620000, 0.702880, 0.415715, -1.000000, 0.477167, -1.000000
0.120000, 0.470000, 1.610000, 0.712520, 0.418641, -1.000000, 0.477393, -1.000000
0.120000, 0.480000, 1.600000, 0.721920, 0.421572, -1.000000, 0.477620, -1.000000
0.120000, 0.490000, 1.590000, 0.731080, 0.423859, -1.000000, 0.477847, -1.000000
0.120000, 0.500000, 1.580000, 0.740000, 0.424483, -1.000000, 0.478074, -1.000000
0.120000, 0.510000, 1.570000, 0.748680, 0.425108, -1.000000, 0.478301, -1.000000
0.120000, 0.520000, 1.560000, 0.757120, 0.425733, -1.000000, 0.478528, -1.000000
0.120000, 0.530000, 1.550000, 0.765320, 0.426358, -1.000000, 0.478755, -1.000000
0.120000, 0.540000, 1.540000, 0.773280, 0.426984, -1.000000, 0.478981, -1.000000
0.120000, 0.550000, 1.530000, 0.781000, 0.427610, -1.000000, 0.479208, -1.000000
0.120000, 0.560000, 1.520000, 0.788480, 0.428236, -1.000000, 0.479435, -1.000000
0.120000, 0.570000, 1.510000, 0.795720, 0.428762, -1.000000, 0.479662, -1.000000
0.120000, 0.580000, 1.500000, 0.802720, 0.428775, -1.000000, 0.479889, -1.000000
0.120000, 0.590000, 1.490000, 0.809480, 0.428788, -1.000000, 0.480116, -1.000000
0.120000, 0.600000, 1.480000, 0.816000, 0.428800, -1.000000, 0.480343, -1.000000
0.120000, 0.610000, 1.470000, 0.822280, 0.428813, -1.000000, 0.480570, -1.000000
0.120000, 0.620000, 1.460000, 0.828320, 0.428826, -1.000000, 0.480797, -1.000000
0.120000, 0.630000, 1.450000, 0.834120, 0.428839, -1.000000, 0.481024, -1.000000
0.120000, 0.640000, 1.440000, 0.839680, 0.428851, -1.000000, 0.481251, -1.000000
0.120000, 0.650000, 1.430000, 0.845000, 0.428248, -1.000000, 0.481478, -1.000000
0.120000, 0.660000, 1.420000, 0.850080, 0.427029, -1.000000, 0.481705, -1.000000
0.120000, 0.670000, 1.410000, 0.854920, 0.425809, -1.000000, 0.481932, -1.000000
0.120000, 0.680000, 1.400000, 0.859520, 0.424591, -1.000000, 0.482159, -1.000000
0.120000, 0.690000, 1.390000, 0.863880, 0.423374, -1.000000, 0.482386, -1.000000
0.120000, 0.700000, 1.380000, 0.868000, 0.422158, -1.000000, 0.482613, -1.000000
0.120000, 0.710000, 1.370000, 0.871880, 0.420943, -1.000000, 0.482840, -1.000000
0.120000, 0.720000, 1.360000, 0.875520, 0.419728, -1.000000, 0.483067, -1.000000
0.120000, 0.730000, 1.350000, 0.878920, 0.418515, -1.000000, 0.483294, -1.000000
0.120000, 0.740000, 1.340000, 0.882080, 0.417302, -1.000000, 0.483521, -1.000000
0.120000, 0.750000, 1.330000, 0.885000, 0.416091, -1.000000, 0.483748, -1.000000
0.120000, 0.760000, 1.320000, 0.887680, 0.412098, -1.000000, 0.482932, -1.000000
0.120000, 0.770000, 1.310000, 0.890120, 0.408007, -1.000000, 0.480143, -1.000000
0.120000, 0.780000, 1.300000, 0.892320, 0.403929, -1.000000, 0.477355, -1.000000
0.120000, 0.790000, 1.290000, 0.894280, 0.399863, -1.000000, 0.474568, -1.000000
0.120000, 0.800000, 1.280000, 0.896000, 0.395812, -1.000000, 0.471782, -1.000000
0.120000, 0.810000, 1.270000, 0.897480, 0.391775, -1.000000, 0.468999, -1.000000
0.120000, 0.820000, 1.260000, 0.898720, 0.387753, -1.000000, 0.466217, -1.000000
0.120000, 0.830000, 1.250000, 0.899720, 0.383745, -1.000000, 0.463438, -1.000000
0.120000, 0.839999, 1.240000, 0.900480, 0.379754, -1.000000, 0.460660, -1.000000
0.120000, 0.849999, 1.230000, 0.901000, 0.375779, -1.000000, 0.457886, -1.000000
0.120000, 0.859999, 1.220001, 0.901280, 0.371820, -1.000000, 0.455113, -1.000000
0.120000, 0.869999, 1.210001, 0.901320, 0.367879, -1.000000, 0.452344, -1.000000
0.120000, 0.879999, 1.200001, 0.901120, 0.363955, -1.000000, 0.449577, -1.000000
0.120000, 0.889999, 1.190001, 0.900680, 0.360049, -1.000000, 0.446814, -1.000000
0.120000, 0.899999, 1.180001, 0.900000, 0.356162, -1.000000, 0.444054, -1.000000
0.120000, 0.909999, 1.170001, 0.899080, 0.352293, -1.000000, 0.441297, -1.000000
0.120000, 0.919999, 1.160001, 0.897920, 0.348444, -1.000000, 0.438544, -1.000000
0.120000, 0.929999, 1.150001, 0.896520, 0.344614, -1.000000, 0.435795, -1.000000
0.120000, 0.939999, 1.140001, 0.894880, 0.340805, -1.000000, 0.433050, -1.000000
0.120000, 0.949999, 1.130001, 0.893000, 0.337016, -1.000000, 0.430309, -1.000000
0.120000, 0.959999, 1.120001, 0.890880, 0.333248, -1.000000, 0.427572, -1.000000
0.120000, 0.969999, 1.110001, 0.888520, 0.329501, -1.000000, 0.424839, -1.000000
0.120000, 0.979999, 1.100001, 0.885920, 0.325775, -1.000000, 0.422111, -1.000000
0.120000, 0.989999, 1.090001, 0.883080, 0.322071, -1.000000, 0.419388, -1.000000
0.120000, 0.999999, 1.080001, 0.880000, 0.318390, -1.000000, 0.416670, -1.000000
0.130000, 0.000000, 2.070000, 0.000000, 0.226476, 0.655281, 0.278132, 0.758795
0.130000, 0.010000, 2.060000, 0.020580, 0.231409, -1.000000, 0.282651, -1.000000
0.130000, 0.020000, 2.050000, 0.040920, 0.236416, -1.000000, 0.287215, -1.000000
0.130000, 0.030000, 2.040000, 0.061020, 0.241497, -1.000000, 0.291823, -1.000000
0.130000, 0.040000, 2.030000, 0.080880, 0.246653, -1.000000, 0.296473, -1.000000
0.130000, 0.050000, 2.020000, 0.100500, 0.251882, -1.000000, 0.301167, -1.000000
0.130000, 0.060000, 2.010000, 0.119880, 0.257184, -1.000000, 0.305902, -1.000000
0.130000, 0.070000, 2.000000, 0.139020, 0.262558, -1.000000, 0.310679, -1.000000
0.130000, 0.080000, 1.990000, 0.157920, 0.268004, -1.000000, 0.315496, -1.000000
0.130000, 0.090000, 1.980000, 0.176580, 0.273521, -1.000000, 0.320354, -1.000000
0.130000, 0.100000, 1.970000, 0.195000, 0.279109, -1.000000, 0.325250, -1.000000
0.130000, 0.110000, 1.960000, 0.213180, 0.284766, -1.000000, 0.330185, -1.000000
0.130000, 0.120000, 1.950000, 0.231120, 0.290491, -1.000000, 0.335158, -1.000000
0.130000, 0.130000, 1.940000, 0.248820, 0.296284, -1.000000, 0.340168, -1.000000
0.130000, 0.140000, 1.930000, 0.266280, 0.302143, -1.000000, 0.345213, -1.000000
0.130000, 0.150000, 1.920000, 0.283500, 0.308067, -1.000000, 0.350294, -1.000000
0.130000, 0.160000, 1.910000, 0.300480, 0.314055, -1.000000, 0.355409, -1.000000
0.130000, 0.170000, 1.900000, 0.317220, 0.319566, -1.000000, 0.360557, -1.000000
0.130000, 0.180000, 1.890000, 0.333720, 0.324862, -1.000000, 0.365738, -1.000000
0.130000, 0.190000, 1.880000, 0.349980, 0.330204, -1.000000, 0.370949, -1.000000
0.130000, 0.200000, 1.870000, 0.366000, 0.335590, -1.000000, 0.376191, -1.000000
0.130000, 0.210000, 1.860000, 0.381780, 0.341019, -1.000000, 0.381462, -1.000000
0.130000, 0.220000, 1.850000, 0.397320, 0.346490, -1.000000, 0.386762, -1.000000
0.130000, 0.230000, 1.840000, 0.412620, 0.350429, -1.000000, 0.391019, -1.000000
0.130000, 0.240000, 1.830000, 0.427680, 0.353173, -1.000000, 0.394806, -1.000000
0.130000, 0.250000, 1.820000, 0.442500, 0.355927, -1.000000, 0.398606, -1.000000
0.130000, 0.260000, 1.810000, 0.457080, 0.358690, -1.000000, 0.402418, -1.000000
0.130000, 0.270000, 1.800000, 0.471420, 0.361462, -1.000000, 0.406242, -1.000000
0.130000, 0.280000, 1.790000, 0.485520, 0.364244, -1.000000, 0.410077, -1.000000
0.130000, 0.290000, 1.780000, 0.499380, 0.367035, -1.000000, 0.413923, -1.000000
0.130000, 0.300000, 1.770000, 0.513000, 0.369835, -1.000000, 0.417780, -1.000000
0.130000, 0.310000, 1.760000, 0.526380, 0.372643, -1.000000, 0.421647, -1.000000
0.130000, 0.320000, 1.750000, 0.539520, 0.375460, -1.000000, 0.425524, -1.000000
0.130000, 0.330000, 1.740000, 0.552420, 0.378286, -1.000000, 0.429409, -1.000000
0.130000, 0.340000, 1.730000, 0.565080, 0.381120, -1.000000, 0.433304, -1.000000
0.130000, 0.350000, 1.720000, 0.577500, 0.383962, -1.000000, 0.437206, -1.000000
0.130000, 0.360000, 1.710000, 0.589680, 0.386812, -1.000000, 0.441117, -1.000000
0.130000, 0.370000, 1.700000, 0.601620, 0.389670, -1.000000, 0.445035, -1.000000
0.130000, 0.380000, 1.690000, 0.613320, 0.392535, -1.000000, 0.448959, -1.000000
0.130000, 0.390000, 1.680000, 0.624780, 0.395408, -1.000000, 0.452890, -1.000000
0.130000, 0.400000, 1.670000, 0.636000, 0.398288, -1.000000, 0.456827, -1.000000
0.130000, 0.410000, 1.660000, 0.646980, 0.401175, -1.000000, 0.460769, -1.000000
0.130000, 0.420000, 1.650000, 0.657720, 0.404069, -1.000000, 0.464717, -1.000000
0.130000, 0.430000, 1.640000, 0.668220, 0.406970, -1.000000, 0.468668, -1.000000
0.130000, 0.440000, 1.630000, 0.678480, 0.409877, -1.000000, 0.472624, -1.000000
0.130000, 0.450000, 1.620000, 0.688500, 0.412790, -1.000000, 0.476583, -1.000000
0.130000, 0.460000, 1.610000, 0.698280, 0.415710, -1.000000, 0.477123, -1.000000
0.130000, 0.470000, 1.600000, 0.707820, 0.418635, -1.000000, 0.477350, -1.000000
0.130000, 0.480000, 1.590000, 0.717120, 0.421567, -1.000000, 0.477577, -1.000000
0.130000, 0.490000, 1.580000, 0.726180, 0.423900, -1.000000, 0.477804, -1.000000
0.130000, 0.500000, 1.570000, 0.735000, 0.424524, -1.000000, 0.478030, -1.000000
0.130000, 0.510000, 1.560000, 0.743580, 0.425149, -1.000000, 0.478257, -1.000000
0.130000, 0.520000, 1.550000, 0.751920, 0.425774, -1.000000, 0.478484, -1.000000
0.130000, 0.530000, 1.540000, 0.760020, 0.426399, -1.000000, 0.478711, -1.000000
0.130000, 0.540000, 1.530000, 0.767880, 0.427025, -1.000000, 0.478938, -1.000000
0.130000, 0.550000, 1.520000, 0.775500, 0.427650, -1.000000, 0.479165, -1.000000
0.130000, 0.560000, 1.510000, 0.782880, 0.428276, -1.000000, 0.479392, -1.000000
0.130000, 0.570000, 1.500000, 0.790020, 0.428772, -1.000000, 0.479619, -1.000000
0.130000, 0.580000, 1.490000, 0.796920, 0.428785, -1.000000, 0.479846, -1.000000
0.130000, 0.590000, 1.480000, 0.803580, 0.428798, -1.000000, 0.480073, -1.000000
0.130000, 0.600000, 1.470000, 0.810000, 0.428811, -1.000000, 0.480300, -1.000000
0.130000, 0.610000, 1.460000, 0.816180, 0.428823, -1.000000, 0.480527, -1.000000
0.130000, 0.620000, 1.450000, 0.822120, 0.428836, -1.000000, 0.480753, -1.000000
0.130000, 0.630000, 1.440000, 0.827820, 0.428849, -1.000000, 0.480980, -1.000000
0.130000, 0.640000, 1.430000, 0.833280, 0.428862, -1.000000, 0.481207, -1.000000
0.130000, 0.650000, 1.420000, 0.838500, 0.428297, -1.000000, 0.481434, -1.000000
0.130000, 0.660000, 1.410000, 0.843480, 0.427077, -1.000000, 0.481661, -1.000000
0.130000, 0.670000, 1.400000, 0.848220, 0.425858, -1.000000, 0.481888, -1.000000
0.130000, 0.680000, 1.390000, 0.852720, 0.424639, -1.000000, 0.482115, -1.000000
0.130000, 0.690000, 1.380000, 0.856980, 0.423422, -1.000000, 0.482343, -1.000000
0.130000, 0.700000, 1.370000, 0.861000, 0.422206, -1.000000, 0.482570, -1.000000
0.130000, 0.710000, 1.360000, 0.864780, 0.420990, -1.000000, 0.482797, -1.000000
0.130000, 0.720000, 1.350000, 0.868320, 0.419776, -1.000000, 0.483024, -1.000000
0.130000, 0.730000, 1.340000, 0.871620, 0.418563, -1.000000, 0.483251, -1.000000
0.130000, 0.740000, 1.330000, 0.874680, 0.417350, -1.000000, 0.483478, -1.000000
0.130000, 0.750000, 1.320000, 0.877500, 0.416139, -1.000000, 0.483705, -1.000000
0.130000, 0.760000, 1.310000, 0.880080, 0.412295, -1.000000, 0.482901, -1.000000
0.130000, 0.770000, 1.300000, 0.882420, 0.408204, -1.000000, 0.480111, -1.000000
0.130000, 0.780000, 1.290000, 0.884520, 0.404125, -1.000000, 0.477323, -1.000000
0.130000, 0.790000, 1.280000, 0.886380, 0.400059, -1.000000, 0.474536, -1.000000
0.130000, 0.800000, 1.270000, 0.888000, 0.396007, -1.000000, 0.471751, -1.000000
0.130000, 0.810000, 1.260000, 0.889380, 0.391969, -1.000000, 0.468967, -1.000000
0.130000, 0.820000, 1.250000, 0.890520, 0.387946, -1.000000, 0.466185, -1.000000
0.130000, 0.830000, 1.240000, 0.891420, 0.383938, -1.000000, 0.463406, -1.000000
0.130000, 0.839999, 1.230000, 0.892080, 0.379946, -1.000000, 0.460629, -1.000000
0.130000, 0.849999, 1.220001, 0.892500, 0.375970, -1.000000, 0.457854, -1.000000
0.130000, 0.859999, 1.210001, 0.892680, 0.372010, -1.000000, 0.455082, -1.000000
0.130000, 0.869999, 1.200001, 0.892620, 0.368068, -1.000000, 0.452312, -1.000000
0.130000, 0.879999, 1.190001, 0.892320, 0.364143, -1.000000, 0.449546, -1.000000
0.130000, 0.889999, 1.180001, 0.891780, 0.360237, -1.000000, 0.446783, -1.000000
0.130000, 0.899999, 1.170001, 0.891000, 0.356348, -1.000000, 0.444023, -1.000000
0.130000, 0.909999, 1.160001, 0.889980, 0.352479, -1.000000, 0.441266, -1.000000
0.130000, 0.919999, 1.150001, 0.888720, 0.348629, -1.000000, 0.438513, -1.000000
0.130000, 0.929999, 1.140001, 0.887220, 0.344798, -1.000000, 0.435764, -1.000000
0.130000, 0.939999, 1.130001, 0.885480, 0.340988, -1.000000, 0.433019, -1.000000
0.130000, 0.949999, 1.120001, 0.883500, 0.337198, -1.000000, 0.430277, -1.000000
0.130000, 0.959999, 1.110001, 0.881280, 0.333428, -1.000000, 0.427540, -1.000000
0.130000, 0.969999, 1.100001, 0.878820, 0.329680, -1.000000, 0.424808, -1.000000
0.130000, 0.979999, 1.090001, 0.876120, 0.325954, -1.000000, 0.422080, -1.000000
0.130000, 0.989999, 1.080001, 0.873180, 0.322249, -1.000000, 0.419357, -1.000000
0.130000, 0.999999, 1.070001, 0.870000, 0.318567, -1.000000, 0.416639, -1.000000
0.140000, 0.000000, 2.060000, 0.000000, 0.226376, 0.655286, 0.278112, 0.758789
0.140000, 0.010000, 2.050000, 0.020480, 0.231307, -1.000000, 0.282631, -1.000000
0.140000, 0.020000, 2.040000, 0.040720, 0.236313, -1.000000, 0.287195, -1.000000
0.140000, 0.030000, 2.030000, 0.060720, 0.241393, -1.000000, 0.291803, -1.000000
0.140000, 0.040000, 2.020000, 0.080480, 0.246547, -1.000000, 0.296453, -1.000000
0.140000, 0.050000, 2.010000, 0.100000, 0.251774, -1.000000, 0.301146, -1.000000
0.140000, 0.060000, 2.000000, 0.119280, 0.257075, -1.000000, 0.305881, -1.000000
0.140000, 0.070000, 1.990000, 0.138320, 0.262448, -1.000000, 0.310658, -1.000000
0.140000, 0.080000, 1.980000, 0.157120, 0.267892, -1.000000, 0.315475, -1.000000
0.140000, 0.090000, 1.970000, 0.175680, 0.273408, -1.000000, 0.320332, -1.000000
0.140000, 0.100000, 1.960000, 0.194000, 0.278994, -1.000000, 0.325229, -1.000000
0.140000, 0.110000, 1.950000, 0.212080, 0.284649, -1.000000, 0.330164, -1.000000
0.140000, 0.120000, 1.940000, 0.229920, 0.290373, -1.000000, 0.335136, -1.000000
0.140000, 0.130000, 1.930000, 0.247520, 0.296165, -1.000000, 0.340146, -1.000000
0.140000, 0.140000, 1.920000, 0.264880, 0.302022, -1.000000, 0.345191, -1.000000
0.140000, 0.150000, 1.910000, 0.282000, 0.307945, -1.000000, 0.350272, -1.000000
0.140000, 0.160000, 1.900000, 0.298880, 0.313932, -1.000000, 0.355387, -1.000000
0.140000, 0.170000, 1.890000, 0.315520, 0.319513, -1.000000, 0.360535, -1.000000
0.140000, 0.180000, 1.880000, 0.331920, 0.324809, -1.000000, 0.365715, -1.000000
0.140000, 0.190000, 1.870000, 0.348080, 0.330151, -1.000000, 0.370927, -1.000000
0.140000, 0.200000, 1.860000, 0.364000, 0.335536, -1.000000, 0.376168, -1.000000
0.140000, 0.210000, 1.850000, 0.379680, 0.340965, -1.000000, 0.381439, -1.000000
0.140000, 0.220000, 1.840000, 0.395120, 0.346436, -1.000000, 0.386738, -1.000000
0.140000, 0.230000, 1.830000, 0.410320, 0.350424, -1.000000, 0.391042, -1.000000
0.140000, 0.240000, 1.820000, 0.425280, 0.353168, -1.000000, 0.394830, -1.000000
0.140000, 0.250000, 1.810000, 0.440000, 0.355922, -1.000000, 0.398630, -1.000000
0.140000, 0.260000, 1.800000, 0.454480, 0.358685, -1.000000, 0.402442, -1.000000
0.140000, 0.270000, 1.790000, 0.468720, 0.361457, -1.000000, 0.406266, -1.000000
0.140000, 0.280000, 1.780000, 0.482720, 0.364239, -1.000000, 0.410101, -1.000000
0.140000, 0.290000, 1.770000, 0.496480, 0.367030, -1.000000, 0.413947, -1.000000
0.140000, 0.300000, 1.760000, 0.510000, 0.369829, -1.000000, 0.417804, -1.000000
0.140000, 0.310000, 1.750000, 0.523280, 0.372638, -1.000000, 0.421671, -1.000000
0.140000, 0.320000, 1.740000, 0.536320, 0.375455, -1.000000, 0.425548, -1.000000
0.140000, 0.330000, 1.730000, 0.549120, 0.378281, -1.000000, 0.429434, -1.000000
0.140000, 0.340000, 1.720000, 0.561680, 0.381115, -1.000000, 0.433328, -1.000000
0.140000, 0.350000, 1.710000, 0.574000, 0.383957, -1.000000, 0.437231, -1.000000
0.140000, 0.360000, 1.700000, 0.586080, 0.386807, -1.000000, 0.441141, -1.000000
0.140000, 0.370000, 1.690000, 0.597920, 0.389664, -1.000000, 0.445059, -1.000000
0.140000, 0.380000, 1.680000, 0.609520, 0.392530, -1.000000, 0.448984, -1.000000
0.140000, 0.390000, 1.670000, 0.620880, 0.395403, -1.000000, 0.452915, -1.000000
0.140000, 0.400000, 1.660000, 0.632000, 0.398283, -1.000000, 0.456852, -1.000000
0.140000, 0.410000, 1.650000, 0.642880, 0.401170, -1.000000, 0.460794, -1.000000
0.140000, 0.420000, 1.640000, 0.653520, 0.404064, -1.000000, 0.464741, -1.000000
0.140000, 0.430000, 1.630000, 0.663920, 0.406964, -1.000000, 0.468693, -1.000000
0.140000, 0.440000, 1.620000, 0.674080, 0.409872, -1.000000, 0.472648, -1.000000
0.140000, 0.450000, 1.610000, 0.684000, 0.412785, -1.000000, 0.476607, -1.000000
0.140000, 0.460000, 1.600000, 0.693680, 0.415705, -1.000000, 0.477080, -1.000000
0.140000, 0.470000, 1.590000, 0.703120, 0.418630, -1.000000, 0.477306, -1.000000
0.140000, 0.480000, 1.580000, 0.712320, 0.421561, -1.000000, 0.477533, -1.000000
0.140000, 0.490000, 1.570000, 0.721280, 0.423940, -1.000000, 0.477760, -1.000000
0.140000, 0.500000, 1.560000, 0.730000, 0.424565, -1.000000, 0.477987, -1.000000
0.140000, 0.510000, 1.550000, 0.738480, 0.425189, -1.000000, 0.478214, -1.000000
0.140000, 0.520000, 1.540000, 0.746720, 0.425815, -1.000000, 0.478441, -1.000000
0.140000, 0.530000, 1.530000, 0.754720, 0.426440, -1.000000, 0.478668, -1.000000
0.140000, 0.540000, 1.520000, 0.762480, 0.427065, -1.000000, 0.478895, -1.000000
0.140000, 0.550000, 1.510000, 0.770000, 0.427691, -1.000000, 0.479121, -1.000000
0.140000, 0.560000, 1.500000, 0.777280, 0.428317, -1.000000, 0.479348, -1.000000
0.140000, 0.570000, 1.490000, 0.784320, 0.428782, -1.000000, 0.479575, -1.000000
0.140000, 0.580000, 1.480000, 0.791120, 0.428795, -1.000000, 0.479802, -1.000000
0.140000, 0.590000, 1.470000, 0.797680, 0.428808, -1.000000, 0.480029, -1.000000
0.140000, 0.600000, 1.460000, 0.804000, 0.428821, -1.000000, 0.480256, -1.000000
0.140000, 0.610000, 1.450000, 0.810080, 0.428834, -1.000000, 0.480483, -1.000000
0.140000, 0.620000, 1.440000, 0.815920, 0.428846, -1.000000, 0.480710, -1.000000
0.140000, 0.630000, 1.430000, 0.821520, 0.428859, -1.000000, 0.480937, -1.000000
0.140000, 0.640000, 1.420000, 0.826880, 0.428872, -1.000000, 0.481164, -1.000000
0.140000, 0.650000, 1.410000, 0.832000, 0.428345, -1.000000, 0.481391, -1.000000
0.140000, 0.660000, 1.400000, 0.836880, 0.427125, -1.000000, 0.481618, -1.000000
0.140000, 0.670000, 1.390000, 0.841520, 0.425906, -1.000000, 0.481845, -1.000000
0.140000, 0.680000, 1.380000, 0.845920, 0.424687, -1.000000, 0.482072, -1.000000
0.140000, 0.690000, 1.370000, 0.850080, 0.423470, -1.000000, 0.482299, -1.000000
0.140000, 0.700000, 1.360000, 0.854000, 0.422254, -1.000000, 0.482526, -1.000000
0.140000, 0.710000, 1.350000, 0.857680, 0.421038, -1.000000, 0.482753, -1.000000
0.140000, 0.720000, 1.340000, 0.861120, 0.419824, -1.000000, 0.482980, -1.000000
0.140000, 0.730000, 1.330000, 0.864320, 0.418610, -1.000000, 0.483207, -1.000000
0.140000, 0.740000, 1.320000, 0.867280, 0.417398, -1.000000, 0.483434, -1.000000
0.140000, 0.750000, 1.310000, 0.870000, 0.416186, -1.000000, 0.483661, -1.000000
0.140000, 0.760000, 1.300000, 0.872480, 0.412493, -1.000000, 0.482869, -1.000000
0.140000, 0.770000, 1.290000, 0.874720, 0.408400, -1.000000, 0.480079, -1.000000
0.140000, 0.780000, 1.280000, 0.876720, 0.404321, -1.000000, 0.477291, -1.000000
0.140000, 0.790000, 1.270000, 0.878480, 0.400254, -1.000000, 0.474504, -1.000000
0.140000, 0.800000, 1.260000, 0.880000, 0.396201, -1.000000, 0.471719, -1.000000
0.140000, 0.810000, 1.250000, 0.881280, 0.392163, -1.000000, 0.468935, -1.000000
0.140000, 0.820000, 1.240000, 0.882320, 0.388139, -1.000000, 0.466154, -1.000000
0.140000, 0.830000, 1.230000, 0.883120, 0.384130, -1.000000, 0.463374, -1.000000
0.140000, 0.839999, 1.220001, 0.883680, 0.380138, -1.000000, 0.460597, -1.000000
0.140000, 0.849999, 1.210001, 0.884000, 0.376161, -1.000000, 0.457822, -1.000000
0.140000, 0.859999, 1.200001, 0.884080, 0.372201, -1.000000, 0.455050, -1.000000
0.140000, 0.869999, 1.190001, 0.883920, 0.368257, -1.000000, 0.452281, -1.000000
0.140000, 0.879999, 1.180001, 0.883520, 0.364332, -1.000000, 0.449514, -1.000000
0.140000, 0.889999, 1.170001, 0.882880, 0.360424, -1.000000, 0.446751, -1.000000
0.140000, 0.899999, 1.160001, 0.882000, 0.356535, -1.000000, 0.443991, -1.000000
0.140000, 0.909999, 1.150001, 0.880880, 0.352665, -1.000000, 0.441235, -1.000000
0.140000, 0.919999, 1.140001, 0.879520, 0.348814, -1.000000, 0.438482, -1.000000
0.140000, 0.929999, 1.130001, 0.877920, 0.344982, -1.000000, 0.435732, -1.000000
0.140000, 0.939999, 1.120001, 0.876080, 0.341171, -1.000000, 0.432987, -1.000000
0.140000, 0.949999, 1.110001, 0.874000, 0.337380, -1.000000, 0.430246, -1.000000
0.140000, 0.959999, 1.100001, 0.871680, 0.333609, -1.000000, 0.427509, -1.000000
0.140000, 0.969999, 1.090001, 0.869120, 0.329860, -1.000000, 0.424777, -1.000000
0.140000, 0.979999, 1.080001, 0.866320, 0.326133, -1.000000, 0.422049, -1.000000
0.140000, 0.989999, 1.070001, 0.863280, 0.322427, -1.000000, 0.419326, -1.000000
0.140000, 0.999999, 1.060001, 0.860000, 0.318743, -1.000000, 0.416608, -1.000000
0.150000, 0.000000, 2.050000, 0.000000, 0.226276, 0.655291, 0.278092, 0.758784
0.150000, 0.010000, 2.040000, 0.020380, 0.231206, -1.000000, 0.282612, -1.000000
0.150000, 0.020000, 2.030000, 0.040520, 0.236210, -1.000000, 0.287175, -1.000000
0.150000, 0.030000, 2.020000, 0.060420, 0.241289, -1.000000, 0.291782, -1.000000
0.150000, 0.040000, 2.010000, 0.080080, 0.246441, -1.000000, 0.296433, -1.000000
0.150000, 0.050000, 2.000000, 0.099500, 0.251667, -1.000000, 0.301126, -1.000000
0.150000, 0.060000, 1.990000, 0.118680, 0.256966, -1.000000, 0.305861, -1.000000
0.150000, 0.070000, 1.980000, 0.137620, 0.262337, -1.000000, 0.310637, -1.000000
0.150000, 0.080000, 1.970000, 0.156320, 0.267780, -1.000000, 0.315454, -1.000000
0.150000, 0.090000, 1.960000, 0.174780, 0.273295, -1.000000, 0.320311, -1.000000
0.150000, 0.100000, 1.950000, 0.193000, 0.278879, -1.000000, 0.325207, -1.000000
0.150000, 0.110000, 1.940000, 0.210980, 0.284533, -1.000000, 0.330142, -1.000000
0.150000, 0.120000, 1.930000, 0.228720, 0.290256, -1.000000, 0.335115, -1.000000
0.150000, 0.130000, 1.920000, 0.246220, 0.296046, -1.000000, 0.340124, -1.000000
0.150000, 0.140000, 1.910000, 0.263480, 0.301902, -1.000000, 0.345169, -1.000000
0.150000, 0.150000, 1.900000, 0.280500, 0.307824, -1.000000, 0.350250, -1.000000
0.150000, 0.160000, 1.890000, 0.297280, 0.313809, -1.000000, 0.355364, -1.000000
0.150000, 0.170000, 1.880000, 0.313820, 0.319461, -1.000000, 0.360512, -1.000000
0.150000, 0.180000, 1.870000, 0.330120, 0.324757, -1.000000, 0.365693, -1.000000
0.150000, 0.190000, 1.860000, 0.346180, 0.330098, -1.000000, 0.370904, -1.000000
0.150000, 0.200000, 1.850000, 0.362000, 0.335483, -1.000000, 0.376146, -1.000000
0.150000, 0.210000, 1.840000, 0.377580, 0.340911, -1.000000, 0.381416, -1.000000
0.150000, 0.220000, 1.830000, 0.392920, 0.346381, -1.000000, 0.386715, -1.000000
0.150000, 0.230000, 1.820000, 0.408020, 0.350419, -1.000000, 0.391066, -1.000000
0.150000, 0.240000, 1.810000, 0.422880, 0.353163, -1.000000, 0.394853, -1.000000
0.150000, 0.250000, 1.800000, 0.437500, 0.355917, -1.000000, 0.398653, -1.000000
0.150000, 0.260000, 1.790000, 0.451880, 0.358680, -1.000000, 0.402466, -1.000000
0.150000, 0.270000, 1.780000, 0.466020, 0.361452, -1.000000, 0.406290, -1.000000
0.150000, 0.280000, 1.770000, 0.479920, 0.364234, -1.000000, 0.410125, -1.000000
0.150000, 0.290000, 1.760000, 0.493580, 0.367025, -1.000000, 0.413972, -1.000000
0.150000, 0.300000, 1.750000, 0.507000, 0.369824, -1.000000, 0.417828, -1.000000
0.150000, 0.310000, 1.740000, 0.520180, 0.372633, -1.000000, 0.421695, -1.000000
0.150000, 0.320000, 1.730000, 0.533120, 0.375450, -1.000000, 0.425572, -1.000000
0.150000, 0.330000, 1.720000, 0.545820, 0.378276, -1.000000, 0.429458, -1.000000
0.150000, 0.340000, 1.710000, 0.558280, 0.381110, -1.000000, 0.433352, -1.000000
0.150000, 0.350000, 1.700000, 0.570500, 0.383952, -1.000000, 0.437255, -1.000000
0.150000, 0.360000, 1.690000, 0.582480, 0.386802, -1.000000, 0.441166, -1.000000
0.150000, 0.370000, 1.680000, 0.594220, 0.389659, -1.000000, 0.445084, -1.000000
0.150000, 0.380000, 1.670000, 0.605720, 0.392525, -1.000000, 0.449008, -1.000000
0.150000, 0.390000, 1.660000, 0.616980, 0.395397, -1.000000, 0.452939, -1.000000
0.150000, 0.400000, 1.650000, 0.628000, 0.398277, -1.000000, 0.456876, -1.000000
0.150000, 0.410000, 1.640000, 0.638780, 0.401164, -1.000000, 0.460819, -1.000000
0.150000, 0.420000, 1.630000, 0.649320, 0.404058, -1.000000, 0.464766, -1.000000
0.150000, 0.430000, 1.620000, 0.659620, 0.406959, -1.000000, 0.468718, -1.000000
0.150000, 0.440000, 1.610000, 0.669680, 0.409866, -1.000000, 0.472673, -1.000000
0.150000, 0.450000, 1.600000, 0.679500, 0.412780, -1.000000, 0.476632, -1.000000
0.150000, 0.460000, 1.590000, 0.689080, 0.415699, -1.000000, 0.477036, -1.000000
0.150000, 0.470000, 1.580000, 0.698420, 0.418625, -1.000000, 0.477263, -1.000000
0.150000, 0.480000, 1.570000, 0.707520, 0.421556, -1.000000, 0.477490, -1.000000
0.150000, 0.490000, 1.560000, 0.716380, 0.423981, -1.000000, 0.477717, -1.000000
0.150000, 0.500000, 1.550000, 0.725000, 0.424605, -1.000000, 0.477943, -1.000000
0.150000, 0.510000, 1.540000, 0.733380, 0.425230, -1.000000, 0.478170, -1.000000
0.150000, 0.520000, 1.530000, 0.741520, 0.425855, -1.000000, 0.478397, -1.000000
0.150000, 0.530000, 1.520000, 0.749420, 0.426481, -1.000000, 0.478624, -1.000000
0.150000, 0.540000, 1.510000, 0.757080, 0.427106, -1.000000, 0.478851, -1.000000
0.150000, 0.550000, 1.500000, 0.764500, 0.427732, -1.000000, 0.479078, -1.000000
0.150000, 0.560000, 1.490000, 0.771680, 0.428358, -1.000000, 0.479305, -1.000000
0.150000, 0.570000, 1.480000, 0.778620, 0.428793, -1.000000, 0.479532, -1.000000
0.150000, 0.580000, 1.470000, 0.785320, 0.428805, -1.000000, 0.479759, -1.000000
0.150000, 0.590000, 1.460000, 0.791780, 0.428818, -1.000000, 0.479986, -1.000000
0.150000, 0.600000, 1.450000, 0.798000, 0.428831, -1.000000, 0.480213, -1.000000
0.150000, 0.610000, 1.440000, 0.803980, 0.428844, -1.000000, 0.480440, -1.000000
0.150000, 0.620000, 1.430000, 0.809720, 0.428856, -1.000000, 0.480666, -1.000000
0.150000, 0.630000, 1.420000, 0.815220, 0.428869, -1.000000, 0.480893, -1.000000
0.150000, 0.640000, 1.410000, 0.820480, 0.428882, -1.000000, 0.481120, -1.000000
0.150000, 0.650000, 1.400000, 0.825500, 0.428393, -1.000000, 0.481347, -1.000000
0.150000, 0.660000, 1.390000, 0.830280, 0.427173, -1.000000, 0.481574, -1.000000
0.150000, 0.670000, 1.380000, 0.834820, 0.425954, -1.000000, 0.481801, -1.000000
0.150000, 0.680000, 1.370000, 0.839120, 0.424735, -1.000000, 0.482028, -1.000000
0.150000, 0.690000, 1.360000, 0.843180, 0.423518, -1.000000, 0.482255, -1.000000
0.150000, 0.700000, 1.350000, 0.847000, 0.422302, -1.000000, 0.482482, -1.000000
0.150000, 0.710000, 1.340000, 0.850580, 0.421086, -1.000000, 0.482710, -1.000000
0.150000, 0.720000, 1.330000, 0.853920, 0.419872, -1.000000, 0.482937, -1.000000
0.150000, 0.730000, 1.320000, 0.857020, 0.418658, -1.000000, 0.483164, -1.000000
0.150000, 0.740000, 1.310000, 0.859880, 0.417446, -1.000000, 0.483391, -1.000000
0.150000, 0.750000, 1.300000, 0.862500, 0.416234, -1.000000, 0.483618, -1.000000
0.150000, 0.760000, 1.290000, 0.864880, 0.412690, -1.000000, 0.482837, -1.000000
0.150000, 0.770000, 1.280000, 0.867020, 0.408597, -1.000000, 0.480048, -1.000000
0.150000, 0.780000, 1.270000, 0.868920, 0.404517, -1.000000, 0.477259, -1.000000
0.150000, 0.790000, 1.260000, 0.870580, 0.400450, -1.000000, 0.474473, -1.000000
0.150000, 0.800000, 1.250000, 0.872000, 0.396396, -1.000000, 0.471687, -1.000000
0.150000, 0.810000, 1.240000, 0.873180, 0.392357, -1.000000, 0.468904, -1.000000
0.150000, 0.820000, 1.230000, 0.874120, 0.388332, -1.000000, 0.466122, -1.000000
0.150000, 0.830000, 1.220001, 0.874820, 0.384323, -1.000000, 0.463343, -1.000000
0.150000, 0.839999, 1.210001, 0.875280, 0.380329, -1.000000, 0.460566, -1.000000
0.150000, 0.849999, 1.200001, 0.875500, 0.376352, -1.000000, 0.457791, -1.000000
0.150000, 0.859999, 1.190001, 0.875480, 0.372391, -1.000000, 0.455019, -1.000000
0.150000, 0.869999, 1.180001, 0.875220, 0.368447, -1.000000, 0.452249, -1.000000
0.150000, 0.879999, 1.170001, 0.874720, 0.364520, -1.000000, 0.449483, -1.000000
0.150000, 0.889999, 1.160001, 0.873980, 0.360612, -1.000000, 0.446720, -1.000000
0.150000, 0.899999, 1.150001, 0.873000, 0.356722, -1.000000, 0.443960, -1.000000
0.150000, 0.909999, 1.140001, 0.871780, 0.352851, -1.000000, 0.441203, -1.000000
0.150000, 0.919999, 1.130001, 0.870320, 0.348998, -1.000000, 0.438450, -1.000000
0.150000, 0.929999, 1.120001, 0.868620, 0.345166, -1.000000, 0.435701, -1.000000
0.150000, 0.939999, 1.110001, 0.866680, 0.341354, -1.000000, 0.432956, -1.000000
0.150000, 0.949999, 1.100001, 0.864500, 0.337562, -1.000000, 0.430215, -1.000000
0.150000, 0.959999, 1.090001, 0.862080, 0.333790, -1.000000, 0.427478, -1.000000
0.150000, 0.969999, 1.080001, 0.859420, 0.330040, -1.000000, 0.424746, -1.000000
0.150000, 0.979999, 1.070001, 0.856520, 0.326312, -1.000000, 0.422018, -1.000000
0.150000, 0.989999, 1.060001, 0.853380, 0.322605, -1.000000, 0.419295, -1.000000
0.150000, 0.999999, 1.050001, 0.850000, 0.318920, -1.000000, 0.416577, -1.000000
0.160000, 0.000000, 2.040000, 0.000000, 0.226177, 0.655295, 0.278073, 0.758778
0.160000, 0.010000, 2.030000, 0.020280, 0.231105, -1.000000, 0.282592, -1.000000
0.160000, 0.020000, 2.020000, 0.040320, 0.236107, -1.000000, 0.287155, -1.000000
0.160000, 0.030000, 2.010000, 0.060120, 0.241184, -1.000000, 0.291762, -1.000000
0.160000, 0.040000, 2.000000, 0.079680, 0.246335, -1.000000, 0.296412, -1.000000
0.160000, 0.050000, 1.990000, 0.099000, 0.251559, -1.000000, 0.301105, -1.000000
0.160000, 0.060000, 1.980000, 0.118080, 0.256857, -1.000000, 0.305840, -1.000000
0.160000, 0.070000, 1.970000, 0.136920, 0.262227, -1.000000, 0.310616, -1.000000
0.160000, 0.080000, 1.960000, 0.155520, 0.267668, -1.000000, 0.315433, -1.000000
0.160000, 0.090000, 1.950000, 0.173880, 0.273181, -1.000000, 0.320290, -1.000000
0.160000, 0.100000, 1.940000, 0.192000, 0.278765, -1.000000, 0.325186, -1.000000
0.160000, 0.110000, 1.930000, 0.209880, 0.284417, -1.000000, 0.330121, -1.000000
0.160000, 0.120000, 1.920000, 0.227520, 0.290138, -1.000000, 0.335093, -1.000000
0.160000, 0.130000, 1.910000, 0.244920, 0.295927, -1.000000, 0.340102, -1.000000
0.160000, 0.140000, 1.900000, 0.262080, 0.301782, -1.000000, 0.345147, -1.000000
0.160000, 0.150000, 1.890000, 0.279000, 0.307702, -1.000000, 0.350228, -1.000000
0.160000, 0.160000, 1.880000, 0.295680, 0.313686, -1.000000, 0.355342, -1.000000
0.160000, 0.170000, 1.870000, 0.312120, 0.319409, -1.000000, 0.360490, -1.000000
0.160000, 0.180000, 1.860000, 0.328320, 0.324704, -1.000000, 0.365670, -1.000000
0.160000, 0.190000, 1.850000, 0.344280, 0.330045, -1.000000, 0.370881, -1.000000
0.160000, 0.200000, 1.840000, 0.360000, 0.335429, -1.000000, 0.376123, -1.000000
0.160000, 0.210000, 1.830000, 0.375480, 0.340857, -1.000000, 0.381394, -1.000000
0.160000, 0.220000, 1.820000, 0.390720, 0.346327, -1.000000, 0.386692, -1.000000
0.160000, 0.230000, 1.810000, 0.405720, 0.350414, -1.000000, 0.391090, -1.000000
0.160000, 0.240000, 1.800000, 0.420480, 0.353158, -1.000000, 0.394877, -1.000000
0.160000, 0.250000, 1.790000, 0.435000, 0.355911, -1.000000, 0.398677, -1.000000
0.160000, 0.260000, 1.780000, 0.449280, 0.358674, -1.000000, 0.402489, -1.000000
0.160000, 0.270000, 1.770000, 0.463320, 0.361447, -1.000000, 0.406314, -1.000000
0.160000, 0.280000, 1.760000, 0.477120, 0.364229, -1.000000, 0.410149, -1.000000
0.160000, 0.290000, 1.750000, 0.490680, 0.367019, -1.000000, 0.413996, -1.000000
0.160000, 0.300000, 1.740000, 0.504000, 0.369819, -1.000000, 0.417853, -1.000000
0.160000, 0.310000, 1.730000, 0.517080, 0.372628, -1.000000, 0.421720, -1.000000
0.160000, 0.320000, 1.720000, 0.529920, 0.375445, -1.000000, 0.425596, -1.000000
0.160000, 0.330000, 1.710000, 0.542520, 0.378270, -1.000000, 0.429482, -1.000000
0.160000, 0.340000, 1.700000, 0.554880, 0.381104, -1.000000, 0.433377, -1.000000
0.160000, 0.350000, 1.690000, 0.567000, 0.383946, -1.000000, 0.437280, -1.000000
0.160000, 0.360000, 1.680000, 0.578880, 0.386796, -1.000000, 0.441190, -1.000000
0.160000, 0.370000, 1.670000, 0.590520, 0.389654, -1.000000, 0.445108, -1.000000
0.160000, 0.380000, 1.660000, 0.601920, 0.392519, -1.000000, 0.449033, -1.000000
0.160000, 0.390000, 1.650000, 0.613080, 0.395392, -1.000000, 0.452964, -1.000000
0.160000, 0.400000, 1.640000, 0.624000, 0.398272, -1.000000, 0.456901, -1.000000
0.160000, 0.410000, 1.630000, 0.634680, 0.401159, -1.000000, 0.460843, -1.000000
0.160000, 0.420000, 1.620000, 0.645120, 0.404053, -1.000000, 0.464791, -1.000000
0.160000, 0.430000, 1.610000, 0.655320, 0.406954, -1.000000, 0.468742, -1.000000
0.160000, 0.440000, 1.600000, 0.665280, 0.409861, -1.000000, 0.472698, -1.000000
0.160000, 0.450000, 1.590000, 0.675000, 0.412774, -1.000000, 0.476657, -1.000000
0.160000, 0.460000, 1.580000, 0.684480, 0.415694, -1.000000, 0.476993, -1.000000
0.160000, 0.470000, 1.570000, 0.693720, 0.418619, -1.000000, 0.477219, -1.000000
0.160000, 0.480000, 1.560000, 0.702720, 0.421551, -1.000000, 0.477446, -1.000000
0.160000, 0.490000, 1.550000, 0.711480, 0.424021, -1.000000, 0.477673, -1.000000
0.160000, 0.500000, 1.540000, 0.720000, 0.424646, -1.000000, 0.477900, -1.000000
0.160000, 0.510000, 1.530000, 0.728280, 0.425271, -1.000000, 0.478127, -1.000000
0.160000, 0.520000, 1.520000, 0.736320, 0.425896, -1.000000, 0.478354, -1.000000
0.160000, 0.530000, 1.510000, 0.744120, 0.426521, -1.000000, 0.478581, -1.000000
0.160000, 0.540000, 1.500000, 0.751680, 0.427147, -1.000000, 0.478808, -1.000000
0.160000, 0.550000, 1.490000, 0.759000, 0.427773, -1.000000, 0.479034, -1.000000
0.160000, 0.560000, 1.480000, 0.766080, 0.428399, -1.000000, 0.479261, -1.000000
0.160000, 0.570000, 1.470000, 0.772920, 0.428803, -1.000000, 0.479488, -1.000000
0.160000, 0.580000, 1.460000, 0.779520, 0.428816, -1.000000, 0.479715, -1.000000
0.160000, 0.590000, 1.450000, 0.785880, 0.428828, -1.000000, 0.479942, -1.000000
0.160000, 0.600000, 1.440000, 0.792000, 0.428841, -1.000000, 0.480169, -1.000000
0.160000, 0.610000, 1.430000, 0.797880, 0.428854, -1.000000, 0.480396, -1.000000
0.160000, 0.620000, 1.420000, 0.803520, 0.428867, -1.000000, 0.480623, -1.000000
0.160000, 0.630000, 1.410000, 0.808920, 0.428879, -1.000000, 0.480850, -1.000000
0.160000, 0.640000, 1.400000, 0.814080, 0.428892, -1.000000, 0.481077, -1.000000
0.160000, 0.650000, 1.390000, 0.819000, 0.428441, -1.000000, 0.481304, -1.000000
0.160000, 0.660000, 1.380000, 0.823680, 0.427221, -1.000000, 0.481531, -1.000000
0.160000, 0.670000, 1.370000, 0.828120, 0.426002, -1.000000, 0.481758, -1.000000
0.160000, 0.680000, 1.360000, 0.832320, 0.424783, -1.000000, 0.481985, -1.000000
0.160000, 0.690000, 1.350000, 0.836280, 0.423566, -1.000000, 0.482212, -1.000000
0.160000, 0.700000, 1.340000, 0.840000, 0.422350, -1.000000, 0.482439, -1.000000
0.160000, 0.710000, 1.330000, 0.843480, 0.421134, -1.000000, 0.482666, -1.000000
0.160000, 0.720000, 1.320000, 0.846720, 0.419920, -1.000000, 0.482893, -1.000000
0.160000, 0.730000, 1.310000, 0.849720, 0.418706, -1.000000, 0.483120, -1.000000
0.160000, 0.740000, 1.300000, 0.852480, 0.417493, -1.000000, 0.483347, -1.000000
0.160000, 0.750000, 1.290000, 0.855000, 0.416282, -1.000000, 0.483574, -1.000000
0.160000, 0.760000, 1.280000, 0.857280, 0.412887, -1.000000, 0.482805, -1.000000
0.160000, 0.770000, 1.270000, 0.859320, 0.408794, -1.000000, 0.480016, -1.000000
0.160000, 0.780000, 1.260000, 0.861120, 0.404713, -1.000000, 0.477228, -1.000000
0.160000, 0.790000, 1.250000, 0.862680, 0.400645, -1.000000, 0.474441, -1.000000
0.160000, 0.800000, 1.240000, 0.864000, 0.396591, -1.000000, 0.471656, -1.000000
0.160000, 0.810000, 1.230000, 0.865080, 0.392551, -1.000000, 0.468872, -1.000000
0.160000, 0.820000, 1.220001, 0.865920, 0.388526, -1.000000, 0.466091, -1.000000
0.160000, 0.830000, 1.210001, 0.866520, 0.384516, -1.000000, 0.463311, -1.000000
0.160000, 0.839999, 1.200001, 0.866880, 0.380521, -1.000000, 0.460534, -1.000000
0.160000, 0.849999, 1.190001, 0.867000, 0.376543, -1.000000, 0.457759, -1.000000
0.160000, 0.859999, 1.180001, 0.866880, 0.372581, -1.000000, 0.454987, -1.000000
0.160000, 0.869999, 1.170001, 0.866520, 0.368636, -1.000000, 0.452218, -1.000000
0.160000, 0.879999, 1.160001, 0.865920, 0.364709, -1.000000, 0.449452, -1.000000
0.160000, 0.889999, 1.150001, 0.865080, 0.360800, -1.000000, 0.446688, -1.000000
0.160000, 0.899999, 1.140001, 0.864000, 0.356909, -1.000000, 0.443928, -1.000000
0.160000, 0.909999, 1.130001, 0.862680, 0.353036, -1.000000, 0.441172, -1.000000
0.160000, 0.919999, 1.120001, 0.861120, 0.349183, -1.000000, 0.438419, -1.000000
0.160000, 0.929999, 1.110001, 0.859320, 0.345350, -1.000000, 0.435670, -1.000000
0.160000, 0.939999, 1.100001, 0.857280, 0.341537, -1.000000, 0.432925, -1.000000
0.160000, 0.949999, 1.090001, 0.855000, 0.337744, -1.000000, 0.430184, -1.000000
0.160000, 0.959999, 1.080001, 0.852480, 0.333971, -1.000000, 0.427447, -1.000000
0.160000, 0.969999, 1.070001, 0.849720, 0.330220, -1.000000, 0.424715, -1.000000
0.160000, 0.979999, 1.060001, 0.846720, 0.326491, -1.000000, 0.421987, -1.000000
0.160000, 0.989999, 1.050001, 0.843480, 0.322783, -1.000000, 0.419264, -1.000000
0.160000, 0.999999, 1.040001, 0.840000, 0.319097, -1.000000, 0.416546, -1.000000
0.170000, 0.000000, 2.030000, 0.000000, 0.226077, 0.655300, 0.278053, 0.758772
0.170000, 0.010000, 2.020000, 0.020180, 0.231003, -1.000000, 0.282572, -1.000000
0.170000, 0.020000, 2.010000, 0.040120, 0.236004, -1.000000, 0.287135, -1.000000
0.170000, 0.030000, 2.000000, 0.059820, 0.241080, -1.000000, 0.291742, -1.000000
0.170000, 0.040000, 1.990000, 0.079280, 0.246229, -1.000000, 0.296392, -1.000000
0.170000, 0.050000, 1.980000, 0.098500, 0.251452, -1.000000, 0.301085, -1.000000
0.170000, 0.060000, 1.970000, 0.117480, 0.256748, -1.000000, 0.305819, -1.000000
0.170000, 0.070000, 1.960000, 0.136220, 0.262116, -1.000000, 0.310595, -1.000000
0.170000, 0.080000, 1.950000, 0.154720, 0.267557, -1.000000, 0.315412, -1.000000
0.170000, 0.090000, 1.940000, 0.172980, 0.273068, -1.000000, 0.320269, -1.000000
0.170000, 0.100000, 1.930000, 0.191000, 0.278650, -1.000000, 0.325165, -1.000000
0.170000, 0.110000, 1.920000, 0.208780, 0.284301, -1.000000, 0.330099, -1.000000
0.170000, 0.120000, 1.910000, 0.226320, 0.290021, -1.000000, 0.335071, -1.000000
0.170000, 0.130000, 1.900000, 0.243620, 0.295808, -1.000000, 0.340080, -1.000000
0.170000, 0.140000, 1.890000, 0.260680, 0.301662, -1.000000, 0.345125, -1.000000
0.170000, 0.150000, 1.880000, 0.277500, 0.307581, -1.000000, 0.350206, -1.000000
0.170000, 0.160000, 1.870000, 0.294080, 0.313564, -1.000000, 0.355320, -1.000000
0.170000, 0.170000, 1.860000, 0.310420, 0.319357, -1.000000, 0.360467, -1.000000
0.170000, 0.180000, 1.850000, 0.326520, 0.324652, -1.000000, 0.365647, -1.000000
0.170000, 0.190000, 1.840000, 0.342380, 0.329992, -1.000000, 0.370859, -1.000000
0.170000, 0.200000, 1.830000, 0.358000, 0.335376, -1.000000, 0.376100, -1.000000
0.170000, 0.210000, 1.820000, 0.373380, 0.340803, -1.000000, 0.381371, -1.000000
0.170000, 0.220000, 1.810000, 0.388520, 0.346273, -1.000000, 0.386669, -1.000000
0.170000, 0.230000, 1.800000, 0.403420, 0.350409, -1.000000, 0.391113, -1.000000
0.170000, 0.240000, 1.790000, 0.418080, 0.353153, -1.000000, 0.394901, -1.000000
0.170000, 0.250000, 1.780000, 0.432500, 0.355906, -1.000000, 0.398701, -1.000000
0.170000, 0.260000, 1.770000, 0.446680, 0.358669, -1.000000, 0.402513, -1.000000
0.170000, 0.270000, 1.760000, 0.460620, 0.361442, -1.000000, 0.406337, -1.000000
0.170000, 0.280000, 1.750000, 0.474320, 0.364224, -1.000000, 0.410173, -1.000000
0.170000, 0.290000, 1.740000, 0.487780, 0.367014, -1.000000, 0.414020, -1.000000
0.170000, 0.300000, 1.730000, 0.501000, 0.369814, -1.000000, 0.417877, -1.000000
0.170000, 0.310000, 1.720000, 0.513980, 0.372622, -1.000000, 0.421744, -1.000000
0.170000, 0.320000, 1.710000, 0.526720, 0.375440, -1.000000, 0.425621, -1.000000
0.170000, 0.330000, 1.700000, 0.539220, 0.378265, -1.000000, 0.429506, -1.000000
0.170000, 0.340000, 1.690000, 0.551480, 0.381099, -1.000000, 0.433401, -1.000000
0.170000, 0.350000, 1.680000, 0.563500, 0.383941, -1.000000, 0.437304, -1.000000
0.170000, 0.360000, 1.670000, 0.575280, 0.386791, -1.000000, 0.441215, -1.000000
0.170000, 0.370000, 1.660000, 0.586820, 0.389649, -1.000000, 0.445133, -1.000000
0.170000, 0.380000, 1.650000, 0.598120, 0.392514, -1.000000, 0.449057, -1.000000
0.170000, 0.390000, 1.640000, 0.609180, 0.395387, -1.000000, 0.452989, -1.000000
0.170000, 0.400000, 1.630000, 0.620000, 0.398267, -1.000000, 0.456926, -1.000000
0.170000, 0.410000, 1.620000, 0.630580, 0.401154, -1.000000, 0.460868, -1.000000
0.170000, 0.420000, 1.610000, 0.640920, 0.404048, -1.000000, 0.464815, -1.000000
0.170000, 0.430000, 1.600000, 0.651020, 0.406948, -1.000000, 0.468767, -1.000000
0.170000, 0.440000, 1.590000, 0.660880, 0.409856, -1.000000, 0.472723, -1.000000
0.170000, 0.450000, 1.580000, 0.670500, 0.412769, -1.000000, 0.476682, -1.000000
0.170000, 0.460000, 1.570000, 0.679880, 0.415688, -1.000000, 0.476949, -1.000000
0.170000, 0.470000, 1.560000, 0.689020, 0.418614, -1.000000, 0.477176, -1.000000
0.170000, 0.480000, 1.550000, 0.697920, 0.421545, -1.000000, 0.477403, -1.000000
0.170000, 0.490000, 1.540000, 0.706580, 0.424062, -1.000000, 0.477630, -1.000000
0.170000, 0.500000, 1.530000, 0.715000, 0.424687, -1.000000, 0.477857, -1.000000
0.170000, 0.510000, 1.520000, 0.723180, 0.425312, -1.000000, 0.478083, -1.000000
0.170000, 0.520000, 1.510000, 0.731120, 0.425937, -1.000000, 0.478310, -1.000000
0.170000, 0.530000, 1.500000, 0.738820, 0.426562, -1.000000, 0.478537, -1.000000
0.170000, 0.540000, 1.490000, 0.746280, 0.427188, -1.000000, 0.478764, -1.000000
0.170000, 0.550000, 1.480000, 0.753500, 0.427813, -1.000000, 0.478991, -1.000000
0.170000, 0.560000, 1.470000, 0.760480, 0.428439, -1.000000, 0.479218, -1.000000
0.170000, 0.570000, 1.460000, 0.767220, 0.428813, -1.000000, 0.479445, -1.000000
0.170000, 0.580000, 1.450000, 0.773720, 0.428826, -1.000000, 0.479672, -1.000000
0.170000, 0.590000, 1.440000, 0.779980, 0.428839, -1.000000, 0.479899, -1.000000
0.170000, 0.600000, 1.430000, 0.786000, 0.428851, -1.000000, 0.480126, -1.000000
0.170000, 0.610000, 1.420000, 0.791780, 0.428864, -1.000000, 0.480353, -1.000000
0.170000, 0.620000, 1.410000, 0.797320, 0.428877, -1.000000, 0.480579, -1.000000
0.170000, 0.630000, 1.400000, 0.802620, 0.428890, -1.000000, 0.480806, -1.000000
0.170000, 0.640000, 1.390000, 0.807680, 0.428902, -1.000000, 0.481033, -1.000000
0.170000, 0.650000, 1.380000, 0.812500, 0.428489, -1.000000, 0.481260, -1.000000
0.170000, 0.660000, 1.370000, 0.817080, 0.427269, -1.000000, 0.481487, -1.000000
0.170000, 0.670000, 1.360000, 0.821420, 0.426050, -1.000000, 0.481714, -1.000000
0.170000, 0.680000, 1.350000, 0.825520, 0.424831, -1.000000, 0.481941, -1.000000
0.170000, 0.690000, 1.340000, 0.829380, 0.423614, -1.000000, 0.482168, -1.000000
0.170000, 0.700000, 1.330000, 0.833000, 0.422398, -1.000000, 0.482395, -1.000000
0.170000, 0.710000, 1.320000, 0.836380, 0.421182, -1.000000, 0.482622, -1.000000
0.170000, 0.720000, 1.310000, 0.839520, 0.419967, -1.000000, 0.482850, -1.000000
0.170000, 0.730000, 1.300000, 0.842420, 0.418754, -1.000000, 0.483077, -1.000000
0.170000, 0.740000, 1.290000, 0.845080, 0.417541, -1.000000, 0.483304, -1.000000
0.170000, 0.750000, 1.280000, 0.847500, 0.416330, -1.000000, 0.483531, -1.000000
0.170000, 0.760000, 1.270000, 0.849680, 0.413084, -1.000000, 0.482774, -1.000000
0.170000, 0.770000, 1.260000, 0.851620, 0.408990, -1.000000, 0.479984, -1.000000
0.170000, 0.780000, 1.250000, 0.853320, 0.404909, -1.000000, 0.477196, -1.000000
0.170000, 0.790000, 1.240000, 0.854780, 0.400841, -1.000000, 0.474409, -1.000000
0.170000, 0.800000, 1.230000, 0.856000, 0.396786, -1.000000, 0.471624, -1.000000
0.170000, 0.810000, 1.220001, 0.856980, 0.392745, -1.000000, 0.468840, -1.000000
0.170000, 0.820000, 1.210001, 0.857720, 0.388719, -1.000000, 0.466059, -1.000000
0.170000, 0.830000, 1.200001, 0.858220, 0.384708, -1.000000, 0.463280, -1.000000
0.170000, 0.839999, 1.190001, 0.858480, 0.380713, -1.000000, 0.460502, -1.000000
0.170000, 0.849999, 1.180001, 0.858500, 0.376734, -1.000000, 0.457728, -1.000000
0.170000, 0.859999, 1.170001, 0.858280, 0.372771, -1.000000, 0.454956, -1.000000
0.170000, 0.869999, 1.160001, 0.857820, 0.368826, -1.000000, 0.452186, -1.000000
0.170000, 0.879999, 1.150001, 0.857120, 0.364898, -1.000000, 0.449420, -1.000000
0.170000, 0.889999, 1.140001, 0.856180, 0.360987, -1.000000, 0.446657, -1.000000
0.170000, 0.899999, 1.130001, 0.855000, 0.357095, -1.000000, 0.443897, -1.000000
0.170000, 0.909999, 1.120001, 0.853580, 0.353222, -1.000000, 0.441141, -1.000000
0.170000, 0.919999, 1.110001, 0.851920, 0.349368, -1.000000, 0.438388, -1.000000
0.170000, 0.929999, 1.100001, 0.850020, 0.345534, -1.000000, 0.435639, -1.000000
0.170000, 0.939999, 1.090001, 0.847880, 0.341720, -1.000000, 0.432894, -1.000000
0.170000, 0.949999, 1.080001, 0.845500, 0.337926, -1.000000, 0.430153, -1.000000
0.170000, 0.959999, 1.070001, 0.842880, 0.334152, -1.000000, 0.427416, -1.000000
0.170000, 0.969999, 1.060001, 0.840020, 0.330400, -1.000000, 0.424684, -1.000000
0.170000, 0.979999, 1.050001, 0.836920, 0.326670, -1.000000, 0.421956, -1.000000
0.170000, 0.989999, 1.040001, 0.833580, 0.322961, -1.000000, 0.419233, -1.000000
0.170000, 0.999999, 1.030001, 0.830000, 0.319274, -1.000000, 0.416515, -1.000000
0.180000, 0.000000, 2.020000, 0.000000, 0.225977, 0.655304, 0.278034, 0.758766
0.180000, 0.010000, 2.010000, 0.020080, 0.230902, -1.000000, 0.282553, -1.000000
0.180000, 0.020000, 2.000000, 0.039920, 0.235902, -1.000000, 0.287115, -1.000000
0.180000, 0.030000, 1.990000, 0.059520, 0.240975, -1.000000, 0.291722, -1.000000
0.180000, 0.040000, 1.980000, 0.078880, 0.246123, -1.000000, 0.296372, -1.000000
0.180000, 0.050000, 1.970000, 0.098000, 0.251345, -1.000000, 0.301064, -1.000000
0.180000, 0.060000, 1.960000, 0.116880, 0.256639, -1.000000, 0.305799, -1.000000
0.180000, 0.070000, 1.950000, 0.135520, 0.262006, -1.000000, 0.310575, -1.000000
0.180000, 0.080000, 1.940000, 0.153920, 0.267445, -1.000000, 0.315391, -1.000000
0.180000, 0.090000, 1.930000, 0.172080, 0.272955, -1.000000, 0.320248, -1.000000
0.180000, 0.100000, 1.920000, 0.190000, 0.278535, -1.000000, 0.325143, -1.000000
0.180000, 0.110000, 1.910000, 0.207680, 0.284185, -1.000000, 0.330078, -1.000000
0.180000, 0.120000, 1.900000, 0.225120, 0.289903, -1.000000, 0.335050, -1.000000
0.180000, 0.130000, 1.890000, 0.242320, 0.295689, -1.000000, 0.340059, -1.000000
0.180000, 0.140000, 1.880000, 0.259280, 0.301542, -1.000000, 0.345103, -1.000000
0.180000, 0.150000, 1.870000, 0.276000, 0.307459, -1.000000, 0.350183, -1.000000
0.180000, 0.160000, 1.860000, 0.292480, 0.313441, -1.000000, 0.355298, -1.000000
0.180000, 0.170000, 1.850000, 0.308720, 0.319305, -1.000000, 0.360445, -1.000000
0.180000, 0.180000, 1.840000, 0.324720, 0.324599, -1.000000, 0.365625, -1.000000
0.180000, 0.190000, 1.830000, 0.340480, 0.329939, -1.000000, 0.370836, -1.000000
0.180000, 0.200000, 1.820000, 0.356000, 0.335322, -1.000000, 0.376077, -1.000000
0.180000, 0.210000, 1.810000, 0.371280, 0.340749, -1.000000, 0.381348, -1.000000
0.180000, 0.220000, 1.800000, 0.386320, 0.346218, -1.000000, 0.386646, -1.000000
0.180000, 0.230000, 1.790000, 0.401120, 0.350404, -1.000000, 0.391137, -1.000000
0.180000, 0.240000, 1.780000, 0.415680, 0.353148, -1.000000, 0.394924, -1.000000
0.180000, 0.250000, 1.770000, 0.430000, 0.355901, -1.000000, 0.398725, -1.000000
0.180000, 0.260000, 1.760000, 0.444080, 0.358664, -1.000000, 0.402537, -1.000000
0.180000, 0.270000, 1.750000, 0.457920, 0.361437, -1.000000, 0.406361, -1.000000
0.180000, 0.280000, 1.740000, 0.471520, 0.364218, -1.000000, 0.410197, -1.000000
0.180000, 0.290000, 1.730000, 0.484880, 0.367009, -1.000000, 0.414044, -1.000000
0.180000, 0.300000, 1.720000, 0.498000, 0.369809, -1.000000, 0.417901, -1.000000
0.180000, 0.310000, 1.710000, 0.510880, 0.372617, -1.000000, 0.421768, -1.000000
0.180000, 0.320000, 1.700000, 0.523520, 0.375435, -1.000000, 0.425645, -1.000000
0.180000, 0.330000, 1.690000, 0.535920, 0.378260, -1.000000, 0.429531, -1.000000
0.180000, 0.340000, 1.680000, 0.548080, 0.381094, -1.000000, 0.433425, -1.000000
0.180000, 0.350000, 1.670000, 0.560000, 0.383936, -1.000000, 0.437328, -1.000000
0.180000, 0.360000, 1.660000, 0.571680, 0.386786, -1.000000, 0.441239, -1.000000
0.180000, 0.370000, 1.650000, 0.583120, 0.389644, -1.000000, 0.445157, -1.000000
0.180000, 0.380000, 1.640000, 0.594320, 0.392509, -1.000000, 0.449082, -1.000000
0.180000, 0.390000, 1.630000, 0.605280, 0.395382, -1.000000, 0.453013, -1.000000
0.180000, 0.400000, 1.620000, 0.616000, 0.398262, -1.000000, 0.456950, -1.000000
0.180000, 0.410000, 1.610000, 0.626480, 0.401149, -1.000000, 0.460893, -1.000000
0.180000, 0.420000, 1.600000, 0.636720, 0.404042, -1.000000, 0.464840, -1.000000
0.180000, 0.430000, 1.590000, 0.646720, 0.406943, -1.000000, 0.468792, -1.000000
0.180000, 0.440000, 1.580000, 0.656480, 0.409850, -1.000000, 0.472747, -1.000000
0.180000, 0.450000, 1.570000, 0.666000, 0.412764, -1.000000, 0.476679, -1.000000
0.180000, 0.460000, 1.560000, 0.675280, 0.415683, -1.000000, 0.476906, -1.000000
0.180000, 0.470000, 1.550000, 0.684320, 0.418609, -1.000000, 0.477133, -1.000000
0.180000, 0.480000, 1.540000, 0.693120, 0.421540, -1.000000, 0.477359, -1.000000
0.180000, 0.490000, 1.530000, 0.701680, 0.424103, -1.000000, 0.477586, -1.000000
0.180000, 0.500000, 1.520000, 0.710000, 0.424727, -1.000000, 0.477813, -1.000000
0.180000, 0.510000, 1.510000, 0.718080, 0.425352, -1.000000, 0.478040, -1.000000
0.180000, 0.520000, 1.500000, 0.725920, 0.425977, -1.000000, 0.478267, -1.000000
0.180000, 0.530000, 1.490000, 0.733520, 0.426603, -1.000000, 0.478494, -1.000000
0.180000, 0.540000, 1.480000, 0.740880, 0.427228, -1.000000, 0.478721, -1.000000
0.180000, 0.550000, 1.470000, 0.748000, 0.427854, -1.000000, 0.478947, -1.000000
0.180000, 0.560000, 1.460000, 0.754880, 0.428480, -1.000000, 0.479174, -1.000000
0.180000, 0.570000, 1.450000, 0.761520, 0.428823, -1.000000, 0.479401, -1.000000
0.180000, 0.580000, 1.440000, 0.767920, 0.428836, -1.000000, 0.479628, -1.000000
0.180000, 0.590000, 1.430000, 0.774080, 0.428849, -1.000000, 0.479855, -1.000000
0.180000, 0.600000, 1.420000, 0.780000, 0.428861, -1.000000, 0.480082, -1.000000
0.180000, 0.610000, 1.410000, 0.785680, 0.428874, -1.000000, 0.480309, -1.000000
0.180000, 0.620000, 1.400000, 0.791120, 0.428887, -1.000000, 0.480536, -1.000000
0.180000, 0.630000, 1.390000, 0.796320, 0.428900, -1.000000, 0.480763, -1.000000
0.180000, 0.640000, 1.380000, 0.801280, 0.428913, -1.000000, 0.480990, -1.000000
0.180000, 0.650000, 1.370000, 0.806000, 0.428537, -1.000000, 0.481217, -1.000000
0.180000, 0.660000, 1.360000, 0.810480, 0.427317, -1.000000, 0.481444, -1.000000
0.180000, 0.670000, 1.350000, 0.814720, 0.426098, -1.000000, 0.481671, -1.000000
0.180000, 0.680000, 1.340000, 0.818720, 0.424879, -1.000000, 0.481898, -1.000000
0.180000, 0.690000, 1.330000, 0.822480, 0.423662, -1.000000, 0.482125, -1.000000
0.180000, 0.700000, 1.320000, 0.826000, 0.422446, -1.000000, 0.482352, -1.000000
0.180000, 0.710000, 1.310000, 0.829280, 0.421230, -1.000000, 0.482579, -1.000000
0.180000, 0.720000, 1.300000, 0.832320, 0.420015, -1.000000, 0.482806, -1.000000
0.180000, 0.730000, 1.290000, 0.835120, 0.418802, -1.000000, 0.483033, -1.000000
0.180000, 0.740000, 1.280000, 0.837680, 0.417589, -1.000000, 0.483260, -1.000000
0.180000, 0.750000, 1.270000, 0.840000, 0.416377, -1.000000, 0.483487, -1.000000
0.180000, 0.760000, 1.260000, 0.842080, 0.413282, -1.000000, 0.482742, -1.000000
0.180000, 0.770000, 1.250000, 0.843920, 0.409187, -1.000000, 0.479952, -1.000000
0.180000, 0.780000, 1.240000, 0.845520, 0.405105, -1.000000, 0.477164, -1.000000
0.180000, 0.790000, 1.230000, 0.846880, 0.401036, -1.000000, 0.474377, -1.000000
0.180000, 0.800000, 1.220001, 0.848000, 0.396981, -1.000000, 0.471592, -1.000000
0.180000, 0.810000, 1.210001, 0.848880, 0.392939, -1.000000, 0.468809, -1.000000
0.180000, 0.820000, 1.200001, 0.849520, 0.388913, -1.000000, 0.466027, -1.000000
0.180000, 0.830000, 1.190001, 0.849920, 0.384901, -1.000000, 0.463248, -1.000000
0.180000, 0.839999, 1.180001, 0.850080, 0.380905, -1.000000, 0.460471, -1.000000
0.180000, 0.849999, 1.170001, 0.850000, 0.376925, -1.000000, 0.457696, -1.000000
0.180000, 0.859999, 1.160001, 0.849680, 0.372962, -1.000000, 0.454924, -1.000000
0.180000, 0.869999, 1.150001, 0.849120, 0.369015, -1.000000, 0.452155, -1.000000
0.180000, 0.879999, 1.140001, 0.848320, 0.365086, -1.000000, 0.449389, -1.000000
0.180000, 0.889999, 1.130001, 0.847280, 0.361175, -1.000000, 0.446625, -1.000000
0.180000, 0.899999, 1.120001, 0.846000, 0.357282, -1.000000, 0.443866, -1.000000
0.180000, 0.909999, 1.110001, 0.844480, 0.353408, -1.000000, 0.441109, -1.000000
0.180000, 0.919999, 1.100001, 0.842720, 0.349553, -1.000000, 0.438356, -1.000000
0.180000, 0.929999, 1.090001, 0.840720, 0.345718, -1.000000, 0.435607, -1.000000
0.180000, 0.939999, 1.080001, 0.838480, 0.341903, -1.000000, 0.432862, -1.000000
0.180000, 0.949999, 1.070001, 0.836000, 0.338108, -1.000000, 0.430121, -1.000000
0.180000, 0.959999, 1.060001, 0.833280, 0.334334, -1.000000, 0.427385, -1.000000
0.180000, 0.969999, 1.050001, 0.830320, 0.330580, -1.000000, 0.424653, -1.000000
0.180000, 0.979999, 1.040001, 0.827120, 0.326849, -1.000000, 0.421925, -1.000000
0.180000, 0.989999, 1.030001, 0.823680, 0.323139, -1.000000, 0.419202, -1.000000
0.180000, 0.999999, 1.020001, 0.820000, 0.319451, -1.000000, 0.416484, -1.000000
0.190000, 0.000000, 2.010000, 0.000000, 0.225877, 0.655309, 0.278014, 0.758760
0.190000, 0.010000, 2.000000, 0.019980, 0.230801, -1.000000, 0.282533, -1.000000
0.190000, 0.020000, 1.990000, 0.039720, 0.235799, -1.000000, 0.287096, -1.000000
0.190000, 0.030000, 1.980000, 0.059220, 0.240871, -1.000000, 0.291702, -1.000000
0.190000, 0.040000, 1.970000, 0.078480, 0.246017, -1.000000, 0.296352, -1.000000
0.190000, 0.050000, 1.960000, 0.097500, 0.251237, -1.000000, 0.301044, -1.000000
0.190000, 0.060000, 1.950000, 0.116280, 0.256530, -1.000000, 0.305778, -1.000000
0.190000, 0.070000, 1.940000, 0.134820, 0.261896, -1.000000, 0.310554, -1.000000
0.190000, 0.080000, 1.930000, 0.153120, 0.267333, -1.000000, 0.315370, -1.000000
0.190000, 0.090000, 1.920000, 0.171180, 0.272842, -1.000000, 0.320226, -1.000000
0.190000, 0.100000, 1.910000, 0.189000, 0.278421, -1.000000, 0.325122, -1.000000
0.190000, 0.110000, 1.900000, 0.206580, 0.284069, -1.000000, 0.330056, -1.000000
0.190000, 0.120000, 1.890000, 0.223920, 0.289786, -1.000000, 0.335028, -1.000000
0.190000, 0.130000, 1.880000, 0.241020, 0.295571, -1.000000, 0.340037, -1.000000
0.190000, 0.140000, 1.870000, 0.257880, 0.301422, -1.000000, 0.345081, -1.000000
0.190000, 0.150000, 1.860000, 0.274500, 0.307338, -1.000000, 0.350161, -1.000000
0.190000, 0.160000, 1.850000, 0.290880, 0.313318, -1.000000, 0.355275, -1.000000
0.190000, 0.170000, 1.840000, 0.307020, 0.319253, -1.000000, 0.360423, -1.000000
0.190000, 0.180000, 1.830000, 0.322920, 0.324546, -1.000000, 0.365602, -1.000000
0.190000, 0.190000, 1.820000, 0.338580, 0.329886, -1.000000, 0.370813, -1.000000
0.190000, 0.200000, 1.810000, 0.354000, 0.335269, -1.000000, 0.376054, -1.000000
0.190000, 0.210000, 1.800000, 0.369180, 0.340695, -1.000000, 0.381325, -1.000000
0.190000, 0.220000, 1.790000, 0.384120, 0.346164, -1.000000, 0.386623, -1.000000
0.190000, 0.230000, 1.780000, 0.398820, 0.350399, -1.000000, 0.391160, -1.000000
0.190000, 0.240000, 1.770000, 0.413280, 0.353143, -1.000000, 0.394948, -1.000000
0.190000, 0.250000, 1.760000, 0.427500, 0.355896, -1.000000, 0.398748, -1.000000
0.190000, 0.260000, 1.750000, 0.441480, 0.358659, -1.000000, 0.402561, -1.000000
0.190000, 0.270000, 1.740000, 0.455220, 0.361432, -1.000000, 0.406385, -1.000000
0.190000, 0.280000, 1.730000, 0.468720, 0.364213, -1.000000, 0.410221, -1.000000
0.190000, 0.290000, 1.720000, 0.481980, 0.367004, -1.000000, 0.414068, -1.000000
0.190000, 0.300000, 1.710000, 0.495000, 0.369804, -1.000000, 0.417925, -1.000000
0.190000, 0.310000, 1.700000, 0.507780, 0.372612, -1.000000, 0.421792, -1.000000
0.190000, 0.320000, 1.690000, 0.520320, 0.375429, -1.000000, 0.425669, -1.000000
0.190000, 0.330000, 1.680000, 0.532620, 0.378255, -1.000000, 0.429555, -1.000000
0.190000, 0.340000, 1.670000, 0.544680, 0.381089, -1.000000, 0.433450, -1.000000
0.190000, 0.350000, 1.660000, 0.556500, 0.383931, -1.000000, 0.437353, -1.000000
0.190000, 0.360000, 1.650000, 0.568080, 0.386781, -1.000000, 0.441263, -1.000000
0.190000, 0.370000, 1.640000, 0.579420, 0.389638, -1.000000, 0.445182, -1.000000
0.190000, 0.380000, 1.630000, 0.590520, 0.392504, -1.000000, 0.449106, -1.000000
0.190000, 0.390000, 1.620000, 0.601380, 0.395376, -1.000000, 0.453038, -1.000000
0.190000, 0.400000, 1.610000, 0.612000, 0.398256, -1.000000, 0.456975, -1.000000
0.190000, 0.410000, 1.600000, 0.622380, 0.401143, -1.000000, 0.460917, -1.000000
0.190000, 0.420000, 1.590000, 0.632520, 0.404037, -1.000000, 0.464865, -1.000000
0.190000, 0.430000, 1.580000, 0.642420, 0.406938, -1.000000, 0.468816, -1.000000
0.190000, 0.440000, 1.570000, 0.652080, 0.409845, -1.000000, 0.472772, -1.000000
0.190000, 0.450000, 1.560000, 0.661500, 0.412758, -1.000000, 0.476635, -1.000000
0.190000, 0.460000, 1.550000, 0.670680, 0.415678, -1.000000, 0.476862, -1.000000
0.190000, 0.470000, 1.540000, 0.679620, 0.418603, -1.000000, 0.477089, -1.000000
0.190000, 0.480000, 1.530000, 0.688320, 0.421534, -1.000000, 0.477316, -1.000000
0.190000, 0.490000, 1.520000, 0.696780, 0.424143, -1.000000, 0.477543, -1.000000
0.190000, 0.500000, 1.510000, 0.705000, 0.424768, -1.000000, 0.477770, -1.000000
0.190000, 0.510000, 1.500000, 0.712980, 0.425393, -1.000000, 0.477996, -1.000000
0.190000, 0.520000, 1.490000, 0.720720, 0.426018, -1.000000, 0.478223, -1.000000
0.190000, 0.530000, 1.480000, 0.728220, 0.426643, -1.000000, 0.478450, -1.000000
0.190000, 0.540000, 1.470000, 0.735480, 0.427269, -1.000000, 0.478677, -1.000000
0.190000, 0.550000, 1.460000, 0.742500, 0.427895, -1.000000, 0.478904, -1.000000
0.190000, 0.560000, 1.450000, 0.749280, 0.428521, -1.000000, 0.479131, -1.000000
0.190000, 0.570000, 1.440000, 0.755820, 0.428833, -1.000000, 0.479358, -1.000000
0.190000, 0.580000, 1.430000, 0.762120, 0.428846, -1.000000, 0.479585, -1.000000
0.190000, 0.590000, 1.420000, 0.768180, 0.428859, -1.000000, 0.479812, -1.000000
0.190000, 0.600000, 1.410000, 0.774000, 0.428872, -1.000000, 0.480039, -1.000000
0.190000, 0.610000, 1.400000, 0.779580, 0.428884, -1.000000, 0.480266, -1.000000
0.190000, 0.620000, 1.390000, 0.784920, 0.428897, -1.000000, 0.480493, -1.000000
0.190000, 0.630000, 1.380000, 0.790020, 0.428910, -1.000000, 0.480719, -1.000000
0.190000, 0.640000, 1.370000, 0.794880, 0.428923, -1.000000, 0.480946, -1.000000
0.190000, 0.650000, 1.360000, 0.799500, 0.428585, -1.000000, 0.481173, -1.000000
0.190000, 0.660000, 1.350000, 0.803880, 0.427365, -1.000000, 0.481400, -1.000000
0.190000, 0.670000, 1.340000, 0.808020, 0.426146, -1.000000, 0.481627, -1.000000
0.190000, 0.680000, 1.330000, 0.811920, 0.424928, -1.000000, 0.481854, -1.000000
0.190000, 0.690000, 1.320000, 0.815580, 0.423710, -1.000000, 0.482081, -1.000000
0.190000, 0.700000, 1.310000, 0.819000, 0.422493, -1.000000, 0.482308, -1.000000
0.190000, 0.710000, 1.300000, 0.822180, 0.421278, -1.000000, 0.482536, -1.000000
0.190000, 0.720000, 1.290000, 0.825120, 0.420063, -1.000000, 0.482763, -1.000000
0.190000, 0.730000, 1.280000, 0.827820, 0.418850, -1.000000, 0.482990, -1.000000
0.190000, 0.740000, 1.270000, 0.830280, 0.417637, -1.000000, 0.483217, -1.000000
0.190000, 0.750000, 1.260000, 0.832500, 0.416425, -1.000000, 0.483444, -1.000000
0.190000, 0.760000, 1.250000, 0.834480, 0.413479, -1.000000, 0.482710, -1.000000
0.190000, 0.770000, 1.240000, 0.836220, 0.409384, -1.000000, 0.479921, -1.000000
0.190000, 0.780000, 1.230000, 0.837720, 0.405301, -1.000000, 0.477132, -1.000000
0.190000, 0.790000, 1.220001, 0.838980, 0.401232, -1.000000, 0.474346, -1.000000
0.190000, 0.800000, 1.210001, 0.840000, 0.397176, -1.000000, 0.471560, -1.000000
0.190000, 0.810000, 1.200001, 0.840780, 0.393134, -1.000000, 0.468777, -1.000000
0.190000, 0.820000, 1.190001, 0.841320, 0.389106, -1.000000, 0.465996, -1.000000
0.190000, 0.830000, 1.180001, 0.841620, 0.385094, -1.000000, 0.463216, -1.000000
0.190000, 0.839999, 1.170001, 0.841680, 0.381097, -1.000000, 0.460439, -1.000000
0.190000, 0.849999, 1.160001, 0.841500, 0.377116, -1.000000, 0.457665, -1.000000
0.190000, 0.859999, 1.150001, 0.841080, 0.373152, -1.000000, 0.454893, -1.000000
0.190000, 0.869999, 1.140001, 0.840420, 0.369205, -1.000000, 0.452123, -1.000000
0.190000, 0.879999, 1.130001, 0.839520, 0.365275, -1.000000, 0.449357, -1.000000
0.190000, 0.889999, 1.120001, 0.838380, 0.361363, -1.000000, 0.446594, -1.000000
0.190000, 0.899999, 1.110001, 0.837000, 0.357469, -1.000000, 0.443834, -1.000000
0.190000, 0.909999, 1.100001, 0.835380, 0.353594, -1.000000, 0.441078, -1.000000
0.190000, 0.919999, 1.090001, 0.833520, 0.349739, -1.000000, 0.438325, -1.000000
0.190000, 0.929999, 1.080001, 0.831420, 0.345902, -1.000000, 0.435576, -1.000000
0.190000, 0.939999, 1.070001, 0.829080, 0.342086, -1.000000, 0.432831, -1.000000
0.190000, 0.949999, 1.060001, 0.826500, 0.338290, -1.000000, 0.430090, -1.000000
0.190000, 0.959999, 1.050001, 0.823680, 0.334515, -1.000000, 0.427354, -1.000000
0.190000, 0.969999, 1.040001, 0.820620, 0.330761, -1.000000, 0.424621, -1.000000
0.190000, 0.979999, 1.030001, 0.817320, 0.327028, -1.000000, 0.421894, -1.000000
0.190000, 0.989999, 1.020001, 0.813780, 0.323317, -1.000000, 0.419171, -1.000000
0.190000, 0.999999, 1.010001, 0.810000, 0.319628, -1.000000, 0.416453, -1.000000
0.200000, 0.000000, 2.000000, 0.000000, 0.225778, 0.655314, 0.277995, 0.758754
0.200000, 0.010000, 1.990000, 0.019880, 0.230699, -1.000000, 0.282513, -1.000000
0.200000, 0.020000, 1.980000, 0.039520, 0.235696, -1.000000, 0.287076, -1.000000
0.200000, 0.030000, 1.970000, 0.058920, 0.240767, -1.000000, 0.291682, -1.000000
0.200000, 0.040000, 1.960000, 0.078080, 0.245912, -1.000000, 0.296331, -1.000000
0.200000, 0.050000, 1.950000, 0.097000, 0.251130, -1.000000, 0.301023, -1.000000
0.200000, 0.060000, 1.940000, 0.115680, 0.256422, -1.000000, 0.305757, -1.000000
0.200000, 0.070000, 1.930000, 0.134120, 0.261786, -1.000000, 0.310533, -1.000000
0.200000, 0.080000, 1.920000, 0.152320, 0.267222, -1.000000, 0.315349, -1.000000
0.200000, 0.090000, 1.910000, 0.170280, 0.272729, -1.000000, 0.320205, -1.000000
0.200000, 0.100000, 1.900000, 0.188000, 0.278306, -1.000000, 0.325101, -1.000000
0.200000, 0.110000, 1.890000, 0.205480, 0.283953, -1.000000, 0.330035, -1.000000
0.200000, 0.120000, 1.880000, 0.222720, 0.289669, -1.000000, 0.335006, -1.000000
0.200000, 0.130000, 1.870000, 0.239720, 0.295452, -1.000000, 0.340015, -1.000000
0.200000, 0.140000, 1.860000, 0.256480, 0.301301, -1.000000, 0.345059, -1.000000
0.200000, 0.150000, 1.850000, 0.273000, 0.307216, -1.000000, 0.350139, -1.000000
0.200000, 0.160000, 1.840000, 0.289280, 0.313196, -1.000000, 0.355253, -1.000000
0.200000, 0.170000, 1.830000, 0.305320, 0.319201, -1.000000, 0.360400, -1.000000
0.200000, 0.180000, 1.820000, 0.321120, 0.324494, -1.000000, 0.365580, -1.000000
0.200000, 0.190000, 1.810000, 0.336680, 0.329832, -1.000000, 0.370790, -1.000000
0.200000, 0.200000, 1.800000, 0.352000, 0.335215, -1.000000, 0.376031, -1.000000
0.200000, 0.210000, 1.790000, 0.367080, 0.340641, -1.000000, 0.381302, -1.000000
0.200000, 0.220000, 1.780000, 0.381920, 0.346110, -1.000000, 0.386600, -1.000000
0.200000, 0.230000, 1.770000, 0.396520, 0.350394, -1.000000, 0.391184, -1.000000
0.200000, 0.240000, 1.760000, 0.410880, 0.353138, -1.000000, 0.394972, -1.000000
0.200000, 0.250000, 1.750000, 0.425000, 0.355891, -1.000000, 0.398772, -1.000000
0.200000, 0.260000, 1.740000, 0.438880, 0.358654, -1.000000, 0.402585, -1.000000
0.200000, 0.270000, 1.730000, 0.452520, 0.361427, -1.000000, 0.406409, -1.000000
0.200000, 0.280000, 1.720000, 0.465920, 0.364208, -1.000000, 0.410245, -1.000000
0.200000, 0.290000, 1.710000, 0.479080, 0.366999, -1.000000, 0.414092, -1.000000
0.200000, 0.300000, 1.700000, 0.492000, 0.369799, -1.000000, 0.417949, -1.000000
0.200000, 0.310000, 1.690000, 0.504680, 0.372607, -1.000000, 0.421816, -1.000000
0.200000, 0.320000, 1.680000, 0.517120, 0.375424, -1.000000, 0.425693, -1.000000
0.200000, 0.330000, 1.670000, 0.529320, 0.378250, -1.000000, 0.429579, -1.000000
0.200000, 0.340000, 1.660000, 0.541280, 0.381083, -1.000000, 0.433474, -1.000000
0.200000, 0.350000, 1.650000, 0.553000, 0.383925, -1.000000, 0.437377, -1.000000
0.200000, 0.360000, 1.640000, 0.564480, 0.386775, -1.000000, 0.441288, -1.000000
0.200000, 0.370000, 1.630000, 0.575720, 0.389633, -1.000000, 0.445206, -1.000000
0.200000, 0.380000, 1.620000, 0.586720, 0.392498, -1.000000, 0.449131, -1.000000
0.200000, 0.390000, 1.610000, 0.597480, 0.395371, -1.000000, 0.453062, -1.000000
0.200000, 0.400000, 1.600000, 0.608000, 0.398251, -1.000000, 0.456999, -1.000000
0.200000, 0.410000, 1.590000, 0.618280, 0.401138, -1.000000, 0.460942, -1.000000
0.200000, 0.420000, 1.580000, 0.628320, 0.404032, -1.000000, 0.464889, -1.000000
0.200000, 0.430000, 1.570000, 0.638120, 0.406932, -1.000000, 0.468841, -1.000000
0.200000, 0.440000, 1.560000, 0.647680, 0.409840, -1.000000, 0.472797, -1.000000
0.200000, 0.450000, 1.550000, 0.657000, 0.412753, -1.000000, 0.476592, -1.000000
0.200000, 0.460000, 1.540000, 0.666080, 0.415672, -1.000000, 0.476819, -1.000000
0.200000, 0.470000, 1.530000, 0.674920, 0.418598, -1.000000, 0.477046, -1.000000
0.200000, 0.480000, 1.520000, 0.683520, 0.421529, -1.000000, 0.477272, -1.000000
0.200000, 0.490000, 1.510000, 0.691880, 0.424184, -1.000000, 0.477499, -1.000000
0.200000, 0.500000, 1.500000, 0.700000, 0.424809, -1.000000, 0.477726, -1.000000
0.200000, 0.510000, 1.490000, 0.707880, 0.425434, -1.000000, 0.477953, -1.000000
0.200000, 0.520000, 1.480000, 0.715520, 0.426059, -1.000000, 0.478180, -1.000000
0.200000, 0.530000, 1.470000, 0.722920, 0.426684, -1.000000, 0.478407, -1.000000
0.200000, 0.540000, 1.460000, 0.730080, 0.427310, -1.000000, 0.478634, -1.000000
0.200000, 0.550000, 1.450000, 0.737000, 0.427935, -1.000000, 0.478860, -1.000000
0.200000, 0.560000, 1.440000, 0.743680, 0.428562, -1.000000, 0.479087, -1.000000
0.200000, 0.570000, 1.430000, 0.750120, 0.428844, -1.000000, 0.479314, -1.000000
0.200000, 0.580000, 1.420000, 0.756320, 0.428856, -1.000000, 0.479541, -1.000000
0.200000, 0.590000, 1.410000, 0.762280, 0.428869, -1.000000, 0.479768, -1.000000
0.200000, 0.600000, 1.400000, 0.768000, 0.428882, -1.000000, 0.479995, -1.000000
0.200000, 0.610000, 1.390000, 0.773480, 0.428895, -1.000000, 0.480222, -1.000000
0.200000, 0.620000, 1.380000, 0.778720, 0.428907, -1.000000, 0.480449, -1.000000
0.200000, 0.630000, 1.370000, 0.783720, 0.428920, -1.000000, 0.480676, -1.000000
0.200000, 0.640000, 1.360000, 0.788480, 0.428933, -1.000000, 0.480903, -1.000000
0.200000, 0.650000, 1.350000, 0.793000, 0.428633, -1.000000, 0.481130, -1.000000
0.200000, 0.660000, 1.340000, 0.797280, 0.427413, -1.000000, 0.481357, -1.000000
0.200000, 0.670000, 1.330000, 0.801320, 0.426194, -1.000000, 0.481584, -1.000000
0.200000, 0.680000, 1.320000, 0.805120, 0.424976, -1.000000, 0.481811, -1.000000
0.200000, 0.690000, 1.310000, 0.808680, 0.423758, -1.000000, 0.482038, -1.000000
0.200000, 0.700000, 1.300000, 0.812000, 0.422541, -1.000000, 0.482265, -1.000000
0.200000, 0.710000, 1.290000, 0.815080, 0.421326, -1.000000, 0.482492, -1.000000
0.200000, 0.720000, 1.280000, 0.817920, 0.420111, -1.000000, 0.482719, -1.000000
0.200000, 0.730000, 1.270000, 0.820520, 0.418897, -1.000000, 0.482946, -1.000000
0.200000, 0.740000, 1.260000, 0.822880, 0.417685, -1.000000, 0.483173, -1.000000
0.200000, 0.750000, 1.250000, 0.825000, 0.416473, -1.000000, 0.483400, -1.000000
0.200000, 0.760000, 1.240000, 0.826880, 0.413677, -1.000000, 0.482678, -1.000000
0.200000, 0.770000, 1.230000, 0.828520, 0.409581, -1.000000, 0.479889, -1.000000
0.200000, 0.780000, 1.220001, 0.829920, 0.405497, -1.000000, 0.477101, -1.000000
0.200000, 0.790000, 1.210001, 0.831080, 0.401427, -1.000000, 0.474314, -1.000000
0.200000, 0.800000, 1.200001, 0.832000, 0.397370, -1.000000, 0.471529, -1.000000
0.200000, 0.810000, 1.190001, 0.832680, 0.393328, -1.000000, 0.468745, -1.000000
0.200000, 0.820000, 1.180001, 0.833120, 0.389300, -1.000000, 0.465964, -1.000000
0.200000, 0.830000, 1.170001, 0.833320, 0.385287, -1.000000, 0.463185, -1.000000
0.200000, 0.839999, 1.160001, 0.833280, 0.381289, -1.000000, 0.460408, -1.000000
0.200000, 0.849999, 1.150001, 0.833000, 0.377308, -1.000000, 0.457633, -1.000000
0.200000, 0.859999, 1.140001, 0.832480, 0.373342, -1.000000, 0.454861, -1.000000
0.200000, 0.869999, 1.130001, 0.831720, 0.369394, -1.000000, 0.452092, -1.000000
0.200000, 0.879999, 1.120001, 0.830720, 0.365464, -1.000000, 0.449326, -1.000000
0.200000, 0.889999, 1.110001, 0.829480, 0.361551, -1.000000, 0.446563, -1.000000
0.200000, 0.899999, 1.100001, 0.828000, 0.357656, -1.000000, 0.443803, -1.000000
0.200000, 0.909999, 1.090001, 0.826280, 0.353780, -1.000000, 0.441046, -1.000000
0.200000, 0.919999, 1.080001, 0.824320, 0.349924, -1.000000, 0.438294, -1.000000
0.200000, 0.929999, 1.070001, 0.822120, 0.346087, -1.000000, 0.435545, -1.000000
0.200000, 0.939999, 1.060001, 0.819680, 0.342269, -1.000000, 0.432800, -1.000000
0.200000, 0.949999, 1.050001, 0.817000, 0.338472, -1.000000, 0.430059, -1.000000
0.200000, 0.959999, 1.040001, 0.814080, 0.334696, -1.000000, 0.427323, -1.000000
0.200000, 0.969999, 1.030001, 0.810920, 0.330941, -1.000000, 0.424590, -1.000000
0.200000, 0.979999, 1.020001, 0.807520, 0.327207, -1.000000, 0.421863, -1.000000
0.200000, 0.989999, 1.010001, 0.803880, 0.323495, -1.000000, 0.419140, -1.000000
0.200000, 0.999999, 1.000001, 0.800000, 0.319805, -1.000000, 0.416422, -1.000000
0.210000, 0.000000, 1.990000, 0.000000, 0.225678, 0.655318, 0.277975, 0.758748
0.210000, 0.010000, 1.980000, 0.019780, 0.230598, -1.000000, 0.282493, -1.000000
0.210000, 0.020000, 1.970000, 0.039320, 0.235593, -1.000000, 0.287056, -1.000000
0.210000, 0.030000, 1.960000, 0.058620, 0.240663, -1.000000, 0.291662, -1.000000
0.210000, 0.040000, 1.950000, 0.077680, 0.245806, -1.000000, 0.296311, -1.000000
0.210000, 0.050000, 1.940000, 0.096500, 0.251023, -1.000000, 0.301003, -1.000000
0.210000, 0.060000, 1.930000, 0.115080, 0.256313, -1.000000, 0.305737, -1.000000
0.210000, 0.070000, 1.920000, 0.133420, 0.261675, -1.000000, 0.310512, -1.000000
0.210000, 0.080000, 1.910000, 0.151520, 0.267110, -1.000000, 0.315328, -1.000000
0.210000, 0.090000, 1.900000, 0.169380, 0.272615, -1.000000, 0.320184, -1.000000
0.210000, 0.100000, 1.890000, 0.187000, 0.278192, -1.000000, 0.325079, -1.000000
0.210000, 0.110000, 1.880000, 0.204380, 0.283837, -1.000000, 0.330013, -1.000000
0.210000, 0.120000, 1.870000, 0.221520, 0.289551, -1.000000, 0.334985, -1.000000
0.210000, 0.130000, 1.860000, 0.238420, 0.295333, -1.000000, 0.339993, -1.000000
0.210000, 0.140000, 1.850000, 0.255080, 0.301181, -1.000000, 0.345037, -1.000000
0.210000, 0.150000, 1.840000, 0.271500, 0.307095, -1.000000, 0.350117, -1.000000
0.210000, 0.160000, 1.830000, 0.287680, 0.313073, -1.000000, 0.355231, -1.000000
0.210000, 0.170000, 1.820000, 0.303620, 0.319113, -1.000000, 0.360378, -1.000000
0.210000, 0.180000, 1.810000, 0.319320, 0.324441, -1.000000, 0.365557, -1.000000
0.210000, 0.190000, 1.800000, 0.334780, 0.329779, -1.000000, 0.370768, -1.000000
0.210000, 0.200000, 1.790000, 0.350000, 0.335162, -1.000000, 0.376009, -1.000000
0.210000, 0.210000, 1.780000, 0.364980, 0.340588, -1.000000, 0.381279, -1.000000
0.210000, 0.220000, 1.770000, 0.379720, 0.346055, -1.000000, 0.386577, -1.000000
0.210000, 0.230000, 1.760000, 0.394220, 0.350389, -1.000000, 0.391208, -1.000000
0.210000, 0.240000, 1.750000, 0.408480, 0.353133, -1.000000, 0.394996, -1.000000
0.210000, 0.250000, 1.740000, 0.422500, 0.355886, -1.000000, 0.398796, -1.000000
0.210000, 0.260000, 1.730000, 0.436280, 0.358649, -1.000000, 0.402609, -1.000000
0.210000, 0.270000, 1.720000, 0.449820, 0.361421, -1.000000, 0.406433, -1.000000
0.210000, 0.280000, 1.710000, 0.463120, 0.364203, -1.000000, 0.410269, -1.000000
0.210000, 0.290000, 1.700000, 0.476180, 0.366994, -1.000000, 0.414116, -1.000000
0.210000, 0.300000, 1.690000, 0.489000, 0.369793, -1.000000, 0.417973, -1.000000
0.210000, 0.310000, 1.680000, 0.501580, 0.372602, -1.000000, 0.421840, -1.000000
0.210000, 0.320000, 1.670000, 0.513920, 0.375419, -1.000000, 0.425717, -1.000000
0.210000, 0.330000, 1.660000, 0.526020, 0.378244, -1.000000, 0.429604, -1.000000
0.210000, 0.340000, 1.650000, 0.537880, 0.381078, -1.000000, 0.433498, -1.000000
0.210000, 0.350000, 1.640000, 0.549500, 0.383920, -1.000000, 0.437402, -1.000000
0.210000, 0.360000, 1.630000, 0.560880, 0.386770, -1.000000, 0.441312, -1.000000
0.210000, 0.370000, 1.620000, 0.572020, 0.389628, -1.000000, 0.445231, -1.000000
0.210000, 0.380000, 1.610000, 0.582920, 0.392493, -1.000000, 0.449155, -1.000000
0.210000, 0.390000, 1.600000, 0.593580, 0.395366, -1.000000, 0.453087, -1.000000
0.210000, 0.400000, 1.590000, 0.604000, 0.398246, -1.000000, 0.457024, -1.000000
0.210000, 0.410000, 1.580000, 0.614180, 0.401133, -1.000000, 0.460966, -1.000000
0.210000, 0.420000, 1.570000, 0.624120, 0.404027, -1.000000, 0.464914, -1.000000
0.210000, 0.430000, 1.560000, 0.633820, 0.406927, -1.000000, 0.468866, -1.000000
0.210000, 0.440000, 1.550000, 0.643280, 0.409834, -1.000000, 0.472821, -1.000000
0.210000, 0.450000, 1.540000, 0.652500, 0.412748, -1.000000, 0.476548, -1.000000
0.210000, 0.460000, 1.530000, 0.661480, 0.415667, -1.000000, 0.476775, -1.000000
0.210000, 0.470000, 1.520000, 0.670220, 0.418592, -1.000000, 0.477002, -1.000000
0.210000, 0.480000, 1.510000, 0.678720, 0.421524, -1.000000, 0.477229, -1.000000
0.210000, 0.490000, 1.500000, 0.686980, 0.424225, -1.000000, 0.477456, -1.000000
0.210000, 0.500000, 1.490000, 0.695000, 0.424849, -1.000000, 0.477683, -1.000000
0.210000, 0.510000, 1.480000, 0.702780, 0.425474, -1.000000, 0.477910, -1.000000
0.210000, 0.520000, 1.470000, 0.710320, 0.426099, -1.000000, 0.478136, -1.000000
0.210000, 0.530000, 1.460000, 0.717620, 0.426725, -1.000000, 0.478363, -1.000000
0.210000, 0.540000, 1.450000, 0.724680, 0.427350, -1.000000, 0.478590, -1.000000
0.210000, 0.550000, 1.440000, 0.731500, 0.427976, -1.000000, 0.478817, -1.000000
0.210000, 0.560000, 1.430000, 0.738080, 0.428602, -1.000000, 0.479044, -1.000000
0.210000, 0.570000, 1.420000, 0.744420, 0.428854, -1.000000, 0.479271, -1.000000
0.210000, 0.580000, 1.410000, 0.750520, 0.428866, -1.000000, 0.479498, -1.000000
0.210000, 0.590000, 1.400000, 0.756380, 0.428879, -1.000000, 0.479725, -1.000000
0.210000, 0.600000, 1.390000, 0.762000, 0.428892, -1.000000, 0.479952, -1.000000
0.210000, 0.610000, 1.380000, 0.767380, 0.428905, -1.000000, 0.480179, -1.000000
0.210000, 0.620000, 1.370000, 0.772520, 0.428918, -1.000000, 0.480405, -1.000000
0.210000, 0.630000, 1.360000, 0.777420, 0.428930, -1.000000, 0.480633, -1.000000
0.210000, 0.640000, 1.350000, 0.782080, 0.428943, -1.000000, 0.480859, -1.000000
0.210000, 0.650000, 1.340000, 0.786500, 0.428682, -1.000000, 0.481086, -1.000000
0.210000, 0.660000, 1.330000, 0.790680, 0.427461, -1.000000, 0.481313, -1.000000
0.210000, 0.670000, 1.320000, 0.794620, 0.426242, -1.000000, 0.481540, -1.000000
0.210000, 0.680000, 1.310000, 0.798320, 0.425024, -1.000000, 0.481767, -1.000000
0.210000, 0.690000, 1.300000, 0.801780, 0.423806, -1.000000, 0.481994, -1.000000
0.210000, 0.700000, 1.290000, 0.805000, 0.422589, -1.000000, 0.482221, -1.000000
0.210000, 0.710000, 1.280000, 0.807980, 0.421374, -1.000000, 0.482448, -1.000000
0.210000, 0.720000, 1.270000, 0.810720, 0.420159, -1.000000, 0.482676, -1.000000
0.210000, 0.730000, 1.260000, 0.813220, 0.418945, -1.000000, 0.482903, -1.000000
0.210000, 0.740000, 1.250000, 0.815480, 0.417732, -1.000000, 0.483130, -1.000000
0.210000, 0.750000, 1.240000, 0.817500, 0.416521, -1.000000, 0.483357, -1.000000
0.210000, 0.760000, 1.230000, 0.819280, 0.413874, -1.000000, 0.482647, -1.000000
0.210000, 0.770000, 1.220001, 0.820820, 0.409778, -1.000000, 0.479857, -1.000000
0.210000, 0.780000, 1.210001, 0.822120, 0.405694, -1.000000, 0.477069, -1.000000
0.210000, 0.790000, 1.200001, 0.823180, 0.401623, -1.000000, 0.474282, -1.000000
0.210000, 0.800000, 1.190001, 0.824000, 0.397565, -1.000000, 0.471497, -1.000000
0.210000, 0.810000, 1.180001, 0.824580, 0.393522, -1.000000, 0.468714, -1.000000
0.210000, 0.820000, 1.170001, 0.824920, 0.389493, -1.000000, 0.465932, -1.000000
0.210000, 0.830000, 1.160001, 0.825020, 0.385479, -1.000000, 0.463153, -1.000000
0.210000, 0.839999, 1.150001, 0.824880, 0.381481, -1.000000, 0.460376, -1.000000
0.210000, 0.849999, 1.140001, 0.824500, 0.377499, -1.000000, 0.457601, -1.000000
0.210000, 0.859999, 1.130001, 0.823880, 0.373533, -1.000000, 0.454830, -1.000000
0.210000, 0.869999, 1.120001, 0.823020, 0.369584, -1.000000, 0.452060, -1.000000
0.210000, 0.879999, 1.110001, 0.821920, 0.365653, -1.000000, 0.449294, -1.000000
0.210000, 0.889999, 1.100001, 0.820580, 0.361739, -1.000000, 0.446531, -1.000000
0.210000, 0.899999, 1.090001, 0.819000, 0.357843, -1.000000, 0.443771, -1.000000
0.210000, 0.909999, 1.080001, 0.817180, 0.353967, -1.000000, 0.441015, -1.000000
0.210000, 0.919999, 1.070001, 0.815120, 0.350109, -1.000000, 0.438262, -1.000000
0.210000, 0.929999, 1.060001, 0.812820, 0.346271, -1.000000, 0.435514, -1.000000
0.210000, 0.939999, 1.050001, 0.810280, 0.342453, -1.000000, 0.432769, -1.000000
0.210000, 0.949999, 1.040001, 0.807500, 0.338655, -1.000000, 0.430028, -1.000000
0.210000, 0.959999, 1.030001, 0.804480, 0.334877, -1.000000, 0.427291, -1.000000
0.210000, 0.969999, 1.020001, 0.801220, 0.331121, -1.000000, 0.424559, -1.000000
0.210000, 0.979999, 1.010001, 0.797720, 0.327386, -1.000000, 0.421832, -1.000000
0.210000, 0.989999, 1.000001, 0.793980, 0.323673, -1.000000, 0.419109, -1.000000
0.210000, 0.999999, 0.990001, 0.790000, 0.319982, -1.000000, 0.416391, -1.000000
0.220000, 0.000000, 1.980000, 0.000000, 0.225578, 0.655323, 0.277956, 0.758742
0.220000, 0.010000, 1.970000, 0.019680, 0.230497, -1.000000, 0.282474, -1.000000
0.220000, 0.020000, 1.960000, 0.039120, 0.235491, -1.000000, 0.287036, -1.000000
0.220000, 0.030000, 1.950000, 0.058320, 0.240558, -1.000000, 0.291642, -1.000000
0.220000, 0.040000, 1.940000, 0.077280, 0.245700, -1.000000, 0.296291, -1.000000
0.220000, 0.050000, 1.930000, 0.096000, 0.250916, -1.000000, 0.300982, -1.000000
0.220000, 0.060000, 1.920000, 0.114480, 0.256204, -1.000000, 0.305716, -1.000000
0.220000, 0.070000, 1.910000, 0.132720, 0.261565, -1.000000, 0.310491, -1.000000
0.220000, 0.080000, 1.900000, 0.150720, 0.266998, -1.000000, 0.315307, -1.000000
0.220000, 0.090000, 1.890000, 0.168480, 0.272502, -1.000000, 0.320163, -1.000000
0.220000, 0.100000, 1.880000, 0.186000, 0.278077, -1.000000, 0.325058, -1.000000
0.220000, 0.110000, 1.870000, 0.203280, 0.283721, -1.000000, 0.329992, -1.000000
0.220000, 0.120000, 1.860000, 0.220320, 0.289434, -1.000000, 0.334963, -1.000000
0.220000, 0.130000, 1.850000, 0.237120, 0.295214, -1.000000, 0.339971, -1.000000
0.220000, 0.140000, 1.840000, 0.253680, 0.301061, -1.000000, 0.345015, -1.000000
0.220000, 0.150000, 1.830000, 0.270000, 0.306974, -1.000000, 0.350095, -1.000000
0.220000, 0.160000, 1.820000, 0.286080, 0.312950, -1.000000, 0.355208, -1.000000
0.220000, 0.170000, 1.810000, 0.301920, 0.318989, -1.000000, 0.360355, -1.000000
0.220000, 0.180000, 1.800000, 0.317520, 0.324389, -1.000000, 0.365535, -1.000000
0.220000, 0.190000, 1.790000, 0.332880, 0.329726, -1.000000, 0.370745, -1.000000
0.220000, 0.200000, 1.780000, 0.348000, 0.335108, -1.000000, 0.375986, -1.000000
0.220000, 0.210000, 1.770000, 0.362880, 0.340534, -1.000000, 0.381256, -1.000000
0.220000, 0.220000, 1.760000, 0.377520, 0.346001, -1.000000, 0.386554, -1.000000
0.220000, 0.230000, 1.750000, 0.391920, 0.350384, -1.000000, 0.391231, -1.000000
0.220000, 0.240000, 1.740000, 0.406080, 0.353128, -1.000000, 0.395019, -1.000000
0.220000, 0.250000, 1.730000, 0.420000, 0.355881, -1.000000, 0.398820, -1.000000
0.220000, 0.260000, 1.720000, 0.433680, 0.358644, -1.000000, 0.402633, -1.000000
0.220000, 0.270000, 1.710000, 0.447120, 0.361416, -1.000000, 0.406457, -1.000000
0.220000, 0.280000, 1.700000, 0.460320, 0.364198, -1.000000, 0.410293, -1.000000
0.220000, 0.290000, 1.690000, 0.473280, 0.366989, -1.000000, 0.414140, -1.000000
0.220000, 0.300000, 1.680000, 0.486000, 0.369788, -1.000000, 0.417997, -1.000000
0.220000, 0.310000, 1.670000, 0.498480, 0.372597, -1.000000, 0.421865, -1.000000
0.220000, 0.320000, 1.660000, 0.510720, 0.375414, -1.000000, 0.425742, -1.000000
0.220000, 0.330000, 1.650000, 0.522720, 0.378239, -1.000000, 0.429628, -1.000000
0.220000, 0.340000, 1.640000, 0.534480, 0.381073, -1.000000, 0.433523, -1.000000
0.220000, 0.350000, 1.630000, 0.546000, 0.383915, -1.000000, 0.437426, -1.000000
0.220000, 0.360000, 1.620000, 0.557280, 0.386765, -1.000000, 0.441337, -1.000000
0.220000, 0.370000, 1.610000, 0.568320, 0.389623, -1.000000, 0.445255, -1.000000
0.220000, 0.380000, 1.600000, 0.579120, 0.392488, -1.000000, 0.449180, -1.000000
0.220000, 0.390000, 1.590000, 0.589680, 0.395360, -1.000000, 0.453111, -1.000000
0.220000, 0.400000, 1.580000, 0.600000, 0.398240, -1.000000, 0.457049, -1.000000
0.220000, 0.410000, 1.570000, 0.610080, 0.401127, -1.000000, 0.460991, -1.000000
0.220000, 0.420000, 1.560000, 0.619920, 0.404021, -1.000000, 0.464939, -1.000000
0.220000, 0.430000, 1.550000, 0.629520, 0.406922, -1.000000, 0.468890, -1.000000
0.220000, 0.440000, 1.540000, 0.638880, 0.409829, -1.000000, 0.472846, -1.000000
0.220000, 0.450000, 1.530000, 0.648000, 0.412742, -1.000000, 0.476505, -1.000000
0.220000, 0.460000, 1.520000, 0.656880, 0.415662, -1.000000, 0.476732, -1.000000
0.220000, 0.470000, 1.510000, 0.665520, 0.418587, -1.000000, 0.476959, -1.000000
0.220000, 0.480000, 1.500000, 0.673920, 0.421518, -1.000000, 0.477185, -1.000000
0.220000, 0.490000, 1.490000, 0.682080, 0.424265, -1.000000, 0.477412, -1.000000
0.220000, 0.500000, 1.480000, 0.690000, 0.424890, -1.000000, 0.477639, -1.000000
0.220000, 0.510000, 1.470000, 0.697680, 0.425515, -1.000000, 0.477866, -1.000000
0.220000, 0.520000, 1.460000, 0.705120, 0.426140, -1.000000, 0.478093, -1.000000
0.220000, 0.530000, 1.450000, 0.712320, 0.426765, -1.000000, 0.478320, -1.000000
0.220000, 0.540000, 1.440000, 0.719280, 0.427391, -1.000000, 0.478547, -1.000000
0.220000, 0.550000, 1.430000, 0.726000, 0.428017, -1.000000, 0.478774, -1.000000
0.220000, 0.560000, 1.420000, 0.732480, 0.428643, -1.000000, 0.479000, -1.000000
0.220000, 0.570000, 1.410000, 0.738720, 0.428864, -1.000000, 0.479227, -1.000000
0.220000, 0.580000, 1.400000, 0.744720, 0.428877, -1.000000, 0.479454, -1.000000
0.220000, 0.590000, 1.390000, 0.750480, 0.428889, -1.000000, 0.479681, -1.000000
0.220000, 0.600000, 1.380000, 0.756000, 0.428902, -1.000000, 0.479908, -1.000000
0.220000, 0.610000, 1.370000, 0.761280, 0.428915, -1.000000, 0.480135, -1.000000
0.220000, 0.620000, 1.360000, 0.766320, 0.428928, -1.000000, 0.480362, -1.000000
0.220000, 0.630000, 1.350000, 0.771120, 0.428940, -1.000000, 0.480589, -1.000000
0.220000, 0.640000, 1.340000, 0.775680, 0.428953, -1.000000, 0.480816, -1.000000
0.220000, 0.650000, 1.330000, 0.780000, 0.428730, -1.000000, 0.481043, -1.000000
0.220000, 0.660000, 1.320000, 0.784080, 0.427509, -1.000000, 0.481270, -1.000000
0.220000, 0.670000, 1.310000, 0.787920, 0.426290, -1.000000, 0.481497, -1.000000
0.220000, 0.680000, 1.300000, 0.791520, 0.425072, -1.000000, 0.481724, -1.000000
0.220000, 0.690000, 1.290000, 0.794880, 0.423854, -1.000000, 0.481951, -1.000000
0.220000, 0.700000, 1.280000, 0.798000, 0.422637, -1.000000, 0.482178, -1.000000
0.220000, 0.710000, 1.270000, 0.800880, 0.421422, -1.000000, 0.482405, -1.000000
0.220000, 0.720000, 1.260000, 0.803520, 0.420207, -1.000000, 0.482632, -1.000000
0.220000, 0.730000, 1.250000, 0.805920, 0.418993, -1.000000, 0.482859, -1.000000
0.220000, 0.740000, 1.240000, 0.808080, 0.417780, -1.000000, 0.483086, -1.000000
0.220000, 0.750000, 1.230000, 0.810000, 0.416568, -1.000000, 0.483313, -1.000000
0.220000, 0.760000, 1.220001, 0.811680, 0.414072, -1.000000, 0.482615, -1.000000
0.220000, 0.770000, 1.210001, 0.813120, 0.409975, -1.000000, 0.479825, -1.000000
0.220000, 0.780000, 1.200001, 0.814320, 0.405890, -1.000000, 0.477037, -1.000000
0.220000, 0.790000, 1.190000, 0.815280, 0.401818, -1.000000, 0.474251, -1.000000
0.220000, 0.800000, 1.180000, 0.816000, 0.397760, -1.000000, 0.471465, -1.000000
0.220000, 0.810000, 1.170000, 0.816480, 0.393716, -1.000000, 0.468682, -1.000000
0.220000, 0.820000, 1.160000, 0.816720, 0.389687, -1.000000, 0.465901, -1.000000
0.220000, 0.830000, 1.150000, 0.816720, 0.385672, -1.000000, 0.463121, -1.000000
0.220000, 0.839999, 1.140000, 0.816480, 0.381673, -1.000000, 0.460344, -1.000000
0.220000, 0.849999, 1.130000, 0.816000, 0.377690, -1.000000, 0.457570, -1.000000
0.220000, 0.859999, 1.120000, 0.815280, 0.373723, -1.000000, 0.454798, -1.000000
0.220000, 0.869999, 1.110000, 0.814320, 0.369774, -1.000000, 0.452029, -1.000000
0.220000, 0.879999, 1.100001, 0.813120, 0.365841, -1.000000, 0.449263, -1.000000
0.220000, 0.889999, 1.090001, 0.811680, 0.361927, -1.000000, 0.446500, -1.000000
0.220000, 0.899999, 1.080001, 0.810000, 0.358030, -1.000000, 0.443740, -1.000000
0.220000, 0.909999, 1.070001, 0.808080, 0.354153, -1.000000, 0.440984, -1.000000
0.220000, 0.919999, 1.060001, 0.805920, 0.350294, -1.000000, 0.438231, -1.000000
0.220000, 0.929999, 1.050001, 0.803520, 0.346455, -1.000000, 0.435482, -1.000000
0.220000, 0.939999, 1.040001, 0.800880, 0.342636, -1.000000, 0.432737, -1.000000
0.220000, 0.949999, 1.030001, 0.798000, 0.338837, -1.000000, 0.429997, -1.000000
0.220000, 0.959999, 1.020001, 0.794880, 0.335059, -1.000000, 0.427260, -1.000000
0.220000, 0.969999, 1.010001, 0.791520, 0.331301, -1.000000, 0.424528, -1.000000
0.220000, 0.979999, 1.000001, 0.787920, 0.327565, -1.000000, 0.421801, -1.000000
0.220000, 0.989999, 0.990001, 0.784080, 0.323851, -1.000000, 0.419078, -1.000000
0.220000, 0.999999, 0.980001, 0.780000, 0.320159, -1.000000, 0.416361, -1.000000
0.230000, 0.000000, 1.970000, 0.000000, 0.225479, 0.655328, 0.277936, 0.758736
0.230000, 0.010000, 1.960000, 0.019580, 0.230396, -1.000000, 0.282454, -1.000000
0.230000, 0.020000, 1.950000, 0.038920, 0.235388, -1.000000, 0.287016, -1.000000
0.230000, 0.030000, 1.940000, 0.058020, 0.240454, -1.000000, 0.291622, -1.000000
0.230000, 0.040000, 1.930000, 0.076880, 0.245594, -1.000000, 0.296270, -1.000000
0.230000, 0.050000, 1.920000, 0.095500, 0.250808, -1.000000, 0.300962, -1.000000
0.230000, 0.060000, 1.910000, 0.113880, 0.256095, -1.000000, 0.305695, -1.000000
0.230000, 0.070000, 1.900000, 0.132020, 0.261455, -1.000000, 0.310470, -1.000000
0.230000, 0.080000, 1.890000, 0.149920, 0.266887, -1.000000, 0.315286, -1.000000
0.230000, 0.090000, 1.880000, 0.167580, 0.272389, -1.000000, 0.320142, -1.000000
0.230000, 0.100000, 1.870000, 0.185000, 0.277963, -1.000000, 0.325037, -1.000000
0.230000, 0.110000, 1.860000, 0.202180, 0.283605, -1.000000, 0.329970, -1.000000
0.230000, 0.120000, 1.850000, 0.219120, 0.289317, -1.000000, 0.334941, -1.000000
0.230000, 0.130000, 1.840000, 0.235820, 0.295096, -1.000000, 0.339949, -1.000000
0.230000, 0.140000, 1.830000, 0.252280, 0.300941, -1.000000, 0.344993, -1.000000
0.230000, 0.150000, 1.820000, 0.268500, 0.306852, -1.000000, 0.350073, -1.000000
0.230000, 0.160000, 1.810000, 0.284480, 0.312828, -1.000000, 0.355186, -1.000000
0.230000, 0.170000, 1.800000, 0.300220, 0.318866, -1.000000, 0.360333, -1.000000
0.230000, 0.180000, 1.790000, 0.315720, 0.324336, -1.000000, 0.365512, -1.000000
0.230000, 0.190000, 1.780000, 0.330980, 0.329673, -1.000000, 0.370722, -1.000000
0.230000, 0.200000, 1.770000, 0.346000, 0.335055, -1.000000, 0.375963, -1.000000
0.230000, 0.210000, 1.760000, 0.360780, 0.340480, -1.000000, 0.381233, -1.000000
0.230000, 0.220000, 1.750000, 0.375320, 0.345947, -1.000000, 0.386531, -1.000000
0.230000, 0.230000, 1.740000, 0.389620, 0.350379, -1.000000, 0.391255, -1.000000
0.230000, 0.240000, 1.730000, 0.403680, 0.353123, -1.000000, 0.395043, -1.000000
0.230000, 0.250000, 1.720000, 0.417500, 0.355876, -1.000000, 0.398843, -1.000000
0.230000, 0.260000, 1.710000, 0.431080, 0.358639, -1.000000, 0.402656, -1.000000
0.230000, 0.270000, 1.700000, 0.444420, 0.361411, -1.000000, 0.406481, -1.000000
0.230000, 0.280000, 1.690000, 0.457520, 0.364193, -1.000000, 0.410317, -1.000000
0.230000, 0.290000, 1.680000, 0.470380, 0.366984, -1.000000, 0.414164, -1.000000
0.230000, 0.300000, 1.670000, 0.483000, 0.369783, -1.000000, 0.418021, -1.000000
0.230000, 0.310000, 1.660000, 0.495380, 0.372592, -1.000000, 0.421889, -1.000000
0.230000, 0.320000, 1.650000, 0.507520, 0.375409, -1.000000, 0.425766, -1.000000
0.230000, 0.330000, 1.640000, 0.519420, 0.378234, -1.000000, 0.429652, -1.000000
0.230000, 0.340000, 1.630000, 0.531080, 0.381068, -1.000000, 0.433547, -1.000000
0.230000, 0.350000, 1.620000, 0.542500, 0.383910, -1.000000, 0.437450, -1.000000
0.230000, 0.360000, 1.610000, 0.553680, 0.386760, -1.000000, 0.441361, -1.000000
0.230000, 0.370000, 1.600000, 0.564620, 0.389617, -1.000000, 0.445280, -1.000000
0.230000, 0.380000, 1.590000, 0.575320, 0.392483, -1.000000, 0.449205, -1.000000
0.230000, 0.390000, 1.580000, 0.585780, 0.395355, -1.000000, 0.453136, -1.000000
0.230000, 0.400000, 1.570000, 0.596000, 0.398235, -1.000000, 0.457073, -1.000000
0.230000, 0.410000, 1.560000, 0.605980, 0.401122, -1.000000, 0.461016, -1.000000
0.230000, 0.420000, 1.550000, 0.615720, 0.404016, -1.000000, 0.464963, -1.000000
0.230000, 0.430000, 1.540000, 0.625220, 0.406916, -1.000000, 0.468915, -1.000000
0.230000, 0.440000, 1.530000, 0.634480, 0.409823, -1.000000, 0.472871, -1.000000
0.230000, 0.450000, 1.520000, 0.643500, 0.412737, -1.000000, 0.476461, -1.000000
0.230000, 0.460000, 1.510000, 0.652280, 0.415656, -1.000000, 0.476688, -1.000000
0.230000, 0.470000, 1.500000, 0.660820, 0.418582, -1.000000, 0.476915, -1.000000
0.230000, 0.480000, 1.490000, 0.669120, 0.421513, -1.000000, 0.477142, -1.000000
0.230000, 0.490000, 1.480000, 0.677180, 0.424306, -1.000000, 0.477369, -1.000000
0.230000, 0.500000, 1.470000, 0.685000, 0.424931, -1.000000, 0.477596, -1.000000
0.230000, 0.510000, 1.460000, 0.692580, 0.425556, -1.000000, 0.477823, -1.000000
0.230000, 0.520000, 1.450000, 0.699920, 0.426181, -1.000000, 0.478049, -1.000000
0.230000, 0.530000, 1.440000, 0.707020, 0.426806, -1.000000, 0.478276, -1.000000
0.230000, 0.540000, 1.430000, 0.713880, 0.427432, -1.000000, 0.478503, -1.000000
0.230000, 0.550000, 1.420000, 0.720500, 0.428058, -1.000000, 0.478730, -1.000000
0.230000, 0.560000, 1.410000, 0.726880, 0.428684, -1.000000, 0.478957, -1.000000
0.230000, 0.570000, 1.400000, 0.733020, 0.428874, -1.000000, 0.479184, -1.000000
0.230000, 0.580000, 1.390000, 0.738920, 0.428887, -1.000000, 0.479411, -1.000000
0.230000, 0.590000, 1.380000, 0.744580, 0.428900, -1.000000, 0.479638, -1.000000
0.230000, 0.600000, 1.370000, 0.750000, 0.428912, -1.000000, 0.479865, -1.000000
0.230000, 0.610000, 1.360000, 0.755180, 0.428925, -1.000000, 0.480092, -1.000000
0.230000, 0.620000, 1.350000, 0.760120, 0.428938, -1.000000, 0.480319, -1.000000
0.230000, 0.630000, 1.340000, 0.764820, 0.428951, -1.000000, 0.480545, -1.000000
0.230000, 0.640000, 1.330000, 0.769280, 0.428963, -1.000000, 0.480772, -1.000000
0.230000, 0.650000, 1.320000, 0.773500, 0.428778, -1.000000, 0.480999, -1.000000
0.230000, 0.660000, 1.310000, 0.777480, 0.427558, -1.000000, 0.481226, -1.000000
0.230000, 0.670000, 1.300000, 0.781220, 0.426338, -1.000000, 0.481453, -1.000000
0.230000, 0.680000, 1.290000, 0.784720, 0.425120, -1.000000, 0.481680, -1.000000
0.230000, 0.690000, 1.280000, 0.787980, 0.423902, -1.000000, 0.481907, -1.000000
0.230000, 0.700000, 1.270000, 0.791000, 0.422685, -1.000000, 0.482134, -1.000000
0.230000, 0.710000, 1.260000, 0.793780, 0.421470, -1.000000, 0.482361, -1.000000
0.230000, 0.720000, 1.250000, 0.796320, 0.420255, -1.000000, 0.482588, -1.000000
0.230000, 0.730000, 1.240000, 0.798620, 0.419041, -1.000000, 0.482816, -1.000000
0.230000, 0.740000, 1.230000, 0.800680, 0.417828, -1.000000, 0.483043, -1.000000
0.230000, 0.750000, 1.220000, 0.802500, 0.416616, -1.000000, 0.483270, -1.000000
0.230000, 0.760000, 1.210000, 0.804080, 0.414269, -1.000000, 0.482583, -1.000000
0.230000, 0.770000, 1.200000, 0.805420, 0.410172, -1.000000, 0.479794, -1.000000
0.230000, 0.780000, 1.190000, 0.806520, 0.406086, -1.000000, 0.477006, -1.000000
0.230000, 0.790000, 1.180000, 0.807380, 0.402014, -1.000000, 0.474219, -1.000000
0.230000, 0.800000, 1.170000, 0.808000, 0.397955, -1.000000, 0.471434, -1.000000
0.230000, 0.810000, 1.160000, 0.808380, 0.393911, -1.000000, 0.468650, -1.000000
0.230000, 0.820000, 1.150000, 0.808520, 0.389880, -1.000000, 0.465869, -1.000000
0.230000, 0.830000, 1.140000, 0.808420, 0.385865, -1.000000, 0.463090, -1.000000
0.230000, 0.839999, 1.130000, 0.808080, 0.381865, -1.000000, 0.460313, -1.000000
0.230000, 0.849999, 1.120000, 0.807500, 0.377881, -1.000000, 0.457538, -1.000000
0.230000, 0.859999, 1.110000, 0.806680, 0.373914, -1.000000, 0.454766, -1.000000
0.230000, 0.869999, 1.100001, 0.805620, 0.369963, -1.000000, 0.451997, -1.000000
0.230000, 0.879999, 1.090001, 0.804320, 0.366030, -1.000000, 0.449231, -1.000000
0.230000, 0.889999, 1.080001, 0.802780, 0.362115, -1.000000, 0.446468, -1.000000
0.230000, 0.899999, 1.070001, 0.801000, 0.358218, -1.000000, 0.443709, -1.000000
0.230000, 0.909999, 1.060001, 0.798980, 0.354339, -1.000000, 0.440952, -1.000000
0.230000, 0.919999, 1.050001, 0.796720, 0.350479, -1.000000, 0.438200, -1.000000
0.230000, 0.929999, 1.040001, 0.794220, 0.346639, -1.000000, 0.435451, -1.000000
0.230000, 0.939999, 1.030001, 0.791480, 0.342819, -1.000000, 0.432706, -1.000000
0.230000, 0.949999, 1.020001, 0.788500, 0.339019, -1.000000, 0.429966, -1.000000
0.230000, 0.959999, 1.010001, 0.785280, 0.335240, -1.000000, 0.427229, -1.000000
0.230000, 0.969999, 1.000001, 0.781820, 0.331482, -1.000000, 0.424497, -1.000000
0.230000, 0.979999, 0.990001, 0.778120, 0.327745, -1.000000, 0.421770, -1.000000
0.230000, 0.989999, 0.980001, 0.774180, 0.324030, -1.000000, 0.419047, -1.000000
0.230000, 0.999999, 0.970001, 0.770000, 0.320336, -1.000000, 0.416330, -1.000000
0.240000, 0.000000, 1.960000, 0.000000, 0.225379, 0.655332, 0.277917, 0.758730
0.240000, 0.010000, 1.950000, 0.019480, 0.230295, -1.000000, 0.282434, -1.000000
0.240000, 0.020000, 1.940000, 0.038720, 0.235285, -1.000000, 0.286996, -1.000000
0.240000, 0.030000, 1.930000, 0.057720, 0.240350, -1.000000, 0.291601, -1.000000
0.240000, 0.040000, 1.920000, 0.076480, 0.245489, -1.000000, 0.296250, -1.000000
0.240000, 0.050000, 1.910000, 0.095000, 0.250701, -1.000000, 0.300941, -1.000000
0.240000, 0.060000, 1.900000, 0.113280, 0.255987, -1.000000, 0.305675, -1.000000
0.240000, 0.070000, 1.890000, 0.131320, 0.261345, -1.000000, 0.310450, -1.000000
0.240000, 0.080000, 1.880000, 0.149120, 0.266775, -1.000000, 0.315265, -1.000000
0.240000, 0.090000, 1.870000, 0.166680, 0.272276, -1.000000, 0.320121, -1.000000
0.240000, 0.100000, 1.860000, 0.184000, 0.277848, -1.000000, 0.325015, -1.000000
0.240000, 0.110000, 1.850000, 0.201080, 0.283489, -1.000000, 0.329949, -1.000000
0.240000, 0.120000, 1.840000, 0.217920, 0.289199, -1.000000, 0.334920, -1.000000
0.240000, 0.130000, 1.830000, 0.234520, 0.294977, -1.000000, 0.339927, -1.000000
0.240000, 0.140000, 1.820000, 0.250880, 0.300821, -1.000000, 0.344971, -1.000000
0.240000, 0.150000, 1.810000, 0.267000, 0.306731, -1.000000, 0.350051, -1.000000
0.240000, 0.160000, 1.800000, 0.282880, 0.312705, -1.000000, 0.355164, -1.000000
0.240000, 0.170000, 1.790000, 0.298520, 0.318742, -1.000000, 0.360310, -1.000000
0.240000, 0.180000, 1.780000, 0.313920, 0.324284, -1.000000, 0.365489, -1.000000
0.240000, 0.190000, 1.770000, 0.329080, 0.329620, -1.000000, 0.370700, -1.000000
0.240000, 0.200000, 1.760000, 0.344000, 0.335002, -1.000000, 0.375940, -1.000000
0.240000, 0.210000, 1.750000, 0.358680, 0.340426, -1.000000, 0.381210, -1.000000
0.240000, 0.220000, 1.740000, 0.373120, 0.345893, -1.000000, 0.386508, -1.000000
0.240000, 0.230000, 1.730000, 0.387320, 0.350374, -1.000000, 0.391279, -1.000000
0.240000, 0.240000, 1.720000, 0.401280, 0.353118, -1.000000, 0.395067, -1.000000
0.240000, 0.250000, 1.710000, 0.415000, 0.355871, -1.000000, 0.398867, -1.000000
0.240000, 0.260000, 1.700000, 0.428480, 0.358634, -1.000000, 0.402680, -1.000000
0.240000, 0.270000, 1.690000, 0.441720, 0.361406, -1.000000, 0.406505, -1.000000
0.240000, 0.280000, 1.680000, 0.454720, 0.364188, -1.000000, 0.410341, -1.000000
0.240000, 0.290000, 1.670000, 0.467480, 0.366978, -1.000000, 0.414188, -1.000000
0.240000, 0.300000, 1.660000, 0.480000, 0.369778, -1.000000, 0.418045, -1.000000
0.240000, 0.310000, 1.650000, 0.492280, 0.372586, -1.000000, 0.421913, -1.000000
0.240000, 0.320000, 1.640000, 0.504320, 0.375403, -1.000000, 0.425790, -1.000000
0.240000, 0.330000, 1.630000, 0.516120, 0.378229, -1.000000, 0.429677, -1.000000
0.240000, 0.340000, 1.620000, 0.527680, 0.381063, -1.000000, 0.433572, -1.000000
0.240000, 0.350000, 1.610000, 0.539000, 0.383905, -1.000000, 0.437475, -1.000000
0.240000, 0.360000, 1.600000, 0.550080, 0.386754, -1.000000, 0.441386, -1.000000
0.240000, 0.370000, 1.590000, 0.560920, 0.389612, -1.000000, 0.445304, -1.000000
0.240000, 0.380000, 1.580000, 0.571520, 0.392477, -1.000000, 0.449229, -1.000000
0.240000, 0.390000, 1.570000, 0.581880, 0.395350, -1.000000, 0.453160, -1.000000
0.240000, 0.400000, 1.560000, 0.592000, 0.398230, -1.000000, 0.457098, -1.000000
0.240000, 0.410000, 1.550000, 0.601880, 0.401117, -1.000000, 0.461040, -1.000000
0.240000, 0.420000, 1.540000, 0.611520, 0.404011, -1.000000, 0.464988, -1.000000
0.240000, 0.430000, 1.530000, 0.620920, 0.406911, -1.000000, 0.468940, -1.000000
0.240000, 0.440000, 1.520000, 0.630080, 0.409818, -1.000000, 0.472896, -1.000000
0.240000, 0.450000, 1.510000, 0.639000, 0.412732, -1.000000, 0.476418, -1.000000
0.240000, 0.460000, 1.500000, 0.647680, 0.415651, -1.000000, 0.476645, -1.000000
0.240000, 0.470000, 1.490000, 0.656120, 0.418576, -1.000000, 0.476872, -1.000000
0.240000, 0.480000, 1.480000, 0.664320, 0.421508, -1.000000, 0.477099, -1.000000
0.240000, 0.490000, 1.470000, 0.672280, 0.424347, -1.000000, 0.477325, -1.000000
0.240000, 0.500000, 1.460000, 0.680000, 0.424971, -1.000000, 0.477552, -1.000000
0.240000, 0.510000, 1.450000, 0.687480, 0.425596, -1.000000, 0.477779, -1.000000
0.240000, 0.520000, 1.440000, 0.694720, 0.426221, -1.000000, 0.478006, -1.000000
0.240000, 0.530000, 1.430000, 0.701720, 0.426847, -1.000000, 0.478233, -1.000000
0.240000, 0.540000, 1.420000, 0.708480, 0.427473, -1.000000, 0.478460, -1.000000
0.240000, 0.550000, 1.410000, 0.715000, 0.428098, -1.000000, 0.478687, -1.000000
0.240000, 0.560000, 1.400000, 0.721280, 0.428725, -1.000000, 0.478913, -1.000000
0.240000, 0.570000, 1.390000, 0.727320, 0.428884, -1.000000, 0.479140, -1.000000
0.240000, 0.580000, 1.380000, 0.733120, 0.428897, -1.000000, 0.479367, -1.000000
0.240000, 0.590000, 1.370000, 0.738680, 0.428910, -1.000000, 0.479594, -1.000000
0.240000, 0.600000, 1.360000, 0.744000, 0.428922, -1.000000, 0.479821, -1.000000
0.240000, 0.610000, 1.350000, 0.749080, 0.428935, -1.000000, 0.480048, -1.000000
0.240000, 0.620000, 1.340000, 0.753920, 0.428948, -1.000000, 0.480275, -1.000000
0.240000, 0.630000, 1.330000, 0.758520, 0.428961, -1.000000, 0.480502, -1.000000
0.240000, 0.640000, 1.320000, 0.762880, 0.428974, -1.000000, 0.480729, -1.000000
0.240000, 0.650000, 1.310000, 0.767000, 0.428826, -1.000000, 0.480956, -1.000000
0.240000, 0.660000, 1.300000, 0.770880, 0.427606, -1.000000, 0.481183, -1.000000
0.240000, 0.670000, 1.290000, 0.774520, 0.426386, -1.000000, 0.481410, -1.000000
0.240000, 0.680000, 1.280000, 0.777920, 0.425168, -1.000000, 0.481637, -1.000000
0.240000, 0.690000, 1.270000, 0.781080, 0.423950, -1.000000, 0.481864, -1.000000
0.240000, 0.700000, 1.260000, 0.784000, 0.422733, -1.000000, 0.482091, -1.000000
0.240000, 0.710000, 1.250000, 0.786680, 0.421517, -1.000000, 0.482318, -1.000000
0.240000, 0.720000, 1.240000, 0.789120, 0.420303, -1.000000, 0.482545, -1.000000
0.240000, 0.730000, 1.230000, 0.791320, 0.419089, -1.000000, 0.482772, -1.000000
0.240000, 0.740000, 1.220000, 0.793280, 0.417876, -1.000000, 0.482999, -1.000000
0.240000, 0.750000, 1.210000, 0.795000, 0.416664, -1.000000, 0.483226, -1.000000
0.240000, 0.760000, 1.200000, 0.796480, 0.414467, -1.000000, 0.482551, -1.000000
0.240000, 0.770000, 1.190000, 0.797720, 0.410368, -1.000000, 0.479762, -1.000000
0.240000, 0.780000, 1.180000, 0.798720, 0.406283, -1.000000, 0.476974, -1.000000
0.240000, 0.790000, 1.170000, 0.799480, 0.402210, -1.000000, 0.474187, -1.000000
0.240000, 0.800000, 1.160000, 0.800000, 0.398150, -1.000000, 0.471402, -1.000000
0.240000, 0.810000, 1.150000, 0.800280, 0.394105, -1.000000, 0.468619, -1.000000
0.240000, 0.820000, 1.140000, 0.800320, 0.390074, -1.000000, 0.465837, -1.000000
0.240000, 0.830000, 1.130000, 0.800120, 0.386058, -1.000000, 0.463058, -1.000000
0.240000, 0.839999, 1.120000, 0.799680, 0.382057, -1.000000, 0.460281, -1.000000
0.240000, 0.849999, 1.110000, 0.799000, 0.378073, -1.000000, 0.457507, -1.000000
0.240000, 0.859999, 1.100001, 0.798080, 0.374104, -1.000000, 0.454735, -1.000000
0.240000, 0.869999, 1.090001, 0.796920, 0.370153, -1.000000, 0.451966, -1.000000
0.240000, 0.879999, 1.080001, 0.795520, 0.366219, -1.000000, 0.449200, -1.000000
0.240000, 0.889999, 1.070001, 0.793880, 0.362303, -1.000000, 0.446437, -1.000000
0.240000, 0.899999, 1.060001, 0.792000, 0.358405, -1.000000, 0.443677, -1.000000
0.240000, 0.909999, 1.050001, 0.789880, 0.354525, -1.000000, 0.440921, -1.000000
0.240000, 0.919999, 1.040001, 0.787520, 0.350665, -1.000000, 0.438169, -1.000000
0.240000, 0.929999, 1.030001, 0.784920, 0.346824, -1.000000, 0.435420, -1.000000
0.240000, 0.939999, 1.020001, 0.782080, 0.343003, -1.000000, 0.432675, -1.000000
0.240000, 0.949999, 1.010001, 0.779000, 0.339202, -1.000000, 0.429934, -1.000000
0.240000, 0.959999, 1.000001, 0.775680, 0.335421, -1.000000, 0.427198, -1.000000
0.240000, 0.969999, 0.990001, 0.772120, 0.331662, -1.000000, 0.424466, -1.000000
0.240000, 0.979999, 0.980001, 0.768320, 0.327924, -1.000000, 0.421739, -1.000000
0.240000, 0.989999, 0.970001, 0.764280, 0.324208, -1.000000, 0.419016, -1.000000
0.240000, 0.999999, 0.960001, 0.760000, 0.320514, -1.000000, 0.416299, -1.000000
0.250000, 0.000000, 1.950000, 0.000000, 0.225280, 0.655337, 0.277897, 0.758724
0.250000, 0.010000, 1.940000, 0.019380, 0.230194, -1.000000, 0.282414, -1.000000
0.250000, 0.020000, 1.930000, 0.038520, 0.235183, -1.000000, 0.286976, -1.000000
0.250000, 0.030000, 1.920000, 0.057420, 0.240246, -1.000000, 0.291581, -1.000000
0.250000, 0.040000, 1.910000, 0.076080, 0.245383, -1.000000, 0.296230, -1.000000
0.250000, 0.050000, 1.900000, 0.094500, 0.250594, -1.000000, 0.300921, -1.000000
0.250000, 0.060000, 1.890000, 0.112680, 0.255878, -1.000000, 0.305654, -1.000000
0.250000, 0.070000, 1.880000, 0.130620, 0.261235, -1.000000, 0.310429, -1.000000
0.250000, 0.080000, 1.870000, 0.148320, 0.266663, -1.000000, 0.315244, -1.000000
0.250000, 0.090000, 1.860000, 0.165780, 0.272163, -1.000000, 0.320099, -1.000000
0.250000, 0.100000, 1.850000, 0.183000, 0.277734, -1.000000, 0.324994, -1.000000
0.250000, 0.110000, 1.840000, 0.199980, 0.283374, -1.000000, 0.329927, -1.000000
0.250000, 0.120000, 1.830000, 0.216720, 0.289082, -1.000000, 0.334898, -1.000000
0.250000, 0.130000, 1.820000, 0.233220, 0.294859, -1.000000, 0.339906, -1.000000
0.250000, 0.140000, 1.810000, 0.249480, 0.300701, -1.000000, 0.344949, -1.000000
0.250000, 0.150000, 1.800000, 0.265500, 0.306610, -1.000000, 0.350028, -1.000000
0.250000, 0.160000, 1.790000, 0.281280, 0.312582, -1.000000, 0.355142, -1.000000
0.250000, 0.170000, 1.780000, 0.296820, 0.318618, -1.000000, 0.360288, -1.000000
0.250000, 0.180000, 1.770000, 0.312120, 0.324231, -1.000000, 0.365467, -1.000000
0.250000, 0.190000, 1.760000, 0.327180, 0.329567, -1.000000, 0.370677, -1.000000
0.250000, 0.200000, 1.750000, 0.342000, 0.334948, -1.000000, 0.375917, -1.000000
0.250000, 0.210000, 1.740000, 0.356580, 0.340372, -1.000000, 0.381187, -1.000000
0.250000, 0.220000, 1.730000, 0.370920, 0.345838, -1.000000, 0.386485, -1.000000
0.250000, 0.230000, 1.720000, 0.385020, 0.350369, -1.000000, 0.391302, -1.000000
0.250000, 0.240000, 1.710000, 0.398880, 0.353113, -1.000000, 0.395090, -1.000000
0.250000, 0.250000, 1.700000, 0.412500, 0.355866, -1.000000, 0.398891, -1.000000
0.250000, 0.260000, 1.690000, 0.425880, 0.358629, -1.000000, 0.402704, -1.000000
0.250000, 0.270000, 1.680000, 0.439020, 0.361401, -1.000000, 0.406529, -1.000000
0.250000, 0.280000, 1.670000, 0.451920, 0.364183, -1.000000, 0.410365, -1.000000
0.250000, 0.290000, 1.660000, 0.464580, 0.366973, -1.000000, 0.414212, -1.000000
0.250000, 0.300000, 1.650000, 0.477000, 0.369773, -1.000000, 0.418070, -1.000000
0.250000, 0.310000, 1.640000, 0.489180, 0.372581, -1.000000, 0.421937, -1.000000
0.250000, 0.320000, 1.630000, 0.501120, 0.375398, -1.000000, 0.425814, -1.000000
0.250000, 0.330000, 1.620000, 0.512820, 0.378224, -1.000000, 0.429701, -1.000000
0.250000, 0.340000, 1.610000, 0.524280, 0.381058, -1.000000, 0.433596, -1.000000
0.250000, 0.350000, 1.600000, 0.535500, 0.383899, -1.000000, 0.437499, -1.000000
0.250000, 0.360000, 1.590000, 0.546480, 0.386749, -1.000000, 0.441410, -1.000000
0.250000, 0.370000, 1.580000, 0.557220, 0.389607, -1.000000, 0.445328, -1.000000
0.250000, 0.380000, 1.570000, 0.567720, 0.392472, -1.000000, 0.449254, -1.000000
0.250000, 0.390000, 1.560000, 0.577980, 0.395345, -1.000000, 0.453185, -1.000000
0.250000, 0.400000, 1.550000, 0.588000, 0.398225, -1.000000, 0.457122, -1.000000
0.250000, 0.410000, 1.540000, 0.597780, 0.401111, -1.000000, 0.461065, -1.000000
0.250000, 0.420000, 1.530000, 0.607320, 0.404005, -1.000000, 0.465013, -1.000000
0.250000, 0.430000, 1.520000, 0.616620, 0.406906, -1.000000, 0.468964, -1.000000
0.250000, 0.440000, 1.510000, 0.625680, 0.409813, -1.000000, 0.472920, -1.000000
0.250000, 0.450000, 1.500000, 0.634500, 0.412726, -1.000000, 0.476375, -1.000000
0.250000, 0.460000, 1.490000, 0.643080, 0.415646, -1.000000, 0.476601, -1.000000
0.250000, 0.470000, 1.480000, 0.651420, 0.418571, -1.000000, 0.476828, -1.000000
0.250000, 0.480000, 1.470000, 0.659520, 0.421502, -1.000000, 0.477055, -1.000000
0.250000, 0.490000, 1.460000, 0.667380, 0.424387, -1.000000, 0.477282, -1.000000
0.250000, 0.500000, 1.450000, 0.675000, 0.425012, -1.000000, 0.477509, -1.000000
0.250000, 0.510000, 1.440000, 0.682380, 0.425637, -1.000000, 0.477736, -1.000000
0.250000, 0.520000, 1.430000, 0.689520, 0.426262, -1.000000, 0.477962, -1.000000
0.250000, 0.530000, 1.420000, 0.696420, 0.426888, -1.000000, 0.478189, -1.000000
0.250000, 0.540000, 1.410000, 0.703080, 0.427513, -1.000000, 0.478416, -1.000000
0.250000, 0.550000, 1.400000, 0.709500, 0.428139, -1.000000, 0.478643, -1.000000
0.250000, 0.560000, 1.390000, 0.715680, 0.428765, -1.000000, 0.478870, -1.000000
0.250000, 0.570000, 1.380000, 0.721620, 0.428894, -1.000000, 0.479097, -1.000000
0.250000, 0.580000, 1.370000, 0.727320, 0.428907, -1.000000, 0.479324, -1.000000
0.250000, 0.590000, 1.360000, 0.732780, 0.428920, -1.000000, 0.479551, -1.000000
0.250000, 0.600000, 1.350000, 0.738000, 0.428933, -1.000000, 0.479778, -1.000000
0.250000, 0.610000, 1.340000, 0.742980, 0.428945, -1.000000, 0.480005, -1.000000
0.250000, 0.620000, 1.330000, 0.747720, 0.428958, -1.000000, 0.480232, -1.000000
0.250000, 0.630000, 1.320000, 0.752220, 0.428971, -1.000000, 0.480459, -1.000000
0.250000, 0.640000, 1.310000, 0.756480, 0.428984, -1.000000, 0.480685, -1.000000
0.250000, 0.650000, 1.300000, 0.760500, 0.428874, -1.000000, 0.480912, -1.000000
0.250000, 0.660000, 1.290000, 0.764280, 0.427654, -1.000000, 0.481139, -1.000000
0.250000, 0.670000, 1.280000, 0.767820, 0.426434, -1.000000, 0.481366, -1.000000
0.250000, 0.680000, 1.270000, 0.771120, 0.425216, -1.000000, 0.481593, -1.000000
0.250000, 0.690000, 1.260000, 0.774180, 0.423998, -1.000000, 0.481820, -1.000000
0.250000, 0.700000, 1.250000, 0.777000, 0.422781, -1.000000, 0.482047, -1.000000
0.250000, 0.710000, 1.240000, 0.779580, 0.421565, -1.000000, 0.482274, -1.000000
0.250000, 0.720000, 1.230000, 0.781920, 0.420351, -1.000000, 0.482501, -1.000000
0.250000, 0.730000, 1.220000, 0.784020, 0.419137, -1.000000, 0.482729, -1.000000
0.250000, 0.740000, 1.210000, 0.785880, 0.417924, -1.000000, 0.482956, -1.000000
0.250000, 0.750000, 1.200000, 0.787500, 0.416712, -1.000000, 0.483183, -1.000000
0.250000, 0.760000, 1.190000, 0.788880, 0.414664, -1.000000, 0.482520, -1.000000
0.250000, 0.770000, 1.180000, 0.790020, 0.410565, -1.000000, 0.479730, -1.000000
0.250000, 0.780000, 1.170000, 0.790920, 0.406479, -1.000000, 0.476942, -1.000000
0.250000, 0.790000, 1.160000, 0.791580, 0.402406, -1.000000, 0.474155, -1.000000
0.250000, 0.800000, 1.150000, 0.792000, 0.398346, -1.000000, 0.471370, -1.000000
0.250000, 0.810000, 1.140000, 0.792180, 0.394299, -1.000000, 0.468587, -1.000000
0.250000, 0.820000, 1.130000, 0.792120, 0.390268, -1.000000, 0.465806, -1.000000
0.250000, 0.830000, 1.120000, 0.791820, 0.386251, -1.000000, 0.463027, -1.000000
0.250000, 0.839999, 1.110000, 0.791280, 0.382250, -1.000000, 0.460250, -1.000000
0.250000, 0.849999, 1.100001, 0.790500, 0.378264, -1.000000, 0.457475, -1.000000
0.250000, 0.859999, 1.090001, 0.789480, 0.374295, -1.000000, 0.454703, -1.000000
0.250000, 0.869999, 1.080001, 0.788220, 0.370343, -1.000000, 0.451934, -1.000000
0.250000, 0.879999, 1.070001, 0.786720, 0.366408, -1.000000, 0.449168, -1.000000
0.250000, 0.889999, 1.060001, 0.784980, 0.362491, -1.000000, 0.446405, -1.000000
0.250000, 0.899999, 1.050001, 0.783000, 0.358592, -1.000000, 0.443646, -1.000000
0.250000, 0.909999, 1.040001, 0.780780, 0.354712, -1.000000, 0.440890, -1.000000
0.250000, 0.919999, 1.030001, 0.778320, 0.350850, -1.000000, 0.438137, -1.000000
0.250000, 0.929999, 1.020001, 0.775620, 0.347008, -1.000000, 0.435389, -1.000000
0.250000, 0.939999, 1.010001, 0.772680, 0.343186, -1.000000, 0.432644, -1.000000
0.250000, 0.949999, 1.000001, 0.769500, 0.339384, -1.000000, 0.429903, -1.000000
0.250000, 0.959999, 0.990001, 0.766080, 0.335603, -1.000000, 0.427167, -1.000000
0.250000, 0.969999, 0.980001, 0.762420, 0.331843, -1.000000, 0.424435, -1.000000
0.250000, 0.979999, 0.970001, 0.758520, 0.328104, -1.000000, 0.421708, -1.000000
0.250000, 0.989999, 0.960001, 0.754380, 0.324386, -1.000000, 0.418985, -1.000000
0.250000, 0.999999, 0.950001, 0.750000, 0.320691, -1.000000, 0.416268, -1.000000
0.260000, 0.000000, 1.940000, 0.000000, 0.225180, 0.655342, 0.277878, 0.758718
0.260000, 0.010000, 1.930000, 0.019280, 0.230093, -1.000000, 0.282395, -1.000000
0.260000, 0.020000, 1.920000, 0.038320, 0.235080, -1.000000, 0.286956, -1.000000
0.260000, 0.030000, 1.910000, 0.057120, 0.240142, -1.000000, 0.291561, -1.000000
0.260000, 0.040000, 1.900000, 0.075680, 0.245278, -1.000000, 0.296210, -1.000000
0.260000, 0.050000, 1.890000, 0.094000, 0.250487, -1.000000, 0.300901, -1.000000
0.260000, 0.060000, 1.880000, 0.112080, 0.255770, -1.000000, 0.305634, -1.000000
0.260000, 0.070000, 1.870000, 0.129920, 0.261125, -1.000000, 0.310408, -1.000000
0.260000, 0.080000, 1.860000, 0.147520, 0.266552, -1.000000, 0.315223, -1.000000
0.260000, 0.090000, 1.850000, 0.164880, 0.272050, -1.000000, 0.320078, -1.000000
0.260000, 0.100000, 1.840000, 0.182000, 0.277619, -1.000000, 0.324973, -1.000000
0.260000, 0.110000, 1.830000, 0.198880, 0.283258, -1.000000, 0.329906, -1.000000
0.260000, 0.120000, 1.820000, 0.215520, 0.288965, -1.000000, 0.334876, -1.000000
0.260000, 0.130000, 1.810000, 0.231920, 0.294740, -1.000000, 0.339884, -1.000000
0.260000, 0.140000, 1.800000, 0.248080, 0.300582, -1.000000, 0.344927, -1.000000
0.260000, 0.150000, 1.790000, 0.264000, 0.306489, -1.000000, 0.350006, -1.000000
0.260000, 0.160000, 1.780000, 0.279680, 0.312460, -1.000000, 0.355119, -1.000000
0.260000, 0.170000, 1.770000, 0.295120, 0.318494, -1.000000, 0.360266, -1.000000
0.260000, 0.180000, 1.760000, 0.310320, 0.324178, -1.000000, 0.365444, -1.000000
0.260000, 0.190000, 1.750000, 0.325280, 0.329514, -1.000000, 0.370654, -1.000000
0.260000, 0.200000, 1.740000, 0.340000, 0.334895, -1.000000, 0.375894, -1.000000
0.260000, 0.210000, 1.730000, 0.354480, 0.340318, -1.000000, 0.381164, -1.000000
0.260000, 0.220000, 1.720000, 0.368720, 0.345784, -1.000000, 0.386462, -1.000000
0.260000, 0.230000, 1.710000, 0.382720, 0.350364, -1.000000, 0.391326, -1.000000
0.260000, 0.240000, 1.700000, 0.396480, 0.353108, -1.000000, 0.395114, -1.000000
0.260000, 0.250000, 1.690000, 0.410000, 0.355861, -1.000000, 0.398915, -1.000000
0.260000, 0.260000, 1.680000, 0.423280, 0.358624, -1.000000, 0.402728, -1.000000
0.260000, 0.270000, 1.670000, 0.436320, 0.361396, -1.000000, 0.406553, -1.000000
0.260000, 0.280000, 1.660000, 0.449120, 0.364178, -1.000000, 0.410389, -1.000000
0.260000, 0.290000, 1.650000, 0.461680, 0.366968, -1.000000, 0.414236, -1.000000
0.260000, 0.300000, 1.640000, 0.474000, 0.369768, -1.000000, 0.418094, -1.000000
0.260000, 0.310000, 1.630000, 0.486080, 0.372576, -1.000000, 0.421961, -1.000000
0.260000, 0.320000, 1.620000, 0.497920, 0.375393, -1.000000, 0.425839, -1.000000
0.260000, 0.330000, 1.610000, 0.509520, 0.378219, -1.000000, 0.429725, -1.000000
0.260000, 0.340000, 1.600000, 0.520880, 0.381052, -1.000000, 0.433620, -1.000000
0.260000, 0.350000, 1.590000, 0.532000, 0.383894, -1.000000, 0.437524, -1.000000
0.260000, 0.360000, 1.580000, 0.542880, 0.386744, -1.000000, 0.441435, -1.000000
0.260000, 0.370000, 1.570000, 0.553520, 0.389602, -1.000000, 0.445353, -1.000000
0.260000, 0.380000, 1.560000, 0.563920, 0.392467, -1.000000, 0.449278, -1.000000
0.260000, 0.390000, 1.550000, 0.574080, 0.395339, -1.000000, 0.453210, -1.000000
0.260000, 0.400000, 1.540000, 0.584000, 0.398219, -1.000000, 0.457147, -1.000000
0.260000, 0.410000, 1.530000, 0.593680, 0.401106, -1.000000, 0.461090, -1.000000
0.260000, 0.420000, 1.520000, 0.603120, 0.404000, -1.000000, 0.465037, -1.000000
0.260000, 0.430000, 1.510000, 0.612320, 0.406900, -1.000000, 0.468989, -1.000000
0.260000, 0.440000, 1.500000, 0.621280, 0.409808, -1.000000, 0.472945, -1.000000
0.260000, 0.450000, 1.490000, 0.630000, 0.412721, -1.000000, 0.476331, -1.000000
0.260000, 0.460000, 1.480000, 0.638480, 0.415640, -1.000000, 0.476558, -1.000000
0.260000, 0.470000, 1.470000, 0.646720, 0.418566, -1.000000, 0.476785, -1.000000
0.260000, 0.480000, 1.460000, 0.654720, 0.421497, -1.000000, 0.477012, -1.000000
0.260000, 0.490000, 1.450000, 0.662480, 0.424428, -1.000000, 0.477238, -1.000000
0.260000, 0.500000, 1.440000, 0.670000, 0.425053, -1.000000, 0.477465, -1.000000
0.260000, 0.510000, 1.430000, 0.677280, 0.425678, -1.000000, 0.477692, -1.000000
0.260000, 0.520000, 1.420000, 0.684320, 0.426303, -1.000000, 0.477919, -1.000000
0.260000, 0.530000, 1.410000, 0.691120, 0.426928, -1.000000, 0.478146, -1.000000
0.260000, 0.540000, 1.400000, 0.697680, 0.427554, -1.000000, 0.478373, -1.000000
0.260000, 0.550000, 1.390000, 0.704000, 0.428180, -1.000000, 0.478600, -1.000000
0.260000, 0.560000, 1.380000, 0.710080, 0.428806, -1.000000, 0.478827, -1.000000
0.260000, 0.570000, 1.370000, 0.715920, 0.428905, -1.000000, 0.479053, -1.000000
0.260000, 0.580000, 1.360000, 0.721520, 0.428917, -1.000000, 0.479280, -1.000000
0.260000, 0.590000, 1.350000, 0.726880, 0.428930, -1.000000, 0.479507, -1.000000
0.260000, 0.600000, 1.340000, 0.732000, 0.428943, -1.000000, 0.479734, -1.000000
0.260000, 0.610000, 1.330000, 0.736880, 0.428956, -1.000000, 0.479961, -1.000000
0.260000, 0.620000, 1.320000, 0.741520, 0.428968, -1.000000, 0.480188, -1.000000
0.260000, 0.630000, 1.310000, 0.745920, 0.428981, -1.000000, 0.480415, -1.000000
0.260000, 0.640000, 1.300000, 0.750080, 0.428994, -1.000000, 0.480642, -1.000000
0.260000, 0.650000, 1.290000, 0.754000, 0.428922, -1.000000, 0.480869, -1.000000
0.260000, 0.660000, 1.280000, 0.757680, 0.427702, -1.000000, 0.481096, -1.000000
0.260000, 0.670000, 1.270000, 0.761120, 0.426482, -1.000000, 0.481323, -1.000000
0.260000, 0.680000, 1.260000, 0.764320, 0.425264, -1.000000, 0.481550, -1.000000
0.260000, 0.690000, 1.250000, 0.767280, 0.424046, -1.000000, 0.481777, -1.000000
0.260000, 0.700000, 1.240000, 0.770000, 0.422829, -1.000000, 0.482004, -1.000000
0.260000, 0.710000, 1.230000, 0.772480, 0.421613, -1.000000, 0.482231, -1.000000
0.260000, 0.720000, 1.220000, 0.774720, 0.420398, -1.000000, 0.482458, -1.000000
0.260000, 0.730000, 1.210000, 0.776720, 0.419184, -1.000000, 0.482685, -1.000000
0.260000, 0.740000, 1.200000, 0.778480, 0.417972, -1.000000, 0.482912, -1.000000
0.260000, 0.750000, 1.190000, 0.780000, 0.416760, -1.000000, 0.483139, -1.000000
0.260000, 0.760000, 1.180000, 0.781280, 0.414862, -1.000000, 0.482488, -1.000000
0.260000, 0.770000, 1.170000, 0.782320, 0.410762, -1.000000, 0.479698, -1.000000
0.260000, 0.780000, 1.160000, 0.783120, 0.406675, -1.000000, 0.476910, -1.000000
0.260000, 0.790000, 1.150000, 0.783680, 0.402601, -1.000000, 0.474124, -1.000000
0.260000, 0.800000, 1.140000, 0.784000, 0.398541, -1.000000, 0.471339, -1.000000
0.260000, 0.810000, 1.130000, 0.784080, 0.394494, -1.000000, 0.468555, -1.000000
0.260000, 0.820000, 1.120000, 0.783920, 0.390461, -1.000000, 0.465774, -1.000000
0.260000, 0.830000, 1.110000, 0.783520, 0.386444, -1.000000, 0.462995, -1.000000
0.260000, 0.839999, 1.100001, 0.782880, 0.382442, -1.000000, 0.460218, -1.000000
0.260000, 0.849999, 1.090001, 0.782000, 0.378456, -1.000000, 0.457444, -1.000000
0.260000, 0.859999, 1.080001, 0.780880, 0.374486, -1.000000, 0.454672, -1.000000
0.260000, 0.869999, 1.070001, 0.779520, 0.370533, -1.000000, 0.451903, -1.000000
0.260000, 0.879999, 1.060001, 0.777920, 0.366597, -1.000000, 0.449137, -1.000000
0.260000, 0.889999, 1.050001, 0.776080, 0.362679, -1.000000, 0.446374, -1.000000
0.260000, 0.899999, 1.040001, 0.774000, 0.358779, -1.000000, 0.443614, -1.000000
0.260000, 0.909999, 1.030001, 0.771680, 0.354898, -1.000000, 0.440858, -1.000000
0.260000, 0.919999, 1.020001, 0.769120, 0.351036, -1.000000, 0.438106, -1.000000
0.260000, 0.929999, 1.010001, 0.766320, 0.347193, -1.000000, 0.435357, -1.000000
0.260000, 0.939999, 1.000001, 0.763280, 0.343370, -1.000000, 0.432613, -1.000000
0.260000, 0.949999, 0.990001, 0.760000, 0.339567, -1.000000, 0.429872, -1.000000
0.260000, 0.959999, 0.980001, 0.756480, 0.335784, -1.000000, 0.427136, -1.000000
0.260000, 0.969999, 0.970001, 0.752720, 0.332023, -1.000000, 0.424404, -1.000000
0.260000, 0.979999, 0.960001, 0.748720, 0.328283, -1.000000, 0.421677, -1.000000
0.260000, 0.989999, 0.950001, 0.744480, 0.324565, -1.000000, 0.418955, -1.000000
0.260000, 0.999999, 0.940001, 0.740000, 0.320868, -1.000000, 0.416237, -1.000000
0.270000, 0.000000, 1.930000, 0.000000, 0.225080, 0.655346, 0.277858, 0.758713
0.270000, 0.010000, 1.920000, 0.019180, 0.229992, -1.000000, 0.282375, -1.000000
0.270000, 0.020000, 1.910000, 0.038120, 0.234978, -1.000000, 0.286936, -1.000000
0.270000, 0.030000, 1.900000, 0.056820, 0.240038, -1.000000, 0.291541, -1.000000
0.270000, 0.040000, 1.890000, 0.075280, 0.245172, -1.000000, 0.296189, -1.000000
0.270000, 0.050000, 1.880000, 0.093500, 0.250380, -1.000000, 0.300880, -1.000000
0.270000, 0.060000, 1.870000, 0.111480, 0.255661, -1.000000, 0.305613, -1.000000
0.270000, 0.070000, 1.860000, 0.129220, 0.261015, -1.000000, 0.310387, -1.000000
0.270000, 0.080000, 1.850000, 0.146720, 0.266441, -1.000000, 0.315202, -1.000000
0.270000, 0.090000, 1.840000, 0.163980, 0.271937, -1.000000, 0.320057, -1.000000
0.270000, 0.100000, 1.830000, 0.181000, 0.277505, -1.000000, 0.324951, -1.000000
0.270000, 0.110000, 1.820000, 0.197780, 0.283142, -1.000000, 0.329884, -1.000000
0.270000, 0.120000, 1.810000, 0.214320, 0.288848, -1.000000, 0.334855, -1.000000
0.270000, 0.130000, 1.800000, 0.230620, 0.294621, -1.000000, 0.339862, -1.000000
0.270000, 0.140000, 1.790000, 0.246680, 0.300462, -1.000000, 0.344905, -1.000000
0.270000, 0.150000, 1.780000, 0.262500, 0.306367, -1.000000, 0.349984, -1.000000
0.270000, 0.160000, 1.770000, 0.278080, 0.312337, -1.000000, 0.355097, -1.000000
0.270000, 0.170000, 1.760000, 0.293420, 0.318370, -1.000000, 0.360243, -1.000000
0.270000, 0.180000, 1.750000, 0.308520, 0.324126, -1.000000, 0.365422, -1.000000
0.270000, 0.190000, 1.740000, 0.323380, 0.329461, -1.000000, 0.370632, -1.000000
0.270000, 0.200000, 1.730000, 0.338000, 0.334841, -1.000000, 0.375872, -1.000000
0.270000, 0.210000, 1.720000, 0.352380, 0.340264, -1.000000, 0.381141, -1.000000
0.270000, 0.220000, 1.710000, 0.366520, 0.345730, -1.000000, 0.386438, -1.000000
0.270000, 0.230000, 1.700000, 0.380420, 0.350359, -1.000000, 0.391349, -1.000000
0.270000, 0.240000, 1.690000, 0.394080, 0.353103, -1.000000, 0.395138, -1.000000
0.270000, 0.250000, 1.680000, 0.407500, 0.355856, -1.000000, 0.398939, -1.000000
0.270000, 0.260000, 1.670000, 0.420680, 0.358619, -1.000000, 0.402752, -1.000000
0.270000, 0.270000, 1.660000, 0.433620, 0.361391, -1.000000, 0.406577, -1.000000
0.270000, 0.280000, 1.650000, 0.446320, 0.364172, -1.000000, 0.410413, -1.000000
0.270000, 0.290000, 1.640000, 0.458780, 0.366963, -1.000000, 0.414260, -1.000000
0.270000, 0.300000, 1.630000, 0.471000, 0.369763, -1.000000, 0.418118, -1.000000
0.270000, 0.310000, 1.620000, 0.482980, 0.372571, -1.000000, 0.421986, -1.000000
0.270000, 0.320000, 1.610000, 0.494720, 0.375388, -1.000000, 0.425863, -1.000000
0.270000, 0.330000, 1.600000, 0.506220, 0.378213, -1.000000, 0.429749, -1.000000
0.270000, 0.340000, 1.590000, 0.517480, 0.381047, -1.000000, 0.433645, -1.000000
0.270000, 0.350000, 1.580000, 0.528500, 0.383889, -1.000000, 0.437548, -1.000000
0.270000, 0.360000, 1.570000, 0.539280, 0.386739, -1.000000, 0.441459, -1.000000
0.270000, 0.370000, 1.560000, 0.549820, 0.389596, -1.000000, 0.445377, -1.000000
0.270000, 0.380000, 1.550000, 0.560120, 0.392462, -1.000000, 0.449303, -1.000000
0.270000, 0.390000, 1.540000, 0.570180, 0.395334, -1.000000, 0.453234, -1.000000
0.270000, 0.400000, 1.530000, 0.580000, 0.398214, -1.000000, 0.457172, -1.000000
0.270000, 0.410000, 1.520000, 0.589580, 0.401101, -1.000000, 0.461114, -1.000000
0.270000, 0.420000, 1.510000, 0.598920, 0.403995, -1.000000, 0.465062, -1.000000
0.270000, 0.430000, 1.500000, 0.608020, 0.406895, -1.000000, 0.469014, -1.000000
0.270000, 0.440000, 1.490000, 0.616880, 0.409802, -1.000000, 0.472970, -1.000000
0.270000, 0.450000, 1.480000, 0.625500, 0.412715, -1.000000, 0.476288, -1.000000
0.270000, 0.460000, 1.470000, 0.633880, 0.415635, -1.000000, 0.476514, -1.000000
0.270000, 0.470000, 1.460000, 0.642020, 0.418560, -1.000000, 0.476741, -1.000000
0.270000, 0.480000, 1.450000, 0.649920, 0.421491, -1.000000, 0.476968, -1.000000
0.270000, 0.490000, 1.440000, 0.657580, 0.424428, -1.000000, 0.477195, -1.000000
0.270000, 0.500000, 1.430000, 0.665000, 0.425093, -1.000000, 0.477422, -1.000000
0.270000, 0.510000, 1.420000, 0.672180, 0.425718, -1.000000, 0.477649, -1.000000
0.270000, 0.520000, 1.410000, 0.679120, 0.426344, -1.000000, 0.477876, -1.000000
0.270000, 0.530000, 1.400000, 0.685820, 0.426969, -1.000000, 0.478102, -1.000000
0.270000, 0.540000, 1.390000, 0.692280, 0.427595, -1.000000, 0.478329, -1.000000
0.270000, 0.550000, 1.380000, 0.698500, 0.428221, -1.000000, 0.478556, -1.000000
0.270000, 0.560000, 1.370000, 0.704480, 0.428847, -1.000000, 0.478783, -1.000000
0.270000, 0.570000, 1.360000, 0.710220, 0.428915, -1.000000, 0.479010, -1.000000
0.270000, 0.580000, 1.350000, 0.715720, 0.428927, -1.000000, 0.479237, -1.000000
0.270000, 0.590000, 1.340000, 0.720980, 0.428940, -1.000000, 0.479464, -1.000000
0.270000, 0.600000, 1.330000, 0.726000, 0.428953, -1.000000, 0.479691, -1.000000
0.270000, 0.610000, 1.320000, 0.730780, 0.428966, -1.000000, 0.479918, -1.000000
0.270000, 0.620000, 1.310000, 0.735320, 0.428979, -1.000000, 0.480145, -1.000000
0.270000, 0.630000, 1.300000, 0.739620, 0.428991, -1.000000, 0.480372, -1.000000
0.270000, 0.640000, 1.290000, 0.743680, 0.429004, -1.000000, 0.480598, -1.000000
0.270000, 0.650000, 1.280000, 0.747500, 0.428970, -1.000000, 0.480825, -1.000000
0.270000, 0.660000, 1.270000, 0.751080, 0.427750, -1.000000, 0.481052, -1.000000
0.270000, 0.670000, 1.260000, 0.754420, 0.426530, -1.000000, 0.481279, -1.000000
0.270000, 0.680000, 1.250000, 0.757520, 0.425312, -1.000000, 0.481506, -1.000000
0.270000, 0.690000, 1.240000, 0.760380, 0.424094, -1.000000, 0.481733, -1.000000
0.270000, 0.700000, 1.230000, 0.763000, 0.422877, -1.000000, 0.481960, -1.000000
0.270000, 0.710000, 1.220000, 0.765380, 0.421661, -1.000000, 0.482187, -1.000000
0.270000, 0.720000, 1.210000, 0.767520, 0.420446, -1.000000, 0.482414, -1.000000
0.270000, 0.730000, 1.200000, 0.769420, 0.419232, -1.000000, 0.482641, -1.000000
0.270000, 0.740000, 1.190000, 0.771080, 0.418019, -1.000000, 0.482869, -1.000000
0.270000, 0.750000, 1.180000, 0.772500, 0.416807, -1.000000, 0.483096, -1.000000
0.270000, 0.760000, 1.170000, 0.773680, 0.415059, -1.000000, 0.482456, -1.000000
0.270000, 0.770000, 1.160000, 0.774620, 0.410959, -1.000000, 0.479667, -1.000000
0.270000, 0.780000, 1.150000, 0.775320, 0.406872, -1.000000, 0.476879, -1.000000
0.270000, 0.790000, 1.140000, 0.775780, 0.402797, -1.000000, 0.474092, -1.000000
0.270000, 0.800000, 1.130000, 0.776000, 0.398736, -1.000000, 0.471307, -1.000000
0.270000, 0.810000, 1.120000, 0.775980, 0.394688, -1.000000, 0.468524, -1.000000
0.270000, 0.820000, 1.110000, 0.775720, 0.390655, -1.000000, 0.465742, -1.000000
0.270000, 0.830000, 1.100001, 0.775220, 0.386637, -1.000000, 0.462963, -1.000000
0.270000, 0.839999, 1.090001, 0.774480, 0.382634, -1.000000, 0.460186, -1.000000
0.270000, 0.849999, 1.080001, 0.773500, 0.378647, -1.000000, 0.457412, -1.000000
0.270000, 0.859999, 1.070001, 0.772280, 0.374676, -1.000000, 0.454640, -1.000000
0.270000, 0.869999, 1.060001, 0.770820, 0.370723, -1.000000, 0.451871, -1.000000
0.270000, 0.879999, 1.050001, 0.769120, 0.366786, -1.000000, 0.449105, -1.000000
0.270000, 0.889999, 1.040001, 0.767180, 0.362867, -1.000000, 0.446343, -1.000000
0.270000, 0.899999, 1.030001, 0.765000, 0.358966, -1.000000, 0.443583, -1.000000
0.270000, 0.909999, 1.020001, 0.762580, 0.355084, -1.000000, 0.440827, -1.000000
0.270000, 0.919999, 1.010001, 0.759920, 0.351221, -1.000000, 0.438075, -1.000000
0.270000, 0.929999, 1.000001, 0.757020, 0.347377, -1.000000, 0.435326, -1.000000
0.270000, 0.939999, 0.990001, 0.753880, 0.343553, -1.000000, 0.432581, -1.000000
0.270000, 0.949999, 0.980001, 0.750500, 0.339749, -1.000000, 0.429841, -1.000000
0.270000, 0.959999, 0.970001, 0.746880, 0.335966, -1.000000, 0.427105, -1.000000
0.270000, 0.969999, 0.960001, 0.743020, 0.332204, -1.000000, 0.424373, -1.000000
0.270000, 0.979999, 0.950001, 0.738920, 0.328463, -1.000000, 0.421646, -1.000000
0.270000, 0.989999, 0.940001, 0.734580, 0.324743, -1.000000, 0.418923, -1.000000
0.270000, 0.999999, 0.930001, 0.730000, 0.321046, -1.000000, 0.416206, -1.000000
0.280000, 0.000000, 1.920000, 0.000000, 0.224981, 0.655351, 0.277838, 0.758707
0.280000, 0.010000, 1.910000, 0.019080, 0.229891, -1.000000, 0.282355, -1.000000
0.280000, 0.020000, 1.900000, 0.037920, 0.234875, -1.000000, 0.286916, -1.000000
0.280000, 0.030000, 1.890000, 0.056520, 0.239934, -1.000000, 0.291521, -1.000000
0.280000, 0.040000, 1.880000, 0.074880, 0.245067, -1.000000, 0.296169, -1.000000
0.280000, 0.050000, 1.870000, 0.093000, 0.250273, -1.000000, 0.300860, -1.000000
0.280000, 0.060000, 1.860000, 0.110880, 0.255553, -1.000000, 0.305592, -1.000000
0.280000, 0.070000, 1.850000, 0.128520, 0.260905, -1.000000, 0.310366, -1.000000
0.280000, 0.080000, 1.840000, 0.145920, 0.266329, -1.000000, 0.315181, -1.000000
0.280000, 0.090000, 1.830000, 0.163080, 0.271825, -1.000000, 0.320036, -1.000000
0.280000, 0.100000, 1.820000, 0.180000, 0.277391, -1.000000, 0.324930, -1.000000
0.280000, 0.110000, 1.810000, 0.196680, 0.283026, -1.000000, 0.329863, -1.000000
0.280000, 0.120000, 1.800000, 0.213120, 0.288731, -1.000000, 0.334833, -1.000000
0.280000, 0.130000, 1.790000, 0.229320, 0.294503, -1.000000, 0.339840, -1.000000
0.280000, 0.140000, 1.780000, 0.245280, 0.300342, -1.000000, 0.344884, -1.000000
0.280000, 0.150000, 1.770000, 0.261000, 0.306246, -1.000000, 0.349962, -1.000000
0.280000, 0.160000, 1.760000, 0.276480, 0.312215, -1.000000, 0.355075, -1.000000
0.280000, 0.170000, 1.750000, 0.291720, 0.318247, -1.000000, 0.360221, -1.000000
0.280000, 0.180000, 1.740000, 0.306720, 0.324073, -1.000000, 0.365399, -1.000000
0.280000, 0.190000, 1.730000, 0.321480, 0.329408, -1.000000, 0.370609, -1.000000
0.280000, 0.200000, 1.720000, 0.336000, 0.334788, -1.000000, 0.375849, -1.000000
0.280000, 0.210000, 1.710000, 0.350280, 0.340210, -1.000000, 0.381118, -1.000000
0.280000, 0.220000, 1.700000, 0.364320, 0.345675, -1.000000, 0.386415, -1.000000
0.280000, 0.230000, 1.690000, 0.378120, 0.350354, -1.000000, 0.391373, -1.000000
0.280000, 0.240000, 1.680000, 0.391680, 0.353098, -1.000000, 0.395161, -1.000000
0.280000, 0.250000, 1.670000, 0.405000, 0.355851, -1.000000, 0.398962, -1.000000
0.280000, 0.260000, 1.660000, 0.418080, 0.358614, -1.000000, 0.402776, -1.000000
0.280000, 0.270000, 1.650000, 0.430920, 0.361386, -1.000000, 0.406601, -1.000000
0.280000, 0.280000, 1.640000, 0.443520, 0.364167, -1.000000, 0.410437, -1.000000
0.280000, 0.290000, 1.630000, 0.455880, 0.366958, -1.000000, 0.414284, -1.000000
0.280000, 0.300000, 1.620000, 0.468000, 0.369757, -1.000000, 0.418142, -1.000000
0.280000, 0.310000, 1.610000, 0.479880, 0.372566, -1.000000, 0.422010, -1.000000
0.280000, 0.320000, 1.600000, 0.491520, 0.375383, -1.000000, 0.425887, -1.000000
0.280000, 0.330000, 1.590000, 0.502920, 0.378208, -1.000000, 0.429774, -1.000000
0.280000, 0.340000, 1.580000, 0.514080, 0.381042, -1.000000, 0.433669, -1.000000
0.280000, 0.350000, 1.570000, 0.525000, 0.383884, -1.000000, 0.437572, -1.000000
0.280000, 0.360000, 1.560000, 0.535680, 0.386734, -1.000000, 0.441483, -1.000000
0.280000, 0.370000, 1.550000, 0.546120, 0.389591, -1.000000, 0.445402, -1.000000
0.280000, 0.380000, 1.540000, 0.556320, 0.392456, -1.000000, 0.449327, -1.000000
0.280000, 0.390000, 1.530000, 0.566280, 0.395329, -1.000000, 0.453259, -1.000000
0.280000, 0.400000, 1.520000, 0.576000, 0.398209, -1.000000, 0.457196, -1.000000
0.280000, 0.410000, 1.510000, 0.585480, 0.401096, -1.000000, 0.461139, -1.000000
0.280000, 0.420000, 1.500000, 0.594720, 0.403989, -1.000000, 0.465087, -1.000000
0.280000, 0.430000, 1.490000, 0.603720, 0.406890, -1.000000, 0.469039, -1.000000
0.280000, 0.440000, 1.480000, 0.612480, 0.409797, -1.000000, 0.472994, -1.000000
0.280000, 0.450000, 1.470000, 0.621000, 0.412710, -1.000000, 0.476244, -1.000000
0.280000, 0.460000, 1.460000, 0.629280, 0.415630, -1.000000, 0.476471, -1.000000
0.280000, 0.470000, 1.450000, 0.637320, 0.418555, -1.000000, 0.476698, -1.000000
0.280000, 0.480000, 1.440000, 0.645120, 0.421486, -1.000000, 0.476925, -1.000000
0.280000, 0.490000, 1.430000, 0.652680, 0.424423, -1.000000, 0.477151, -1.000000
0.280000, 0.500000, 1.420000, 0.660000, 0.425134, -1.000000, 0.477378, -1.000000
0.280000, 0.510000, 1.410000, 0.667080, 0.425759, -1.000000, 0.477605, -1.000000
0.280000, 0.520000, 1.400000, 0.673920, 0.426384, -1.000000, 0.477832, -1.000000
0.280000, 0.530000, 1.390000, 0.680520, 0.427010, -1.000000, 0.478059, -1.000000
0.280000, 0.540000, 1.380000, 0.686880, 0.427635, -1.000000, 0.478286, -1.000000
0.280000, 0.550000, 1.370000, 0.693000, 0.428261, -1.000000, 0.478513, -1.000000
0.280000, 0.560000, 1.360000, 0.698880, 0.428888, -1.000000, 0.478740, -1.000000
0.280000, 0.570000, 1.350000, 0.704520, 0.428925, -1.000000, 0.478966, -1.000000
0.280000, 0.580000, 1.340000, 0.709920, 0.428938, -1.000000, 0.479193, -1.000000
0.280000, 0.590000, 1.330000, 0.715080, 0.428950, -1.000000, 0.479420, -1.000000
0.280000, 0.600000, 1.320000, 0.720000, 0.428963, -1.000000, 0.479647, -1.000000
0.280000, 0.610000, 1.310000, 0.724680, 0.428976, -1.000000, 0.479874, -1.000000
0.280000, 0.620000, 1.300000, 0.729120, 0.428989, -1.000000, 0.480101, -1.000000
0.280000, 0.630000, 1.290000, 0.733320, 0.429002, -1.000000, 0.480328, -1.000000
0.280000, 0.640000, 1.280000, 0.737280, 0.429014, -1.000000, 0.480555, -1.000000
0.280000, 0.650000, 1.270000, 0.741000, 0.429019, -1.000000, 0.480782, -1.000000
0.280000, 0.660000, 1.260000, 0.744480, 0.427798, -1.000000, 0.481009, -1.000000
0.280000, 0.670000, 1.250000, 0.747720, 0.426578, -1.000000, 0.481236, -1.000000
0.280000, 0.680000, 1.240000, 0.750720, 0.425360, -1.000000, 0.481463, -1.000000
0.280000, 0.690000, 1.230000, 0.753480, 0.424142, -1.000000, 0.481690, -1.000000
0.280000, 0.700000, 1.220000, 0.756000, 0.422925, -1.000000, 0.481917, -1.000000
0.280000, 0.710000, 1.210000, 0.758280, 0.421709, -1.000000, 0.482144, -1.000000
0.280000, 0.720000, 1.200000, 0.760320, 0.420494, -1.000000, 0.482371, -1.000000
0.280000, 0.730000, 1.190000, 0.762120, 0.419280, -1.000000, 0.482598, -1.000000
0.280000, 0.740000, 1.180000, 0.763680, 0.418067, -1.000000, 0.482825, -1.000000
0.280000, 0.750000, 1.170000, 0.765000, 0.416855, -1.000000, 0.483052, -1.000000
0.280000, 0.760000, 1.160000, 0.766080, 0.415257, -1.000000, 0.482424, -1.000000
0.280000, 0.770000, 1.150000, 0.766920, 0.411157, -1.000000, 0.479635, -1.000000
0.280000, 0.780000, 1.140000, 0.767520, 0.407068, -1.000000, 0.476847, -1.000000
0.280000, 0.790000, 1.130000, 0.767880, 0.402993, -1.000000, 0.474060, -1.000000
0.280000, 0.800000, 1.120000, 0.768000, 0.398931, -1.000000, 0.471275, -1.000000
0.280000, 0.810000, 1.110000, 0.767880, 0.394883, -1.000000, 0.468492, -1.000000
0.280000, 0.820000, 1.100001, 0.767520, 0.390849, -1.000000, 0.465711, -1.000000
0.280000, 0.830000, 1.090001, 0.766920, 0.386830, -1.000000, 0.462932, -1.000000
0.280000, 0.839999, 1.080001, 0.766080, 0.382826, -1.000000, 0.460155, -1.000000
0.280000, 0.849999, 1.070001, 0.765000, 0.378839, -1.000000, 0.457380, -1.000000
0.280000, 0.859999, 1.060001, 0.763680, 0.374867, -1.000000, 0.454609, -1.000000
0.280000, 0.869999, 1.050001, 0.762120, 0.370913, -1.000000, 0.451840, -1.000000
0.280000, 0.879999, 1.040001, 0.760320, 0.366975, -1.000000, 0.449074, -1.000000
0.280000, 0.889999, 1.030001, 0.758280, 0.363055, -1.000000, 0.446311, -1.000000
0.280000, 0.899999, 1.020001, 0.756000, 0.359154, -1.000000, 0.443552, -1.000000
0.280000, 0.909999, 1.010001, 0.753480, 0.355271, -1.000000, 0.440796, -1.000000
0.280000, 0.919999, 1.000001, 0.750720, 0.351407, -1.000000, 0.438043, -1.000000
0.280000, 0.929999, 0.990001, 0.747720, 0.347562, -1.000000, 0.435295, -1.000000
0.280000, 0.939999, 0.980001, 0.744480, 0.343737, -1.000000, 0.432550, -1.000000
0.280000, 0.949999, 0.970001, 0.741000, 0.339932, -1.000000, 0.429810, -1.000000
0.280000, 0.959999, 0.960001, 0.737280, 0.336148, -1.000000, 0.427074, -1.000000
0.280000, 0.969999, 0.950001, 0.733320, 0.332384, -1.000000, 0.424342, -1.000000
0.280000, 0.979999, 0.940001, 0.729120, 0.328642, -1.000000, 0.421615, -1.000000
0.280000, 0.989999, 0.930001, 0.724680, 0.324922, -1.000000, 0.418893, -1.000000
0.280000, 0.999999, 0.920001, 0.720000, 0.321223, -1.000000, 0.416175, -1.000000
0.290000, 0.000000, 1.910000, 0.000000, 0.224882, 0.655356, 0.277819, 0.758701
0.290000, 0.010000, 1.900000, 0.018980, 0.229790, -1.000000, 0.282336, -1.000000
0.290000, 0.020000, 1.890000, 0.037720, 0.234773, -1.000000, 0.286896, -1.000000
0.290000, 0.030000, 1.880000, 0.056220, 0.239830, -1.000000, 0.291501, -1.000000
0.290000, 0.040000, 1.870000, 0.074480, 0.244961, -1.000000, 0.296149, -1.000000
0.290000, 0.050000, 1.860000, 0.092500, 0.250166, -1.000000, 0.300839, -1.000000
0.290000, 0.060000, 1.850000, 0.110280, 0.255444, -1.000000, 0.305572, -1.000000
0.290000, 0.070000, 1.840000, 0.127820, 0.260795, -1.000000, 0.310345, -1.000000
0.290000, 0.080000, 1.830000, 0.145120, 0.266218, -1.000000, 0.315160, -1.000000
0.290000, 0.090000, 1.820000, 0.162180, 0.271712, -1.000000, 0.320015, -1.000000
0.290000, 0.100000, 1.810000, 0.179000, 0.277276, -1.000000, 0.324909, -1.000000
0.290000, 0.110000, 1.800000, 0.195580, 0.282911, -1.000000, 0.329841, -1.000000
0.290000, 0.120000, 1.790000, 0.211920, 0.288614, -1.000000, 0.334811, -1.000000
0.290000, 0.130000, 1.780000, 0.228020, 0.294384, -1.000000, 0.339818, -1.000000
0.290000, 0.140000, 1.770000, 0.243880, 0.300222, -1.000000, 0.344861, -1.000000
0.290000, 0.150000, 1.760000, 0.259500, 0.306125, -1.000000, 0.349940, -1.000000
0.290000, 0.160000, 1.750000, 0.274880, 0.312092, -1.000000, 0.355052, -1.000000
0.290000, 0.170000, 1.740000, 0.290020, 0.318123, -1.000000, 0.360198, -1.000000
0.290000, 0.180000, 1.730000, 0.304920, 0.324021, -1.000000, 0.365377, -1.000000
0.290000, 0.190000, 1.720000, 0.319580, 0.329355, -1.000000, 0.370586, -1.000000
0.290000, 0.200000, 1.710000, 0.334000, 0.334734, -1.000000, 0.375826, -1.000000
0.290000, 0.210000, 1.700000, 0.348180, 0.340157, -1.000000, 0.381095, -1.000000
0.290000, 0.220000, 1.690000, 0.362120, 0.345621, -1.000000, 0.386392, -1.000000
0.290000, 0.230000, 1.680000, 0.375820, 0.350349, -1.000000, 0.391397, -1.000000
0.290000, 0.240000, 1.670000, 0.389280, 0.353093, -1.000000, 0.395185, -1.000000
0.290000, 0.250000, 1.660000, 0.402500, 0.355846, -1.000000, 0.398986, -1.000000
0.290000, 0.260000, 1.650000, 0.415480, 0.358609, -1.000000, 0.402799, -1.000000
0.290000, 0.270000, 1.640000, 0.428220, 0.361381, -1.000000, 0.406624, -1.000000
0.290000, 0.280000, 1.630000, 0.440720, 0.364162, -1.000000, 0.410461, -1.000000
0.290000, 0.290000, 1.620000, 0.452980, 0.366953, -1.000000, 0.414308, -1.000000
0.290000, 0.300000, 1.610000, 0.465000, 0.369752, -1.000000, 0.418166, -1.000000
0.290000, 0.310000, 1.600000, 0.476780, 0.372561, -1.000000, 0.422034, -1.000000
0.290000, 0.320000, 1.590000, 0.488320, 0.375378, -1.000000, 0.425911, -1.000000
0.290000, 0.330000, 1.580000, 0.499620, 0.378203, -1.000000, 0.429798, -1.000000
0.290000, 0.340000, 1.570000, 0.510680, 0.381037, -1.000000, 0.433693, -1.000000
0.290000, 0.350000, 1.560000, 0.521500, 0.383879, -1.000000, 0.437597, -1.000000
0.290000, 0.360000, 1.550000, 0.532080, 0.386728, -1.000000, 0.441508, -1.000000
0.290000, 0.370000, 1.540000, 0.542420, 0.389586, -1.000000, 0.445426, -1.000000
0.290000, 0.380000, 1.530000, 0.552520, 0.392451, -1.000000, 0.449352, -1.000000
0.290000, 0.390000, 1.520000, 0.562380, 0.395324, -1.000000, 0.453283, -1.000000
0.290000, 0.400000, 1.510000, 0.572000, 0.398203, -1.000000, 0.457221, -1.000000
0.290000, 0.410000, 1.500000, 0.581380, 0.401090, -1.000000, 0.461164, -1.000000
0.290000, 0.420000, 1.490000, 0.590520, 0.403984, -1.000000, 0.465111, -1.000000
0.290000, 0.430000, 1.480000, 0.599420, 0.406885, -1.000000, 0.469063, -1.000000
0.290000, 0.440000, 1.470000, 0.608080, 0.409792, -1.000000, 0.473019, -1.000000
0.290000, 0.450000, 1.460000, 0.616500, 0.412705, -1.000000, 0.476201, -1.000000
0.290000, 0.460000, 1.450000, 0.624680, 0.415624, -1.000000, 0.476428, -1.000000
0.290000, 0.470000, 1.440000, 0.632620, 0.418550, -1.000000, 0.476654, -1.000000
0.290000, 0.480000, 1.430000, 0.640320, 0.421481, -1.000000, 0.476881, -1.000000
0.290000, 0.490000, 1.420000, 0.647780, 0.424417, -1.000000, 0.477108, -1.000000
0.290000, 0.500000, 1.410000, 0.655000, 0.425175, -1.000000, 0.477335, -1.000000
0.290000, 0.510000, 1.400000, 0.661980, 0.425800, -1.000000, 0.477562, -1.000000
0.290000, 0.520000, 1.390000, 0.668720, 0.426425, -1.000000, 0.477789, -1.000000
0.290000, 0.530000, 1.380000, 0.675220, 0.427050, -1.000000, 0.478015, -1.000000
0.290000, 0.540000, 1.370000, 0.681480, 0.427676, -1.000000, 0.478242, -1.000000
0.290000, 0.550000, 1.360000, 0.687500, 0.428302, -1.000000, 0.478469, -1.000000
0.290000, 0.560000, 1.350000, 0.693280, 0.428922, -1.000000, 0.478696, -1.000000
0.290000, 0.570000, 1.340000, 0.698820, 0.428935, -1.000000, 0.478923, -1.000000
0.290000, 0.580000, 1.330000, 0.704120, 0.428948, -1.000000, 0.479150, -1.000000
0.290000, 0.590000, 1.320000, 0.709180, 0.428961, -1.000000, 0.479377, -1.000000
0.290000, 0.600000, 1.310000, 0.714000, 0.428973, -1.000000, 0.479604, -1.000000
0.290000, 0.610000, 1.300000, 0.718580, 0.428986, -1.000000, 0.479831, -1.000000
0.290000, 0.620000, 1.290000, 0.722920, 0.428999, -1.000000, 0.480058, -1.000000
0.290000, 0.630000, 1.280000, 0.727020, 0.429012, -1.000000, 0.480285, -1.000000
0.290000, 0.640000, 1.270000, 0.730880, 0.429024, -1.000000, 0.480511, -1.000000
0.290000, 0.650000, 1.260000, 0.734500, 0.429037, -1.000000, 0.480738, -1.000000
0.290000, 0.660000, 1.250000, 0.737880, 0.427846, -1.000000, 0.480965, -1.000000
0.290000, 0.670000, 1.240000, 0.741020, 0.426627, -1.000000, 0.481192, -1.000000
0.290000, 0.680000, 1.230000, 0.743920, 0.425408, -1.000000, 0.481419, -1.000000
0.290000, 0.690000, 1.220000, 0.746580, 0.424190, -1.000000, 0.481646, -1.000000
0.290000, 0.700000, 1.210000, 0.749000, 0.422973, -1.000000, 0.481873, -1.000000
0.290000, 0.710000, 1.200000, 0.751180, 0.421757, -1.000000, 0.482100, -1.000000
0.290000, 0.720000, 1.190000, 0.753120, 0.420542, -1.000000, 0.482327, -1.000000
0.290000, 0.730000, 1.180000, 0.754820, 0.419328, -1.000000, 0.482555, -1.000000
0.290000, 0.740000, 1.170000, 0.756280, 0.418115, -1.000000, 0.482782, -1.000000
0.290000, 0.750000, 1.160000, 0.757500, 0.416903, -1.000000, 0.483009, -1.000000
0.290000, 0.760000, 1.150000, 0.758480, 0.415455, -1.000000, 0.482393, -1.000000
0.290000, 0.770000, 1.140000, 0.759220, 0.411354, -1.000000, 0.479603, -1.000000
0.290000, 0.780000, 1.130000, 0.759720, 0.407265, -1.000000, 0.476815, -1.000000
0.290000, 0.790000, 1.120000, 0.759980, 0.403189, -1.000000, 0.474029, -1.000000
0.290000, 0.800000, 1.110000, 0.760000, 0.399126, -1.000000, 0.471244, -1.000000
0.290000, 0.810000, 1.100001, 0.759780, 0.395077, -1.000000, 0.468460, -1.000000
0.290000, 0.820000, 1.090001, 0.759320, 0.391043, -1.000000, 0.465679, -1.000000
0.290000, 0.830000, 1.080001, 0.758620, 0.387023, -1.000000, 0.462900, -1.000000
0.290000, 0.839999, 1.070001, 0.757680, 0.383019, -1.000000, 0.460123, -1.000000
0.290000, 0.849999, 1.060001, 0.756500, 0.379030, -1.000000, 0.457349, -1.000000
0.290000, 0.859999, 1.050001, 0.755080, 0.375058, -1.000000, 0.454577, -1.000000
0.290000, 0.869999, 1.040001, 0.753420, 0.371103, -1.000000, 0.451808, -1.000000
0.290000, 0.879999, 1.030001, 0.751520, 0.367164, -1.000000, 0.449042, -1.000000
0.290000, 0.889999, 1.020001, 0.749380, 0.363244, -1.000000, 0.446280, -1.000000
0.290000, 0.899999, 1.010001, 0.747000, 0.359341, -1.000000, 0.443520, -1.000000
0.290000, 0.909999, 1.000001, 0.744380, 0.355457, -1.000000, 0.440764, -1.000000
0.290000, 0.919999, 0.990001, 0.741520, 0.351592, -1.000000, 0.438012, -1.000000
0.290000, 0.929999, 0.980001, 0.738420, 0.347746, -1.000000, 0.435264, -1.000000
0.290000, 0.939999, 0.970001, 0.735080, 0.343920, -1.000000, 0.432519, -1.000000
0.290000, 0.949999, 0.960001, 0.731500, 0.340115, -1.000000, 0.429779, -1.000000
0.290000, 0.959999, 0.950001, 0.727680, 0.336329, -1.000000, 0.427043, -1.000000
0.290000, 0.969999, 0.940001, 0.723620, 0.332565, -1.000000, 0.424311, -1.000000
0.290000, 0.979999, 0.930001, 0.719320, 0.328822, -1.000000, 0.421584, -1.000000
0.290000, 0.989999, 0.920001, 0.714780, 0.325100, -1.000000, 0.418862, -1.000000
0.290000, 0.999999, 0.910001, 0.710000, 0.321401, -1.000000, 0.416144, -1.000000
0.300000, 0.000000, 1.900000, 0.000000, 0.224782, 0.655360, 0.277799, 0.758695
0.300000, 0.010000, 1.890000, 0.018880, 0.229689, -1.000000, 0.282316, -1.000000
0.300000, 0.020000, 1.880000, 0.037520, 0.234670, -1.000000, 0.286876, -1.000000
0.300000, 0.030000, 1.870000, 0.055920, 0.239726, -1.000000, 0.291481, -1.000000
0.300000, 0.040000, 1.860000, 0.074080, 0.244856, -1.000000, 0.296128, -1.000000
0.300000, 0.050000, 1.850000, 0.092000, 0.250059, -1.000000, 0.300819, -1.000000
0.300000, 0.060000, 1.840000, 0.109680, 0.255336, -1.000000, 0.305551, -1.000000
0.300000, 0.070000, 1.830000, 0.127120, 0.260685, -1.000000, 0.310325, -1.000000
0.300000, 0.080000, 1.820000, 0.144320, 0.266106, -1.000000, 0.315139, -1.000000
0.300000, 0.090000, 1.810000, 0.161280, 0.271599, -1.000000, 0.319993, -1.000000
0.300000, 0.100000, 1.800000, 0.178000, 0.277162, -1.000000, 0.324887, -1.000000
0.300000, 0.110000, 1.790000, 0.194480, 0.282795, -1.000000, 0.329819, -1.000000
0.300000, 0.120000, 1.780000, 0.210720, 0.288497, -1.000000, 0.334790, -1.000000
0.300000, 0.130000, 1.770000, 0.226720, 0.294266, -1.000000, 0.339796, -1.000000
0.300000, 0.140000, 1.760000, 0.242480, 0.300102, -1.000000, 0.344840, -1.000000
0.300000, 0.150000, 1.750000, 0.258000, 0.306004, -1.000000, 0.349918, -1.000000
0.300000, 0.160000, 1.740000, 0.273280, 0.311970, -1.000000, 0.355030, -1.000000
0.300000, 0.170000, 1.730000, 0.288320, 0.317999, -1.000000, 0.360176, -1.000000
0.300000, 0.180000, 1.720000, 0.303120, 0.323968, -1.000000, 0.365354, -1.000000
0.300000, 0.190000, 1.710000, 0.317680, 0.329302, -1.000000, 0.370563, -1.000000
0.300000, 0.200000, 1.700000, 0.332000, 0.334681, -1.000000, 0.375803, -1.000000
0.300000, 0.210000, 1.690000, 0.346080, 0.340103, -1.000000, 0.381072, -1.000000
0.300000, 0.220000, 1.680000, 0.359920, 0.345567, -1.000000, 0.386369, -1.000000
0.300000, 0.230000, 1.670000, 0.373520, 0.350344, -1.000000, 0.391420, -1.000000
0.300000, 0.240000, 1.660000, 0.386880, 0.353088, -1.000000, 0.395209, -1.000000
0.300000, 0.250000, 1.650000, 0.400000, 0.355841, -1.000000, 0.399010, -1.000000
0.300000, 0.260000, 1.640000, 0.412880, 0.358604, -1.000000, 0.402823, -1.000000
0.300000, 0.270000, 1.630000, 0.425520, 0.361376, -1.000000, 0.406648, -1.000000
0.300000, 0.280000, 1.620000, 0.437920, 0.364157, -1.000000, 0.410485, -1.000000
0.300000, 0.290000, 1.610000, 0.450080, 0.366948, -1.000000, 0.414332, -1.000000
0.300000, 0.300000, 1.600000, 0.462000, 0.369747, -1.000000, 0.418190, -1.000000
0.300000, 0.310000, 1.590000, 0.473680, 0.372556, -1.000000, 0.422058, -1.000000
0.300000, 0.320000, 1.580000, 0.485120, 0.375372, -1.000000, 0.425936, -1.000000
0.300000, 0.330000, 1.570000, 0.496320, 0.378198, -1.000000, 0.429822, -1.000000
0.300000, 0.340000, 1.560000, 0.507280, 0.381032, -1.000000, 0.433718, -1.000000
0.300000, 0.350000, 1.550000, 0.518000, 0.383873, -1.000000, 0.437621, -1.000000
0.300000, 0.360000, 1.540000, 0.528480, 0.386723, -1.000000, 0.441532, -1.000000
0.300000, 0.370000, 1.530000, 0.538720, 0.389581, -1.000000, 0.445451, -1.000000
0.300000, 0.380000, 1.520000, 0.548720, 0.392446, -1.000000, 0.449376, -1.000000
0.300000, 0.390000, 1.510000, 0.558480, 0.395318, -1.000000, 0.453308, -1.000000
0.300000, 0.400000, 1.500000, 0.568000, 0.398198, -1.000000, 0.457245, -1.000000
0.300000, 0.410000, 1.490000, 0.577280, 0.401085, -1.000000, 0.461188, -1.000000
0.300000, 0.420000, 1.480000, 0.586320, 0.403979, -1.000000, 0.465136, -1.000000
0.300000, 0.430000, 1.470000, 0.595120, 0.406879, -1.000000, 0.469088, -1.000000
0.300000, 0.440000, 1.460000, 0.603680, 0.409786, -1.000000, 0.473044, -1.000000
0.300000, 0.450000, 1.450000, 0.612000, 0.412699, -1.000000, 0.476157, -1.000000
0.300000, 0.460000, 1.440000, 0.620080, 0.415619, -1.000000, 0.476384, -1.000000
0.300000, 0.470000, 1.430000, 0.627920, 0.418544, -1.000000, 0.476611, -1.000000
0.300000, 0.480000, 1.420000, 0.635520, 0.421475, -1.000000, 0.476838, -1.000000
0.300000, 0.490000, 1.410000, 0.642880, 0.424412, -1.000000, 0.477065, -1.000000
0.300000, 0.500000, 1.400000, 0.650000, 0.425215, -1.000000, 0.477291, -1.000000
0.300000, 0.510000, 1.390000, 0.656880, 0.425840, -1.000000, 0.477518, -1.000000
0.300000, 0.520000, 1.380000, 0.663520, 0.426466, -1.000000, 0.477745, -1.000000
0.300000, 0.530000, 1.370000, 0.669920, 0.427091, -1.000000, 0.477972, -1.000000
0.300000, 0.540000, 1.360000, 0.676080, 0.427717, -1.000000, 0.478199, -1.000000
0.300000, 0.550000, 1.350000, 0.682000, 0.428343, -1.000000, 0.478426, -1.000000
0.300000, 0.560000, 1.340000, 0.687680, 0.428932, -1.000000, 0.478653, -1.000000
0.300000, 0.570000, 1.330000, 0.693120, 0.428945, -1.000000, 0.478880, -1.000000
0.300000, 0.580000, 1.320000, 0.698320, 0.428958, -1.000000, 0.479106, -1.000000
0.300000, 0.590000, 1.310000, 0.703280, 0.428971, -1.000000, 0.479333, -1.000000
0.300000, 0.600000, 1.300000, 0.708000, 0.428984, -1.000000, 0.479560, -1.000000
0.300000, 0.610000, 1.290000, 0.712480, 0.428996, -1.000000, 0.479787, -1.000000
0.300000, 0.620000, 1.280000, 0.716720, 0.429009, -1.000000, 0.480014, -1.000000
0.300000, 0.630000, 1.270000, 0.720720, 0.429022, -1.000000, 0.480241, -1.000000
0.300000, 0.640000, 1.260000, 0.724480, 0.429035, -1.000000, 0.480468, -1.000000
0.300000, 0.650000, 1.250000, 0.728000, 0.429047, -1.000000, 0.480695, -1.000000
0.300000, 0.660000, 1.240000, 0.731280, 0.427894, -1.000000, 0.480922, -1.000000
0.300000, 0.670000, 1.230000, 0.734320, 0.426675, -1.000000, 0.481149, -1.000000
0.300000, 0.680000, 1.220000, 0.737120, 0.425456, -1.000000, 0.481376, -1.000000
0.300000, 0.690000, 1.210000, 0.739680, 0.424238, -1.000000, 0.481603, -1.000000
0.300000, 0.700000, 1.200000, 0.742000, 0.423021, -1.000000, 0.481830, -1.000000
0.300000, 0.710000, 1.190000, 0.744080, 0.421805, -1.000000, 0.482057, -1.000000
0.300000, 0.720000, 1.180000, 0.745920, 0.420590, -1.000000, 0.482284, -1.000000
0.300000, 0.730000, 1.170000, 0.747520, 0.419376, -1.000000, 0.482511, -1.000000
0.300000, 0.740000, 1.160000, 0.748880, 0.418163, -1.000000, 0.482738, -1.000000
0.300000, 0.750000, 1.150000, 0.750000, 0.416951, -1.000000, 0.482965, -1.000000
0.300000, 0.760000, 1.140000, 0.750880, 0.415652, -1.000000, 0.482361, -1.000000
0.300000, 0.770000, 1.130000, 0.751520, 0.411551, -1.000000, 0.479572, -1.000000
0.300000, 0.780000, 1.120000, 0.751920, 0.407461, -1.000000, 0.476783, -1.000000
0.300000, 0.790000, 1.110000, 0.752080, 0.403385, -1.000000, 0.473997, -1.000000
0.300000, 0.800000, 1.100001, 0.752000, 0.399321, -1.000000, 0.471212, -1.000000
0.300000, 0.810000, 1.090001, 0.751680, 0.395272, -1.000000, 0.468429, -1.000000
0.300000, 0.820000, 1.080001, 0.751120, 0.391237, -1.000000, 0.465647, -1.000000
0.300000, 0.830000, 1.070001, 0.750320, 0.387216, -1.000000, 0.462868, -1.000000
0.300000, 0.839999, 1.060001, 0.749280, 0.383211, -1.000000, 0.460092, -1.000000
0.300000, 0.849999, 1.050001, 0.748000, 0.379222, -1.000000, 0.457317, -1.000000
0.300000, 0.859999, 1.040001, 0.746480, 0.375249, -1.000000, 0.454546, -1.000000
0.300000, 0.869999, 1.030001, 0.744720, 0.371293, -1.000000, 0.451777, -1.000000
0.300000, 0.879999, 1.020001, 0.742720, 0.367353, -1.000000, 0.449011, -1.000000
0.300000, 0.889999, 1.010001, 0.740480, 0.363432, -1.000000, 0.446248, -1.000000
0.300000, 0.899999, 1.000001, 0.738000, 0.359529, -1.000000, 0.443489, -1.000000
0.300000, 0.909999, 0.990001, 0.735280, 0.355644, -1.000000, 0.440733, -1.000000
0.300000, 0.919999, 0.980001, 0.732320, 0.351778, -1.000000, 0.437981, -1.000000
0.300000, 0.929999, 0.970001, 0.729120, 0.347931, -1.000000, 0.435232, -1.000000
0.300000, 0.939999, 0.960001, 0.725680, 0.344104, -1.000000, 0.432488, -1.000000
0.300000, 0.949999, 0.950001, 0.722000, 0.340297, -1.000000, 0.429747, -1.000000
0.300000, 0.959999, 0.940001, 0.718080, 0.336511, -1.000000, 0.427011, -1.000000
0.300000, 0.969999, 0.930001, 0.713920, 0.332746, -1.000000, 0.424280, -1.000000
0.300000, 0.979999, 0.920001, 0.709520, 0.329001, -1.000000, 0.421553, -1.000000
0.300000, 0.989999, 0.910001, 0.704880, 0.325279, -1.000000, 0.418831, -1.000000
0.300000, 0.999999, 0.900001, 0.700000, 0.321578, -1.000000, 0.416113, -1.000000
0.310000, 0.000000, 1.890000, 0.000000, 0.224683, 0.655365, 0.277780, 0.758689
0.310000, 0.010000, 1.880000, 0.018780, 0.229588, -1.000000, 0.282296, -1.000000
0.310000, 0.020000, 1.870000, 0.037320, 0.234568, -1.000000, 0.286857, -1.000000
0.310000, 0.030000, 1.860000, 0.055620, 0.239622, -1.000000, 0.291461, -1.000000
0.310000, 0.040000, 1.850000, 0.073680, 0.244750, -1.000000, 0.296108, -1.000000
0.310000, 0.050000, 1.840000, 0.091500, 0.249952, -1.000000, 0.300798, -1.000000
0.310000, 0.060000, 1.830000, 0.109080, 0.255227, -1.000000, 0.305530, -1.000000
0.310000, 0.070000, 1.820000, 0.126420, 0.260575, -1.000000, 0.310304, -1.000000
0.310000, 0.080000, 1.810000, 0.143520, 0.265995, -1.000000, 0.315118, -1.000000
0.310000, 0.090000, 1.800000, 0.160380, 0.271486, -1.000000, 0.319972, -1.000000
0.310000, 0.100000, 1.790000, 0.177000, 0.277048, -1.000000, 0.324866, -1.000000
0.310000, 0.110000, 1.780000, 0.193380, 0.282679, -1.000000, 0.329798, -1.000000
0.310000, 0.120000, 1.770000, 0.209520, 0.288379, -1.000000, 0.334768, -1.000000
0.310000, 0.130000, 1.760000, 0.225420, 0.294148, -1.000000, 0.339775, -1.000000
0.310000, 0.140000, 1.750000, 0.241080, 0.299982, -1.000000, 0.344818, -1.000000
0.310000, 0.150000, 1.740000, 0.256500, 0.305883, -1.000000, 0.349896, -1.000000
0.310000, 0.160000, 1.730000, 0.271680, 0.311848, -1.000000, 0.355008, -1.000000
0.310000, 0.170000, 1.720000, 0.286620, 0.317875, -1.000000, 0.360154, -1.000000
0.310000, 0.180000, 1.710000, 0.301320, 0.323916, -1.000000, 0.365331, -1.000000
0.310000, 0.190000, 1.700000, 0.315780, 0.329249, -1.000000, 0.370541, -1.000000
0.310000, 0.200000, 1.690000, 0.330000, 0.334627, -1.000000, 0.375780, -1.000000
0.310000, 0.210000, 1.680000, 0.343980, 0.340049, -1.000000, 0.381049, -1.000000
0.310000, 0.220000, 1.670000, 0.357720, 0.345513, -1.000000, 0.386346, -1.000000
0.310000, 0.230000, 1.660000, 0.371220, 0.350339, -1.000000, 0.391444, -1.000000
0.310000, 0.240000, 1.650000, 0.384480, 0.353082, -1.000000, 0.395232, -1.000000
0.310000, 0.250000, 1.640000, 0.397500, 0.355836, -1.000000, 0.399034, -1.000000
0.310000, 0.260000, 1.630000, 0.410280, 0.358598, -1.000000, 0.402847, -1.000000
0.310000, 0.270000, 1.620000, 0.422820, 0.361371, -1.000000, 0.406672, -1.000000
0.310000, 0.280000, 1.610000, 0.435120, 0.364152, -1.000000, 0.410509, -1.000000
0.310000, 0.290000, 1.600000, 0.447180, 0.366943, -1.000000, 0.414356, -1.000000
0.310000, 0.300000, 1.590000, 0.459000, 0.369742, -1.000000, 0.418214, -1.000000
0.310000, 0.310000, 1.580000, 0.470580, 0.372550, -1.000000, 0.422082, -1.000000
0.310000, 0.320000, 1.570000, 0.481920, 0.375367, -1.000000, 0.425960, -1.000000
0.310000, 0.330000, 1.560000, 0.493020, 0.378193, -1.000000, 0.429847, -1.000000
0.310000, 0.340000, 1.550000, 0.503880, 0.381026, -1.000000, 0.433742, -1.000000
0.310000, 0.350000, 1.540000, 0.514500, 0.383868, -1.000000, 0.437646, -1.000000
0.310000, 0.360000, 1.530000, 0.524880, 0.386718, -1.000000, 0.441557, -1.000000
0.310000, 0.370000, 1.520000, 0.535020, 0.389575, -1.000000, 0.445475, -1.000000
0.310000, 0.380000, 1.510000, 0.544920, 0.392440, -1.000000, 0.449401, -1.000000
0.310000, 0.390000, 1.500000, 0.554580, 0.395313, -1.000000, 0.453332, -1.000000
0.310000, 0.400000, 1.490000, 0.564000, 0.398193, -1.000000, 0.457270, -1.000000
0.310000, 0.410000, 1.480000, 0.573180, 0.401080, -1.000000, 0.461213, -1.000000
0.310000, 0.420000, 1.470000, 0.582120, 0.403973, -1.000000, 0.465161, -1.000000
0.310000, 0.430000, 1.460000, 0.590820, 0.406874, -1.000000, 0.469113, -1.000000
0.310000, 0.440000, 1.450000, 0.599280, 0.409781, -1.000000, 0.473069, -1.000000
0.310000, 0.450000, 1.440000, 0.607500, 0.412694, -1.000000, 0.476114, -1.000000
0.310000, 0.460000, 1.430000, 0.615480, 0.415614, -1.000000, 0.476341, -1.000000
0.310000, 0.470000, 1.420000, 0.623220, 0.418539, -1.000000, 0.476567, -1.000000
0.310000, 0.480000, 1.410000, 0.630720, 0.421470, -1.000000, 0.476794, -1.000000
0.310000, 0.490000, 1.400000, 0.637980, 0.424406, -1.000000, 0.477021, -1.000000
0.310000, 0.500000, 1.390000, 0.645000, 0.425256, -1.000000, 0.477248, -1.000000
0.310000, 0.510000, 1.380000, 0.651780, 0.425881, -1.000000, 0.477475, -1.000000
0.310000, 0.520000, 1.370000, 0.658320, 0.426506, -1.000000, 0.477702, -1.000000
0.310000, 0.530000, 1.360000, 0.664620, 0.427132, -1.000000, 0.477928, -1.000000
0.310000, 0.540000, 1.350000, 0.670680, 0.427758, -1.000000, 0.478155, -1.000000
0.310000, 0.550000, 1.340000, 0.676500, 0.428384, -1.000000, 0.478382, -1.000000
0.310000, 0.560000, 1.330000, 0.682080, 0.428943, -1.000000, 0.478609, -1.000000
0.310000, 0.570000, 1.320000, 0.687420, 0.428955, -1.000000, 0.478836, -1.000000
0.310000, 0.580000, 1.310000, 0.692520, 0.428968, -1.000000, 0.479063, -1.000000
0.310000, 0.590000, 1.300000, 0.697380, 0.428981, -1.000000, 0.479290, -1.000000
0.310000, 0.600000, 1.290000, 0.702000, 0.428994, -1.000000, 0.479517, -1.000000
0.310000, 0.610000, 1.280000, 0.706380, 0.429006, -1.000000, 0.479744, -1.000000
0.310000, 0.620000, 1.270000, 0.710520, 0.429019, -1.000000, 0.479971, -1.000000
0.310000, 0.630000, 1.260000, 0.714420, 0.429032, -1.000000, 0.480198, -1.000000
0.310000, 0.640000, 1.250000, 0.718080, 0.429045, -1.000000, 0.480425, -1.000000
0.310000, 0.650000, 1.240000, 0.721500, 0.429058, -1.000000, 0.480651, -1.000000
0.310000, 0.660000, 1.230000, 0.724680, 0.427942, -1.000000, 0.480878, -1.000000
0.310000, 0.670000, 1.220000, 0.727620, 0.426723, -1.000000, 0.481105, -1.000000
0.310000, 0.680000, 1.210000, 0.730320, 0.425504, -1.000000, 0.481332, -1.000000
0.310000, 0.690000, 1.200000, 0.732780, 0.424286, -1.000000, 0.481559, -1.000000
0.310000, 0.700000, 1.190000, 0.735000, 0.423069, -1.000000, 0.481786, -1.000000
0.310000, 0.710000, 1.180000, 0.736980, 0.421853, -1.000000, 0.482013, -1.000000
0.310000, 0.720000, 1.170000, 0.738720, 0.420638, -1.000000, 0.482240, -1.000000
0.310000, 0.730000, 1.160000, 0.740220, 0.419424, -1.000000, 0.482467, -1.000000
0.310000, 0.740000, 1.150000, 0.741480, 0.418211, -1.000000, 0.482694, -1.000000
0.310000, 0.750000, 1.140000, 0.742500, 0.416998, -1.000000, 0.482922, -1.000000
0.310000, 0.760000, 1.130000, 0.743280, 0.415787, -1.000000, 0.482329, -1.000000
0.310000, 0.770000, 1.120000, 0.743820, 0.411748, -1.000000, 0.479540, -1.000000
0.310000, 0.780000, 1.110000, 0.744120, 0.407658, -1.000000, 0.476752, -1.000000
0.310000, 0.790000, 1.100001, 0.744180, 0.403581, -1.000000, 0.473965, -1.000000
0.310000, 0.800000, 1.090001, 0.744000, 0.399517, -1.000000, 0.471180, -1.000000
0.310000, 0.810000, 1.080001, 0.743580, 0.395466, -1.000000, 0.468397, -1.000000
0.310000, 0.820000, 1.070001, 0.742920, 0.391430, -1.000000, 0.465616, -1.000000
0.310000, 0.830000, 1.060001, 0.742020, 0.387409, -1.000000, 0.462837, -1.000000
0.310000, 0.839999, 1.050001, 0.740880, 0.383404, -1.000000, 0.460060, -1.000000
0.310000, 0.849999, 1.040001, 0.739500, 0.379414, -1.000000, 0.457286, -1.000000
0.310000, 0.859999, 1.030001, 0.737880, 0.375440, -1.000000, 0.454514, -1.000000
0.310000, 0.869999, 1.020001, 0.736020, 0.371483, -1.000000, 0.451745, -1.000000
0.310000, 0.879999, 1.010001, 0.733920, 0.367543, -1.000000, 0.448980, -1.000000
0.310000, 0.889999, 1.000001, 0.731580, 0.363620, -1.000000, 0.446217, -1.000000
0.310000, 0.899999, 0.990001, 0.729000, 0.359716, -1.000000, 0.443457, -1.000000
0.310000, 0.909999, 0.980001, 0.726180, 0.355830, -1.000000, 0.440702, -1.000000
0.310000, 0.919999, 0.970001, 0.723120, 0.351963, -1.000000, 0.437949, -1.000000
0.310000, 0.929999, 0.960001, 0.719820, 0.348116, -1.000000, 0.435201, -1.000000
0.310000, 0.939999, 0.950001, 0.716280, 0.344288, -1.000000, 0.432457, -1.000000
0.310000, 0.949999, 0.940001, 0.712500, 0.340480, -1.000000, 0.429716, -1.000000
0.310000, 0.959999, 0.930001, 0.708480, 0.336693, -1.000000, 0.426980, -1.000000
0.310000, 0.969999, 0.920001, 0.704220, 0.332926, -1.000000, 0.424249, -1.000000
0.310000, 0.979999, 0.910001, 0.699720, 0.329181, -1.000000, 0.421522, -1.000000
0.310000, 0.989999, 0.900001, 0.694980, 0.325458, -1.000000, 0.418800, -1.000000
0.310000, 0.999999, 0.890001, 0.690000, 0.321756, -1.000000, 0.416083, -1.000000
0.320000, 0.000000, 1.880000, 0.000000, 0.224583, 0.655369, 0.277760, 0.758683
0.320000, 0.010000, 1.870000, 0.018680, 0.229487, -1.000000, 0.282276, -1.000000
0.320000, 0.020000, 1.860000, 0.037120, 0.234465, -1.000000, 0.286837, -1.000000
0.320000, 0.030000, 1.850000, 0.055320, 0.239518, -1.000000, 0.291441, -1.000000
0.320000, 0.040000, 1.840000, 0.073280, 0.244645, -1.000000, 0.296088, -1.000000
0.320000, 0.050000, 1.830000, 0.091000, 0.249845, -1.000000, 0.300778, -1.000000
0.320000, 0.060000, 1.820000, 0.108480, 0.255119, -1.000000, 0.305510, -1.000000
0.320000, 0.070000, 1.810000, 0.125720, 0.260465, -1.000000, 0.310283, -1.000000
0.320000, 0.080000, 1.800000, 0.142720, 0.265883, -1.000000, 0.315097, -1.000000
0.320000, 0.090000, 1.790000, 0.159480, 0.271373, -1.000000, 0.319951, -1.000000
0.320000, 0.100000, 1.780000, 0.176000, 0.276934, -1.000000, 0.324844, -1.000000
0.320000, 0.110000, 1.770000, 0.192280, 0.282564, -1.000000, 0.329776, -1.000000
0.320000, 0.120000, 1.760000, 0.208320, 0.288262, -1.000000, 0.334746, -1.000000
0.320000, 0.130000, 1.750000, 0.224120, 0.294029, -1.000000, 0.339753, -1.000000
0.320000, 0.140000, 1.740000, 0.239680, 0.299863, -1.000000, 0.344796, -1.000000
0.320000, 0.150000, 1.730000, 0.255000, 0.305762, -1.000000, 0.349873, -1.000000
0.320000, 0.160000, 1.720000, 0.270080, 0.311725, -1.000000, 0.354986, -1.000000
0.320000, 0.170000, 1.710000, 0.284920, 0.317752, -1.000000, 0.360131, -1.000000
0.320000, 0.180000, 1.700000, 0.299520, 0.323840, -1.000000, 0.365309, -1.000000
0.320000, 0.190000, 1.690000, 0.313880, 0.329196, -1.000000, 0.370518, -1.000000
0.320000, 0.200000, 1.680000, 0.328000, 0.334574, -1.000000, 0.375758, -1.000000
0.320000, 0.210000, 1.670000, 0.341880, 0.339995, -1.000000, 0.381026, -1.000000
0.320000, 0.220000, 1.660000, 0.355520, 0.345458, -1.000000, 0.386323, -1.000000
0.320000, 0.230000, 1.650000, 0.368920, 0.350334, -1.000000, 0.391467, -1.000000
0.320000, 0.240000, 1.640000, 0.382080, 0.353077, -1.000000, 0.395256, -1.000000
0.320000, 0.250000, 1.630000, 0.395000, 0.355831, -1.000000, 0.399057, -1.000000
0.320000, 0.260000, 1.620000, 0.407680, 0.358593, -1.000000, 0.402871, -1.000000
0.320000, 0.270000, 1.610000, 0.420120, 0.361365, -1.000000, 0.406696, -1.000000
0.320000, 0.280000, 1.600000, 0.432320, 0.364147, -1.000000, 0.410533, -1.000000
0.320000, 0.290000, 1.590000, 0.444280, 0.366937, -1.000000, 0.414380, -1.000000
0.320000, 0.300000, 1.580000, 0.456000, 0.369737, -1.000000, 0.418238, -1.000000
0.320000, 0.310000, 1.570000, 0.467480, 0.372545, -1.000000, 0.422106, -1.000000
0.320000, 0.320000, 1.560000, 0.478720, 0.375362, -1.000000, 0.425984, -1.000000
0.320000, 0.330000, 1.550000, 0.489720, 0.378187, -1.000000, 0.429871, -1.000000
0.320000, 0.340000, 1.540000, 0.500480, 0.381021, -1.000000, 0.433766, -1.000000
0.320000, 0.350000, 1.530000, 0.511000, 0.383863, -1.000000, 0.437670, -1.000000
0.320000, 0.360000, 1.520000, 0.521280, 0.386713, -1.000000, 0.441581, -1.000000
0.320000, 0.370000, 1.510000, 0.531320, 0.389570, -1.000000, 0.445500, -1.000000
0.320000, 0.380000, 1.500000, 0.541120, 0.392435, -1.000000, 0.449425, -1.000000
0.320000, 0.390000, 1.490000, 0.550680, 0.395308, -1.000000, 0.453357, -1.000000
0.320000, 0.400000, 1.480000, 0.560000, 0.398188, -1.000000, 0.457295, -1.000000
0.320000, 0.410000, 1.470000, 0.569080, 0.401074, -1.000000, 0.461237, -1.000000
0.320000, 0.420000, 1.460000, 0.577920, 0.403968, -1.000000, 0.465185, -1.000000
0.320000, 0.430000, 1.450000, 0.586520, 0.406869, -1.000000, 0.469137, -1.000000
0.320000, 0.440000, 1.440000, 0.594880, 0.409776, -1.000000, 0.473093, -1.000000
0.320000, 0.450000, 1.430000, 0.603000, 0.412689, -1.000000, 0.476070, -1.000000
0.320000, 0.460000, 1.420000, 0.610880, 0.415608, -1.000000, 0.476297, -1.000000
0.320000, 0.470000, 1.410000, 0.618520, 0.418533, -1.000000, 0.476524, -1.000000
0.320000, 0.480000, 1.400000, 0.625920, 0.421464, -1.000000, 0.476751, -1.000000
0.320000, 0.490000, 1.390000, 0.633080, 0.424401, -1.000000, 0.476978, -1.000000
0.320000, 0.500000, 1.380000, 0.640000, 0.425297, -1.000000, 0.477204, -1.000000
0.320000, 0.510000, 1.370000, 0.646680, 0.425922, -1.000000, 0.477431, -1.000000
0.320000, 0.520000, 1.360000, 0.653120, 0.426547, -1.000000, 0.477658, -1.000000
0.320000, 0.530000, 1.350000, 0.659320, 0.427173, -1.000000, 0.477885, -1.000000
0.320000, 0.540000, 1.340000, 0.665280, 0.427798, -1.000000, 0.478112, -1.000000
0.320000, 0.550000, 1.330000, 0.671000, 0.428424, -1.000000, 0.478339, -1.000000
0.320000, 0.560000, 1.320000, 0.676480, 0.428953, -1.000000, 0.478566, -1.000000
0.320000, 0.570000, 1.310000, 0.681720, 0.428966, -1.000000, 0.478793, -1.000000
0.320000, 0.580000, 1.300000, 0.686720, 0.428978, -1.000000, 0.479019, -1.000000
0.320000, 0.590000, 1.290000, 0.691480, 0.428991, -1.000000, 0.479246, -1.000000
0.320000, 0.600000, 1.280000, 0.696000, 0.429004, -1.000000, 0.479473, -1.000000
0.320000, 0.610000, 1.270000, 0.700280, 0.429017, -1.000000, 0.479700, -1.000000
0.320000, 0.620000, 1.260000, 0.704320, 0.429029, -1.000000, 0.479927, -1.000000
0.320000, 0.630000, 1.250000, 0.708120, 0.429042, -1.000000, 0.480154, -1.000000
0.320000, 0.640000, 1.240000, 0.711680, 0.429055, -1.000000, 0.480381, -1.000000
0.320000, 0.650000, 1.230000, 0.715000, 0.429068, -1.000000, 0.480608, -1.000000
0.320000, 0.660000, 1.220000, 0.718080, 0.427991, -1.000000, 0.480835, -1.000000
0.320000, 0.670000, 1.210000, 0.720920, 0.426771, -1.000000, 0.481062, -1.000000
0.320000, 0.680000, 1.200000, 0.723520, 0.425552, -1.000000, 0.481289, -1.000000
0.320000, 0.690000, 1.190000, 0.725880, 0.424334, -1.000000, 0.481516, -1.000000
0.320000, 0.700000, 1.180000, 0.728000, 0.423117, -1.000000, 0.481743, -1.000000
0.320000, 0.710000, 1.170000, 0.729880, 0.421901, -1.000000, 0.481970, -1.000000
0.320000, 0.720000, 1.160000, 0.731520, 0.420686, -1.000000, 0.482197, -1.000000
0.320000, 0.730000, 1.150000, 0.732920, 0.419472, -1.000000, 0.482424, -1.000000
0.320000, 0.740000, 1.140000, 0.734080, 0.418258, -1.000000, 0.482651, -1.000000
0.320000, 0.750000, 1.130000, 0.735000, 0.417046, -1.000000, 0.482878, -1.000000
0.320000, 0.760000, 1.120000, 0.735680, 0.415835, -1.000000, 0.482297, -1.000000
0.320000, 0.770000, 1.110000, 0.736120, 0.411945, -1.000000, 0.479508, -1.000000
0.320000, 0.780000, 1.100001, 0.736320, 0.407854, -1.000000, 0.476720, -1.000000
0.320000, 0.790000, 1.090001, 0.736280, 0.403776, -1.000000, 0.473933, -1.000000
0.320000, 0.800000, 1.080001, 0.736000, 0.399712, -1.000000, 0.471149, -1.000000
0.320000, 0.810000, 1.070001, 0.735480, 0.395661, -1.000000, 0.468365, -1.000000
0.320000, 0.820000, 1.060001, 0.734720, 0.391624, -1.000000, 0.465584, -1.000000
0.320000, 0.830000, 1.050001, 0.733720, 0.387603, -1.000000, 0.462805, -1.000000
0.320000, 0.839999, 1.040001, 0.732480, 0.383596, -1.000000, 0.460028, -1.000000
0.320000, 0.849999, 1.030001, 0.731000, 0.379605, -1.000000, 0.457254, -1.000000
0.320000, 0.859999, 1.020001, 0.729280, 0.375631, -1.000000, 0.454483, -1.000000
0.320000, 0.869999, 1.010001, 0.727320, 0.371673, -1.000000, 0.451714, -1.000000
0.320000, 0.879999, 1.000001, 0.725120, 0.367732, -1.000000, 0.448948, -1.000000
0.320000, 0.889999, 0.990001, 0.722680, 0.363809, -1.000000, 0.446185, -1.000000
0.320000, 0.899999, 0.980001, 0.720000, 0.359904, -1.000000, 0.443426, -1.000000
0.320000, 0.909999, 0.970001, 0.717080, 0.356017, -1.000000, 0.440670, -1.000000
0.320000, 0.919999, 0.960001, 0.713920, 0.352149, -1.000000, 0.437918, -1.000000
0.320000, 0.929999, 0.950001, 0.710520, 0.348300, -1.000000, 0.435170, -1.000000
0.320000, 0.939999, 0.940001, 0.706880, 0.344472, -1.000000, 0.432425, -1.000000
0.320000, 0.949999, 0.930001, 0.703000, 0.340663, -1.000000, 0.429685, -1.000000
0.320000, 0.959999, 0.920001, 0.698880, 0.336875, -1.000000, 0.426949, -1.000000
0.320000, 0.969999, 0.910001, 0.694520, 0.333107, -1.000000, 0.424218, -1.000000
0.320000, 0.979999, 0.900001, 0.689920, 0.329361, -1.000000, 0.421491, -1.000000
0.320000, 0.989999, 0.890001, 0.685080, 0.325636, -1.000000, 0.418769, -1.000000
0.320000, 0.999999, 0.880001, 0.680000, 0.321934, -1.000000, 0.416052, -1.000000
0.330000, 0.000000, 1.870000, 0.000000, 0.224484, 0.655374, 0.277741, 0.758677
0.330000, 0.010000, 1.860000, 0.018580, 0.229386, -1.000000, 0.282257, -1.000000
0.330000, 0.020000, 1.850000, 0.036920, 0.234363, -1.000000, 0.286817, -1.000000
0.330000, 0.030000, 1.840000, 0.055020, 0.239414, -1.000000, 0.291421, -1.000000
0.330000, 0.040000, 1.830000, 0.072880, 0.244539, -1.000000, 0.296068, -1.000000
0.330000, 0.050000, 1.820000, 0.090500, 0.249738, -1.000000, 0.300757, -1.000000
0.330000, 0.060000, 1.810000, 0.107880, 0.255010, -1.000000, 0.305489, -1.000000
0.330000, 0.070000, 1.800000, 0.125020, 0.260355, -1.000000, 0.310262, -1.000000
0.330000, 0.080000, 1.790000, 0.141920, 0.265772, -1.000000, 0.315076, -1.000000
0.330000, 0.090000, 1.780000, 0.158580, 0.271260, -1.000000, 0.319930, -1.000000
0.330000, 0.100000, 1.770000, 0.175000, 0.276819, -1.000000, 0.324823, -1.000000
0.330000, 0.110000, 1.760000, 0.191180, 0.282448, -1.000000, 0.329755, -1.000000
0.330000, 0.120000, 1.750000, 0.207120, 0.288145, -1.000000, 0.334725, -1.000000
0.330000, 0.130000, 1.740000, 0.222820, 0.293911, -1.000000, 0.339731, -1.000000
0.330000, 0.140000, 1.730000, 0.238280, 0.299743, -1.000000, 0.344774, -1.000000
0.330000, 0.150000, 1.720000, 0.253500, 0.305641, -1.000000, 0.349851, -1.000000
0.330000, 0.160000, 1.710000, 0.268480, 0.311603, -1.000000, 0.354963, -1.000000
0.330000, 0.170000, 1.700000, 0.283220, 0.317628, -1.000000, 0.360109, -1.000000
0.330000, 0.180000, 1.690000, 0.297720, 0.323715, -1.000000, 0.365286, -1.000000
0.330000, 0.190000, 1.680000, 0.311980, 0.329143, -1.000000, 0.370495, -1.000000
0.330000, 0.200000, 1.670000, 0.326000, 0.334521, -1.000000, 0.375735, -1.000000
0.330000, 0.210000, 1.660000, 0.339780, 0.339941, -1.000000, 0.381003, -1.000000
0.330000, 0.220000, 1.650000, 0.353320, 0.345404, -1.000000, 0.386300, -1.000000
0.330000, 0.230000, 1.640000, 0.366620, 0.350329, -1.000000, 0.391491, -1.000000
0.330000, 0.240000, 1.630000, 0.379680, 0.353072, -1.000000, 0.395280, -1.000000
0.330000, 0.250000, 1.620000, 0.392500, 0.355826, -1.000000, 0.399081, -1.000000
0.330000, 0.260000, 1.610000, 0.405080, 0.358588, -1.000000, 0.402895, -1.000000
0.330000, 0.270000, 1.600000, 0.417420, 0.361360, -1.000000, 0.406720, -1.000000
0.330000, 0.280000, 1.590000, 0.429520, 0.364142, -1.000000, 0.410557, -1.000000
0.330000, 0.290000, 1.580000, 0.441380, 0.366932, -1.000000, 0.414404, -1.000000
0.330000, 0.300000, 1.570000, 0.453000, 0.369732, -1.000000, 0.418263, -1.000000
0.330000, 0.310000, 1.560000, 0.464380, 0.372540, -1.000000, 0.422131, -1.000000
0.330000, 0.320000, 1.550000, 0.475520, 0.375357, -1.000000, 0.426008, -1.000000
0.330000, 0.330000, 1.540000, 0.486420, 0.378182, -1.000000, 0.429895, -1.000000
0.330000, 0.340000, 1.530000, 0.497080, 0.381016, -1.000000, 0.433791, -1.000000
0.330000, 0.350000, 1.520000, 0.507500, 0.383858, -1.000000, 0.437694, -1.000000
0.330000, 0.360000, 1.510000, 0.517680, 0.386707, -1.000000, 0.441606, -1.000000
0.330000, 0.370000, 1.500000, 0.527620, 0.389565, -1.000000, 0.445524, -1.000000
0.330000, 0.380000, 1.490000, 0.537320, 0.392430, -1.000000, 0.449450, -1.000000
0.330000, 0.390000, 1.480000, 0.546780, 0.395303, -1.000000, 0.453382, -1.000000
0.330000, 0.400000, 1.470000, 0.556000, 0.398182, -1.000000, 0.457319, -1.000000
0.330000, 0.410000, 1.460000, 0.564980, 0.401069, -1.000000, 0.461262, -1.000000
0.330000, 0.420000, 1.450000, 0.573720, 0.403963, -1.000000, 0.465210, -1.000000
0.330000, 0.430000, 1.440000, 0.582220, 0.406863, -1.000000, 0.469162, -1.000000
0.330000, 0.440000, 1.430000, 0.590480, 0.409770, -1.000000, 0.473118, -1.000000
0.330000, 0.450000, 1.420000, 0.598500, 0.412683, -1.000000, 0.476027, -1.000000
0.330000, 0.460000, 1.410000, 0.606280, 0.415603, -1.000000, 0.476254, -1.000000
0.330000, 0.470000, 1.400000, 0.613820, 0.418528, -1.000000, 0.476481, -1.000000
0.330000, 0.480000, 1.390000, 0.621120, 0.421459, -1.000000, 0.476707, -1.000000
0.330000, 0.490000, 1.380000, 0.628180, 0.424396, -1.000000, 0.476934, -1.000000
0.330000, 0.500000, 1.370000, 0.635000, 0.425337, -1.000000, 0.477161, -1.000000
0.330000, 0.510000, 1.360000, 0.641580, 0.425962, -1.000000, 0.477388, -1.000000
0.330000, 0.520000, 1.350000, 0.647920, 0.426588, -1.000000, 0.477615, -1.000000
0.330000, 0.530000, 1.340000, 0.654020, 0.427213, -1.000000, 0.477841, -1.000000
0.330000, 0.540000, 1.330000, 0.659880, 0.427839, -1.000000, 0.478068, -1.000000
0.330000, 0.550000, 1.320000, 0.665500, 0.428465, -1.000000, 0.478295, -1.000000
0.330000, 0.560000, 1.310000, 0.670880, 0.428963, -1.000000, 0.478522, -1.000000
0.330000, 0.570000, 1.300000, 0.676020, 0.428976, -1.000000, 0.478749, -1.000000
0.330000, 0.580000, 1.290000, 0.680920, 0.428988, -1.000000, 0.478976, -1.000000
0.330000, 0.590000, 1.280000, 0.685580, 0.429001, -1.000000, 0.479203, -1.000000
0.330000, 0.600000, 1.270000, 0.690000, 0.429014, -1.000000, 0.479430, -1.000000
0.330000, 0.610000, 1.260000, 0.694180, 0.429027, -1.000000, 0.479657, -1.000000
0.330000, 0.620000, 1.250000, 0.698120, 0.429040, -1.000000, 0.479884, -1.000000
0.330000, 0.630000, 1.240000, 0.701820, 0.429052, -1.000000, 0.480111, -1.000000
0.330000, 0.640000, 1.230000, 0.705280, 0.429065, -1.000000, 0.480337, -1.000000
0.330000, 0.650000, 1.220000, 0.708500, 0.429078, -1.000000, 0.480564, -1.000000
0.330000, 0.660000, 1.210000, 0.711480, 0.428039, -1.000000, 0.480791, -1.000000
0.330000, 0.670000, 1.200000, 0.714220, 0.426819, -1.000000, 0.481018, -1.000000
0.330000, 0.680000, 1.190000, 0.716720, 0.425600, -1.000000, 0.481245, -1.000000
0.330000, 0.690000, 1.180000, 0.718980, 0.424382, -1.000000, 0.481472, -1.000000
0.330000, 0.700000, 1.170000, 0.721000, 0.423165, -1.000000, 0.481699, -1.000000
0.330000, 0.710000, 1.160000, 0.722780, 0.421949, -1.000000, 0.481926, -1.000000
0.330000, 0.720000, 1.150000, 0.724320, 0.420734, -1.000000, 0.482153, -1.000000
0.330000, 0.730000, 1.140000, 0.725620, 0.419519, -1.000000, 0.482380, -1.000000
0.330000, 0.740000, 1.130000, 0.726680, 0.418306, -1.000000, 0.482607, -1.000000
0.330000, 0.750000, 1.120000, 0.727500, 0.417094, -1.000000, 0.482834, -1.000000
0.330000, 0.760000, 1.110000, 0.728080, 0.415883, -1.000000, 0.482266, -1.000000
0.330000, 0.770000, 1.100001, 0.728420, 0.412142, -1.000000, 0.479476, -1.000000
0.330000, 0.780000, 1.090001, 0.728520, 0.408051, -1.000000, 0.476688, -1.000000
0.330000, 0.790000, 1.080001, 0.728380, 0.403972, -1.000000, 0.473902, -1.000000
0.330000, 0.800000, 1.070001, 0.728000, 0.399907, -1.000000, 0.471117, -1.000000
0.330000, 0.810000, 1.060001, 0.727380, 0.395856, -1.000000, 0.468334, -1.000000
0.330000, 0.820000, 1.050001, 0.726520, 0.391818, -1.000000, 0.465553, -1.000000
0.330000, 0.830000, 1.040001, 0.725420, 0.387796, -1.000000, 0.462774, -1.000000
0.330000, 0.839999, 1.030001, 0.724080, 0.383788, -1.000000, 0.459997, -1.000000
0.330000, 0.849999, 1.020001, 0.722500, 0.379797, -1.000000, 0.457223, -1.000000
0.330000, 0.859999, 1.010001, 0.720680, 0.375822, -1.000000, 0.454451, -1.000000
0.330000, 0.869999, 1.000001, 0.718620, 0.371863, -1.000000, 0.451682, -1.000000
0.330000, 0.879999, 0.990001, 0.716320, 0.367921, -1.000000, 0.448917, -1.000000
0.330000, 0.889999, 0.980001, 0.713780, 0.363997, -1.000000, 0.446154, -1.000000
0.330000, 0.899999, 0.970001, 0.711000, 0.360091, -1.000000, 0.443395, -1.000000
0.330000, 0.909999, 0.960001, 0.707980, 0.356203, -1.000000, 0.440639, -1.000000
0.330000, 0.919999, 0.950001, 0.704720, 0.352335, -1.000000, 0.437887, -1.000000
0.330000, 0.929999, 0.940001, 0.701220, 0.348485, -1.000000, 0.435138, -1.000000
0.330000, 0.939999, 0.930001, 0.697480, 0.344655, -1.000000, 0.432394, -1.000000
0.330000, 0.949999, 0.920001, 0.693500, 0.340846, -1.000000, 0.429654, -1.000000
0.330000, 0.959999, 0.910001, 0.689280, 0.337056, -1.000000, 0.426918, -1.000000
0.330000, 0.969999, 0.900001, 0.684820, 0.333288, -1.000000, 0.424187, -1.000000
0.330000, 0.979999, 0.890001, 0.680120, 0.329541, -1.000000, 0.421460, -1.000000
0.330000, 0.989999, 0.880001, 0.675180, 0.325815, -1.000000, 0.418738, -1.000000
0.330000, 0.999999, 0.870001, 0.670000, 0.322111, -1.000000, 0.416021, -1.000000
0.340000, 0.000000, 1.860000, 0.000000, 0.224385, 0.655379, 0.277721, 0.758671
0.340000, 0.010000, 1.850000, 0.018480, 0.229285, -1.000000, 0.282237, -1.000000
0.340000, 0.020000, 1.840000, 0.036720, 0.234261, -1.000000, 0.286797, -1.000000
0.340000, 0.030000, 1.830000, 0.054720, 0.239310, -1.000000, 0.291400, -1.000000
0.340000, 0.040000, 1.820000, 0.072480, 0.244434, -1.000000, 0.296047, -1.000000
0.340000, 0.050000, 1.810000, 0.090000, 0.249631, -1.000000, 0.300737, -1.000000
0.340000, 0.060000, 1.800000, 0.107280, 0.254902, -1.000000, 0.305468, -1.000000
0.340000, 0.070000, 1.790000, 0.124320, 0.260245, -1.000000, 0.310241, -1.000000
0.340000, 0.080000, 1.780000, 0.141120, 0.265661, -1.000000, 0.315055, -1.000000
0.340000, 0.090000, 1.770000, 0.157680, 0.271148, -1.000000, 0.319909, -1.000000
0.340000, 0.100000, 1.760000, 0.174000, 0.276705, -1.000000, 0.324802, -1.000000
0.340000, 0.110000, 1.750000, 0.190080, 0.282332, -1.000000, 0.329733, -1.000000
0.340000, 0.120000, 1.740000, 0.205920, 0.288028, -1.000000, 0.334703, -1.000000
0.340000, 0.130000, 1.730000, 0.221520, 0.293792, -1.000000, 0.339709, -1.000000
0.340000, 0.140000, 1.720000, 0.236880, 0.299623, -1.000000, 0.344752, -1.000000
0.340000, 0.150000, 1.710000, 0.252000, 0.305520, -1.000000, 0.349829, -1.000000
0.340000, 0.160000, 1.700000, 0.266880, 0.311480, -1.000000, 0.354941, -1.000000
0.340000, 0.170000, 1.690000, 0.281520, 0.317504, -1.000000, 0.360086, -1.000000
0.340000, 0.180000, 1.680000, 0.295920, 0.323590, -1.000000, 0.365264, -1.000000
0.340000, 0.190000, 1.670000, 0.310080, 0.329090, -1.000000, 0.370473, -1.000000
0.340000, 0.200000, 1.660000, 0.324000, 0.334467, -1.000000, 0.375712, -1.000000
0.340000, 0.210000, 1.650000, 0.337680, 0.339887, -1.000000, 0.380980, -1.000000
0.340000, 0.220000, 1.640000, 0.351120, 0.345350, -1.000000, 0.386277, -1.000000
0.340000, 0.230000, 1.630000, 0.364320, 0.350324, -1.000000, 0.391515, -1.000000
0.340000, 0.240000, 1.620000, 0.377280, 0.353067, -1.000000, 0.395304, -1.000000
0.340000, 0.250000, 1.610000, 0.390000, 0.355820, -1.000000, 0.399105, -1.000000
0.340000, 0.260000, 1.600000, 0.402480, 0.358583, -1.000000, 0.402919, -1.000000
0.340000, 0.270000, 1.590000, 0.414720, 0.361355, -1.000000, 0.406744, -1.000000
0.340000, 0.280000, 1.580000, 0.426720, 0.364137, -1.000000, 0.410581, -1.000000
0.340000, 0.290000, 1.570000, 0.438480, 0.366927, -1.000000, 0.414429, -1.000000
0.340000, 0.300000, 1.560000, 0.450000, 0.369727, -1.000000, 0.418287, -1.000000
0.340000, 0.310000, 1.550000, 0.461280, 0.372535, -1.000000, 0.422155, -1.000000
0.340000, 0.320000, 1.540000, 0.472320, 0.375352, -1.000000, 0.426033, -1.000000
0.340000, 0.330000, 1.530000, 0.483120, 0.378177, -1.000000, 0.429919, -1.000000
0.340000, 0.340000, 1.520000, 0.493680, 0.381011, -1.000000, 0.433815, -1.000000
0.340000, 0.350000, 1.510000, 0.504000, 0.383852, -1.000000, 0.437719, -1.000000
0.340000, 0.360000, 1.500000, 0.514080, 0.386702, -1.000000, 0.441630, -1.000000
0.340000, 0.370000, 1.490000, 0.523920, 0.389560, -1.000000, 0.445549, -1.000000
0.340000, 0.380000, 1.480000, 0.533520, 0.392425, -1.000000, 0.449474, -1.000000
0.340000, 0.390000, 1.470000, 0.542880, 0.395297, -1.000000, 0.453406, -1.000000
0.340000, 0.400000, 1.460000, 0.552000, 0.398177, -1.000000, 0.457344, -1.000000
0.340000, 0.410000, 1.450000, 0.560880, 0.401064, -1.000000, 0.461287, -1.000000
0.340000, 0.420000, 1.440000, 0.569520, 0.403958, -1.000000, 0.465235, -1.000000
0.340000, 0.430000, 1.430000, 0.577920, 0.406858, -1.000000, 0.469187, -1.000000
0.340000, 0.440000, 1.420000, 0.586080, 0.409765, -1.000000, 0.473143, -1.000000
0.340000, 0.450000, 1.410000, 0.594000, 0.412678, -1.000000, 0.475983, -1.000000
0.340000, 0.460000, 1.400000, 0.601680, 0.415597, -1.000000, 0.476210, -1.000000
0.340000, 0.470000, 1.390000, 0.609120, 0.418523, -1.000000, 0.476437, -1.000000
0.340000, 0.480000, 1.380000, 0.616320, 0.421454, -1.000000, 0.476664, -1.000000
0.340000, 0.490000, 1.370000, 0.623280, 0.424390, -1.000000, 0.476891, -1.000000
0.340000, 0.500000, 1.360000, 0.630000, 0.425378, -1.000000, 0.477118, -1.000000
0.340000, 0.510000, 1.350000, 0.636480, 0.426003, -1.000000, 0.477344, -1.000000
0.340000, 0.520000, 1.340000, 0.642720, 0.426628, -1.000000, 0.477571, -1.000000
0.340000, 0.530000, 1.330000, 0.648720, 0.427254, -1.000000, 0.477798, -1.000000
0.340000, 0.540000, 1.320000, 0.654480, 0.427880, -1.000000, 0.478025, -1.000000
0.340000, 0.550000, 1.310000, 0.660000, 0.428506, -1.000000, 0.478252, -1.000000
0.340000, 0.560000, 1.300000, 0.665280, 0.428973, -1.000000, 0.478479, -1.000000
0.340000, 0.570000, 1.290000, 0.670320, 0.428986, -1.000000, 0.478706, -1.000000
0.340000, 0.580000, 1.280000, 0.675120, 0.428999, -1.000000, 0.478932, -1.000000
0.340000, 0.590000, 1.270000, 0.679680, 0.429011, -1.000000, 0.479159, -1.000000
0.340000, 0.600000, 1.260000, 0.684000, 0.429024, -1.000000, 0.479386, -1.000000
0.340000, 0.610000, 1.250000, 0.688080, 0.429037, -1.000000, 0.479613, -1.000000
0.340000, 0.620000, 1.240000, 0.691920, 0.429050, -1.000000, 0.479840, -1.000000
0.340000, 0.630000, 1.230000, 0.695520, 0.429062, -1.000000, 0.480067, -1.000000
0.340000, 0.640000, 1.220000, 0.698880, 0.429075, -1.000000, 0.480294, -1.000000
0.340000, 0.650000, 1.210000, 0.702000, 0.429088, -1.000000, 0.480521, -1.000000
0.340000, 0.660000, 1.200000, 0.704880, 0.428087, -1.000000, 0.480748, -1.000000
0.340000, 0.670000, 1.190000, 0.707520, 0.426867, -1.000000, 0.480975, -1.000000
0.340000, 0.680000, 1.180000, 0.709920, 0.425648, -1.000000, 0.481202, -1.000000
0.340000, 0.690000, 1.170000, 0.712080, 0.424430, -1.000000, 0.481429, -1.000000
0.340000, 0.700000, 1.160000, 0.714000, 0.423213, -1.000000, 0.481656, -1.000000
0.340000, 0.710000, 1.150000, 0.715680, 0.421997, -1.000000, 0.481883, -1.000000
0.340000, 0.720000, 1.140000, 0.717120, 0.420782, -1.000000, 0.482110, -1.000000
0.340000, 0.730000, 1.130000, 0.718320, 0.419567, -1.000000, 0.482337, -1.000000
0.340000, 0.740000, 1.120000, 0.719280, 0.418354, -1.000000, 0.482564, -1.000000
0.340000, 0.750000, 1.110000, 0.720000, 0.417142, -1.000000, 0.482791, -1.000000
0.340000, 0.760000, 1.100001, 0.720480, 0.415930, -1.000000, 0.482234, -1.000000
0.340000, 0.770000, 1.090001, 0.720720, 0.412339, -1.000000, 0.479445, -1.000000
0.340000, 0.780000, 1.080001, 0.720720, 0.408248, -1.000000, 0.476657, -1.000000
0.340000, 0.790000, 1.070001, 0.720480, 0.404169, -1.000000, 0.473870, -1.000000
0.340000, 0.800000, 1.060001, 0.720000, 0.400103, -1.000000, 0.471085, -1.000000
0.340000, 0.810000, 1.050001, 0.719280, 0.396050, -1.000000, 0.468302, -1.000000
0.340000, 0.820000, 1.040001, 0.718320, 0.392012, -1.000000, 0.465521, -1.000000
0.340000, 0.830000, 1.030001, 0.717120, 0.387989, -1.000000, 0.462742, -1.000000
0.340000, 0.839999, 1.020001, 0.715680, 0.383981, -1.000000, 0.459965, -1.000000
0.340000, 0.849999, 1.010001, 0.714000, 0.379989, -1.000000, 0.457191, -1.000000
0.340000, 0.859999, 1.000001, 0.712080, 0.376012, -1.000000, 0.454420, -1.000000
0.340000, 0.869999, 0.990001, 0.709920, 0.372053, -1.000000, 0.451651, -1.000000
0.340000, 0.879999, 0.980001, 0.707520, 0.368110, -1.000000, 0.448885, -1.000000
0.340000, 0.889999, 0.970001, 0.704880, 0.364186, -1.000000, 0.446123, -1.000000
0.340000, 0.899999, 0.960001, 0.702000, 0.360279, -1.000000, 0.443363, -1.000000
0.340000, 0.909999, 0.950001, 0.698880, 0.356390, -1.000000, 0.440608, -1.000000
0.340000, 0.919999, 0.940001, 0.695520, 0.352520, -1.000000, 0.437855, -1.000000
0.340000, 0.929999, 0.930001, 0.691920, 0.348670, -1.000000, 0.435107, -1.000000
0.340000, 0.939999, 0.920001, 0.688080, 0.344839, -1.000000, 0.432363, -1.000000
0.340000, 0.949999, 0.910001, 0.684000, 0.341029, -1.000000, 0.429623, -1.000000
0.340000, 0.959999, 0.900001, 0.679680, 0.337238, -1.000000, 0.426887, -1.000000
0.340000, 0.969999, 0.890001, 0.675120, 0.333469, -1.000000, 0.424156, -1.000000
0.340000, 0.979999, 0.880001, 0.670320, 0.329721, -1.000000, 0.421429, -1.000000
0.340000, 0.989999, 0.870001, 0.665280, 0.325994, -1.000000, 0.418707, -1.000000
0.340000, 0.999999, 0.860001, 0.660000, 0.322289, -1.000000, 0.415990, -1.000000
0.350000, 0.000000, 1.850000, 0.000000, 0.224286, 0.655383, 0.277702, 0.758665
0.350000, 0.010000, 1.840000, 0.018380, 0.229185, -1.000000, 0.282217, -1.000000
0.350000, 0.020000, 1.830000, 0.036520, 0.234158, -1.000000, 0.286777, -1.000000
0.350000, 0.030000, 1.820000, 0.054420, 0.239206, -1.000000, 0.291380, -1.000000
0.350000, 0.040000, 1.810000, 0.072080, 0.244329, -1.000000, 0.296027, -1.000000
0.350000, 0.050000, 1.800000, 0.089500, 0.249525, -1.000000, 0.300716, -1.000000
0.350000, 0.060000, 1.790000, 0.106680, 0.254794, -1.000000, 0.305448, -1.000000
0.350000, 0.070000, 1.780000, 0.123620, 0.260136, -1.000000, 0.310220, -1.000000
0.350000, 0.080000, 1.770000, 0.140320, 0.265550, -1.000000, 0.315034, -1.000000
0.350000, 0.090000, 1.760000, 0.156780, 0.271035, -1.000000, 0.319888, -1.000000
0.350000, 0.100000, 1.750000, 0.173000, 0.276591, -1.000000, 0.324780, -1.000000
0.350000, 0.110000, 1.740000, 0.188980, 0.282217, -1.000000, 0.329712, -1.000000
0.350000, 0.120000, 1.730000, 0.204720, 0.287912, -1.000000, 0.334681, -1.000000
0.350000, 0.130000, 1.720000, 0.220220, 0.293674, -1.000000, 0.339687, -1.000000
0.350000, 0.140000, 1.710000, 0.235480, 0.299504, -1.000000, 0.344730, -1.000000
0.350000, 0.150000, 1.700000, 0.250500, 0.305399, -1.000000, 0.349807, -1.000000
0.350000, 0.160000, 1.690000, 0.265280, 0.311358, -1.000000, 0.354919, -1.000000
0.350000, 0.170000, 1.680000, 0.279820, 0.317381, -1.000000, 0.360064, -1.000000
0.350000, 0.180000, 1.670000, 0.294120, 0.323465, -1.000000, 0.365241, -1.000000
0.350000, 0.190000, 1.660000, 0.308180, 0.329038, -1.000000, 0.370450, -1.000000
0.350000, 0.200000, 1.650000, 0.322000, 0.334414, -1.000000, 0.375689, -1.000000
0.350000, 0.210000, 1.640000, 0.335580, 0.339834, -1.000000, 0.380957, -1.000000
0.350000, 0.220000, 1.630000, 0.348920, 0.345296, -1.000000, 0.386254, -1.000000
0.350000, 0.230000, 1.620000, 0.362020, 0.350319, -1.000000, 0.391538, -1.000000
0.350000, 0.240000, 1.610000, 0.374880, 0.353062, -1.000000, 0.395327, -1.000000
0.350000, 0.250000, 1.600000, 0.387500, 0.355815, -1.000000, 0.399129, -1.000000
0.350000, 0.260000, 1.590000, 0.399880, 0.358578, -1.000000, 0.402942, -1.000000
0.350000, 0.270000, 1.580000, 0.412020, 0.361350, -1.000000, 0.406768, -1.000000
0.350000, 0.280000, 1.570000, 0.423920, 0.364132, -1.000000, 0.410605, -1.000000
0.350000, 0.290000, 1.560000, 0.435580, 0.366922, -1.000000, 0.414453, -1.000000
0.350000, 0.300000, 1.550000, 0.447000, 0.369722, -1.000000, 0.418311, -1.000000
0.350000, 0.310000, 1.540000, 0.458180, 0.372530, -1.000000, 0.422179, -1.000000
0.350000, 0.320000, 1.530000, 0.469120, 0.375347, -1.000000, 0.426057, -1.000000
0.350000, 0.330000, 1.520000, 0.479820, 0.378172, -1.000000, 0.429944, -1.000000
0.350000, 0.340000, 1.510000, 0.490280, 0.381005, -1.000000, 0.433839, -1.000000
0.350000, 0.350000, 1.500000, 0.500500, 0.383847, -1.000000, 0.437743, -1.000000
0.350000, 0.360000, 1.490000, 0.510480, 0.386697, -1.000000, 0.441655, -1.000000
0.350000, 0.370000, 1.480000, 0.520220, 0.389554, -1.000000, 0.445573, -1.000000
0.350000, 0.380000, 1.470000, 0.529720, 0.392419, -1.000000, 0.449499, -1.000000
0.350000, 0.390000, 1.460000, 0.538980, 0.395292, -1.000000, 0.453431, -1.000000
0.350000, 0.400000, 1.450000, 0.548000, 0.398172, -1.000000, 0.457368, -1.000000
0.350000, 0.410000, 1.440000, 0.556780, 0.401059, -1.000000, 0.461311, -1.000000
0.350000, 0.420000, 1.430000, 0.565320, 0.403952, -1.000000, 0.465259, -1.000000
0.350000, 0.430000, 1.420000, 0.573620, 0.406853, -1.000000, 0.469211, -1.000000
0.350000, 0.440000, 1.410000, 0.581680, 0.409759, -1.000000, 0.473167, -1.000000
0.350000, 0.450000, 1.400000, 0.589500, 0.412673, -1.000000, 0.475940, -1.000000
0.350000, 0.460000, 1.390000, 0.597080, 0.415592, -1.000000, 0.476167, -1.000000
0.350000, 0.470000, 1.380000, 0.604420, 0.418517, -1.000000, 0.476394, -1.000000
0.350000, 0.480000, 1.370000, 0.611520, 0.421448, -1.000000, 0.476620, -1.000000
0.350000, 0.490000, 1.360000, 0.618380, 0.424385, -1.000000, 0.476847, -1.000000
0.350000, 0.500000, 1.350000, 0.625000, 0.425419, -1.000000, 0.477074, -1.000000
0.350000, 0.510000, 1.340000, 0.631380, 0.426044, -1.000000, 0.477301, -1.000000
0.350000, 0.520000, 1.330000, 0.637520, 0.426669, -1.000000, 0.477528, -1.000000
0.350000, 0.530000, 1.320000, 0.643420, 0.427295, -1.000000, 0.477755, -1.000000
0.350000, 0.540000, 1.310000, 0.649080, 0.427921, -1.000000, 0.477981, -1.000000
0.350000, 0.550000, 1.300000, 0.654500, 0.428547, -1.000000, 0.478208, -1.000000
0.350000, 0.560000, 1.290000, 0.659680, 0.428983, -1.000000, 0.478435, -1.000000
0.350000, 0.570000, 1.280000, 0.664620, 0.428996, -1.000000, 0.478662, -1.000000
0.350000, 0.580000, 1.270000, 0.669320, 0.429009, -1.000000, 0.478889, -1.000000
0.350000, 0.590000, 1.260000, 0.673780, 0.429022, -1.000000, 0.479116, -1.000000
0.350000, 0.600000, 1.250000, 0.678000, 0.429034, -1.000000, 0.479343, -1.000000
0.350000, 0.610000, 1.240000, 0.681980, 0.429047, -1.000000, 0.479570, -1.000000
0.350000, 0.620000, 1.230000, 0.685720, 0.429060, -1.000000, 0.479797, -1.000000
0.350000, 0.630000, 1.220000, 0.689220, 0.429073, -1.000000, 0.480024, -1.000000
0.350000, 0.640000, 1.210000, 0.692480, 0.429085, -1.000000, 0.480251, -1.000000
0.350000, 0.650000, 1.200000, 0.695500, 0.429098, -1.000000, 0.480477, -1.000000
0.350000, 0.660000, 1.190000, 0.698280, 0.428135, -1.000000, 0.480704, -1.000000
0.350000, 0.670000, 1.180000, 0.700820, 0.426915, -1.000000, 0.480931, -1.000000
0.350000, 0.680000, 1.170000, 0.703120, 0.425696, -1.000000, 0.481158, -1.000000
0.350000, 0.690000, 1.160000, 0.705180, 0.424478, -1.000000, 0.481385, -1.000000
0.350000, 0.700000, 1.150000, 0.707000, 0.423261, -1.000000, 0.481612, -1.000000
0.350000, 0.710000, 1.140000, 0.708580, 0.422045, -1.000000, 0.481839, -1.000000
0.350000, 0.720000, 1.130000, 0.709920, 0.420829, -1.000000, 0.482066, -1.000000
0.350000, 0.730000, 1.120000, 0.711020, 0.419615, -1.000000, 0.482293, -1.000000
0.350000, 0.740000, 1.110000, 0.711880, 0.418402, -1.000000, 0.482520, -1.000000
0.350000, 0.750000, 1.100001, 0.712500, 0.417190, -1.000000, 0.482747, -1.000000
0.350000, 0.760000, 1.090001, 0.712880, 0.415978, -1.000000, 0.482202, -1.000000
0.350000, 0.770000, 1.080001, 0.713020, 0.412537, -1.000000, 0.479413, -1.000000
0.350000, 0.780000, 1.070001, 0.712920, 0.408444, -1.000000, 0.476625, -1.000000
0.350000, 0.790000, 1.060001, 0.712580, 0.404365, -1.000000, 0.473838, -1.000000
0.350000, 0.800000, 1.050001, 0.712000, 0.400298, -1.000000, 0.471053, -1.000000
0.350000, 0.810000, 1.040001, 0.711180, 0.396245, -1.000000, 0.468270, -1.000000
0.350000, 0.820000, 1.030001, 0.710120, 0.392206, -1.000000, 0.465489, -1.000000
0.350000, 0.830000, 1.020001, 0.708820, 0.388182, -1.000000, 0.462710, -1.000000
0.350000, 0.839999, 1.010001, 0.707280, 0.384174, -1.000000, 0.459934, -1.000000
0.350000, 0.849999, 1.000001, 0.705500, 0.380180, -1.000000, 0.457160, -1.000000
0.350000, 0.859999, 0.990001, 0.703480, 0.376203, -1.000000, 0.454388, -1.000000
0.350000, 0.869999, 0.980001, 0.701220, 0.372243, -1.000000, 0.451619, -1.000000
0.350000, 0.879999, 0.970001, 0.698720, 0.368300, -1.000000, 0.448854, -1.000000
0.350000, 0.889999, 0.960001, 0.695980, 0.364374, -1.000000, 0.446091, -1.000000
0.350000, 0.899999, 0.950001, 0.693000, 0.360466, -1.000000, 0.443332, -1.000000
0.350000, 0.909999, 0.940001, 0.689780, 0.356577, -1.000000, 0.440576, -1.000000
0.350000, 0.919999, 0.930001, 0.686320, 0.352706, -1.000000, 0.437824, -1.000000
0.350000, 0.929999, 0.920001, 0.682620, 0.348855, -1.000000, 0.435076, -1.000000
0.350000, 0.939999, 0.910001, 0.678680, 0.345023, -1.000000, 0.432332, -1.000000
0.350000, 0.949999, 0.900001, 0.674500, 0.341212, -1.000000, 0.429592, -1.000000
0.350000, 0.959999, 0.890001, 0.670080, 0.337420, -1.000000, 0.426856, -1.000000
0.350000, 0.969999, 0.880001, 0.665420, 0.333650, -1.000000, 0.424125, -1.000000
0.350000, 0.979999, 0.870001, 0.660520, 0.329901, -1.000000, 0.421398, -1.000000
0.350000, 0.989999, 0.860001, 0.655380, 0.326173, -1.000000, 0.418676, -1.000000
0.350000, 0.999999, 0.850001, 0.650000, 0.322467, -1.000000, 0.415959, -1.000000
0.360000, 0.000000, 1.840000, 0.000000, 0.224186, 0.655388, 0.277682, 0.758659
0.360000, 0.010000, 1.830000, 0.018280, 0.229084, -1.000000, 0.282198, -1.000000
0.360000, 0.020000, 1.820000, 0.036320, 0.234056, -1.000000, 0.286757, -1.000000
0.360000, 0.030000, 1.810000, 0.054120, 0.239103, -1.000000, 0.291360, -1.000000
0.360000, 0.040000, 1.800000, 0.071680, 0.244223, -1.000000, 0.296007, -1.000000
0.360000, 0.050000, 1.790000, 0.089000, 0.249418, -1.000000, 0.300696, -1.000000
0.360000, 0.060000, 1.780000, 0.106080, 0.254685, -1.000000, 0.305427, -1.000000
0.360000, 0.070000, 1.770000, 0.122920, 0.260026, -1.000000, 0.310200, -1.000000
0.360000, 0.080000, 1.760000, 0.139520, 0.265438, -1.000000, 0.315013, -1.000000
0.360000, 0.090000, 1.750000, 0.155880, 0.270922, -1.000000, 0.319866, -1.000000
0.360000, 0.100000, 1.740000, 0.172000, 0.276477, -1.000000, 0.324759, -1.000000
0.360000, 0.110000, 1.730000, 0.187880, 0.282101, -1.000000, 0.329690, -1.000000
0.360000, 0.120000, 1.720000, 0.203520, 0.287795, -1.000000, 0.334659, -1.000000
0.360000, 0.130000, 1.710000, 0.218920, 0.293556, -1.000000, 0.339666, -1.000000
0.360000, 0.140000, 1.700000, 0.234080, 0.299384, -1.000000, 0.344708, -1.000000
0.360000, 0.150000, 1.690000, 0.249000, 0.305278, -1.000000, 0.349785, -1.000000
0.360000, 0.160000, 1.680000, 0.263680, 0.311236, -1.000000, 0.354896, -1.000000
0.360000, 0.170000, 1.670000, 0.278120, 0.317257, -1.000000, 0.360041, -1.000000
0.360000, 0.180000, 1.660000, 0.292320, 0.323341, -1.000000, 0.365219, -1.000000
0.360000, 0.190000, 1.650000, 0.306280, 0.328985, -1.000000, 0.370427, -1.000000
0.360000, 0.200000, 1.640000, 0.320000, 0.334360, -1.000000, 0.375666, -1.000000
0.360000, 0.210000, 1.630000, 0.333480, 0.339780, -1.000000, 0.380934, -1.000000
0.360000, 0.220000, 1.620000, 0.346720, 0.345241, -1.000000, 0.386231, -1.000000
0.360000, 0.230000, 1.610000, 0.359720, 0.350314, -1.000000, 0.391554, -1.000000
0.360000, 0.240000, 1.600000, 0.372480, 0.353057, -1.000000, 0.395351, -1.000000
0.360000, 0.250000, 1.590000, 0.385000, 0.355810, -1.000000, 0.399152, -1.000000
0.360000, 0.260000, 1.580000, 0.397280, 0.358573, -1.000000, 0.402966, -1.000000
0.360000, 0.270000, 1.570000, 0.409320, 0.361345, -1.000000, 0.406792, -1.000000
0.360000, 0.280000, 1.560000, 0.421120, 0.364127, -1.000000, 0.410629, -1.000000
0.360000, 0.290000, 1.550000, 0.432680, 0.366917, -1.000000, 0.414477, -1.000000
0.360000, 0.300000, 1.540000, 0.444000, 0.369716, -1.000000, 0.418335, -1.000000
0.360000, 0.310000, 1.530000, 0.455080, 0.372525, -1.000000, 0.422203, -1.000000
0.360000, 0.320000, 1.520000, 0.465920, 0.375341, -1.000000, 0.426081, -1.000000
0.360000, 0.330000, 1.510000, 0.476520, 0.378167, -1.000000, 0.429968, -1.000000
0.360000, 0.340000, 1.500000, 0.486880, 0.381000, -1.000000, 0.433864, -1.000000
0.360000, 0.350000, 1.490000, 0.497000, 0.383842, -1.000000, 0.437768, -1.000000
0.360000, 0.360000, 1.480000, 0.506880, 0.386692, -1.000000, 0.441679, -1.000000
0.360000, 0.370000, 1.470000, 0.516520, 0.389549, -1.000000, 0.445598, -1.000000
0.360000, 0.380000, 1.460000, 0.525920, 0.392414, -1.000000, 0.449523, -1.000000
0.360000, 0.390000, 1.450000, 0.535080, 0.395287, -1.000000, 0.453455, -1.000000
0.360000, 0.400000, 1.440000, 0.544000, 0.398166, -1.000000, 0.457393, -1.000000
0.360000, 0.410000, 1.430000, 0.552680, 0.401053, -1.000000, 0.461336, -1.000000
0.360000, 0.420000, 1.420000, 0.561120, 0.403947, -1.000000, 0.465284, -1.000000
0.360000, 0.430000, 1.410000, 0.569320, 0.406847, -1.000000, 0.469236, -1.000000
0.360000, 0.440000, 1.400000, 0.577280, 0.409754, -1.000000, 0.473192, -1.000000
0.360000, 0.450000, 1.390000, 0.585000, 0.412667, -1.000000, 0.475897, -1.000000
0.360000, 0.460000, 1.380000, 0.592480, 0.415587, -1.000000, 0.476123, -1.000000
0.360000, 0.470000, 1.370000, 0.599720, 0.418512, -1.000000, 0.476350, -1.000000
0.360000, 0.480000, 1.360000, 0.606720, 0.421443, -1.000000, 0.476577, -1.000000
0.360000, 0.490000, 1.350000, 0.613480, 0.424380, -1.000000, 0.476804, -1.000000
0.360000, 0.500000, 1.340000, 0.620000, 0.425459, -1.000000, 0.477031, -1.000000
0.360000, 0.510000, 1.330000, 0.626280, 0.426084, -1.000000, 0.477257, -1.000000
0.360000, 0.520000, 1.320000, 0.632320, 0.426710, -1.000000, 0.477484, -1.000000
0.360000, 0.530000, 1.310000, 0.638120, 0.427336, -1.000000, 0.477711, -1.000000
0.360000, 0.540000, 1.300000, 0.643680, 0.427961, -1.000000, 0.477938, -1.000000
0.360000, 0.550000, 1.290000, 0.649000, 0.428587, -1.000000, 0.478165, -1.000000
0.360000, 0.560000, 1.280000, 0.654080, 0.428993, -1.000000, 0.478392, -1.000000
0.360000, 0.570000, 1.270000, 0.658920, 0.429006, -1.000000, 0.478619, -1.000000
0.360000, 0.580000, 1.260000, 0.663520, 0.429019, -1.000000, 0.478845, -1.000000
0.360000, 0.590000, 1.250000, 0.667880, 0.429032, -1.000000, 0.479072, -1.000000
0.360000, 0.600000, 1.240000, 0.672000, 0.429045, -1.000000, 0.479299, -1.000000
0.360000, 0.610000, 1.230000, 0.675880, 0.429057, -1.000000, 0.479526, -1.000000
0.360000, 0.620000, 1.220000, 0.679520, 0.429070, -1.000000, 0.479753, -1.000000
0.360000, 0.630000, 1.210000, 0.682920, 0.429083, -1.000000, 0.479980, -1.000000
0.360000, 0.640000, 1.200000, 0.686080, 0.429096, -1.000000, 0.480207, -1.000000
0.360000, 0.650000, 1.190000, 0.689000, 0.429108, -1.000000, 0.480434, -1.000000
0.360000, 0.660000, 1.180000, 0.691680, 0.428183, -1.000000, 0.480661, -1.000000
0.360000, 0.670000, 1.170000, 0.694120, 0.426963, -1.000000, 0.480888, -1.000000
0.360000, 0.680000, 1.160000, 0.696320, 0.425744, -1.000000, 0.481115, -1.000000
0.360000, 0.690000, 1.150000, 0.698280, 0.424526, -1.000000, 0.481342, -1.000000
0.360000, 0.700000, 1.140000, 0.700000, 0.423309, -1.000000, 0.481569, -1.000000
0.360000, 0.710000, 1.130000, 0.701480, 0.422093, -1.000000, 0.481796, -1.000000
0.360000, 0.720000, 1.120000, 0.702720, 0.420877, -1.000000, 0.482023, -1.000000
0.360000, 0.730000, 1.110000, 0.703720, 0.419663, -1.000000, 0.482250, -1.000000
0.360000, 0.740000, 1.100001, 0.704480, 0.418450, -1.000000, 0.482477, -1.000000
0.360000, 0.750000, 1.090001, 0.705000, 0.417237, -1.000000, 0.482704, -1.000000
0.360000, 0.760000, 1.080001, 0.705280, 0.416026, -1.000000, 0.482170, -1.000000
0.360000, 0.770000, 1.070001, 0.705320, 0.412734, -1.000000, 0.479381, -1.000000
0.360000, 0.780000, 1.060001, 0.705120, 0.408641, -1.000000, 0.476593, -1.000000
0.360000, 0.790000, 1.050001, 0.704680, 0.404561, -1.000000, 0.473807, -1.000000
0.360000, 0.800000, 1.040001, 0.704000, 0.400493, -1.000000, 0.471022, -1.000000
0.360000, 0.810000, 1.030001, 0.703080, 0.396440, -1.000000, 0.468239, -1.000000
0.360000, 0.820000, 1.020001, 0.701920, 0.392400, -1.000000, 0.465458, -1.000000
0.360000, 0.830000, 1.010001, 0.700520, 0.388376, -1.000000, 0.462679, -1.000000
0.360000, 0.839999, 1.000001, 0.698880, 0.384366, -1.000000, 0.459902, -1.000000
0.360000, 0.849999, 0.990001, 0.697000, 0.380372, -1.000000, 0.457128, -1.000000
0.360000, 0.859999, 0.980001, 0.694880, 0.376395, -1.000000, 0.454357, -1.000000
0.360000, 0.869999, 0.970001, 0.692520, 0.372433, -1.000000, 0.451588, -1.000000
0.360000, 0.879999, 0.960001, 0.689920, 0.368489, -1.000000, 0.448822, -1.000000
0.360000, 0.889999, 0.950001, 0.687080, 0.364563, -1.000000, 0.446060, -1.000000
0.360000, 0.899999, 0.940001, 0.684000, 0.360654, -1.000000, 0.443301, -1.000000
0.360000, 0.909999, 0.930001, 0.680680, 0.356764, -1.000000, 0.440545, -1.000000
0.360000, 0.919999, 0.920001, 0.677120, 0.352892, -1.000000, 0.437793, -1.000000
0.360000, 0.929999, 0.910001, 0.673320, 0.349040, -1.000000, 0.435045, -1.000000
0.360000, 0.939999, 0.900001, 0.669280, 0.345207, -1.000000, 0.432301, -1.000000
0.360000, 0.949999, 0.890001, 0.665000, 0.341395, -1.000000, 0.429560, -1.000000
0.360000, 0.959999, 0.880001, 0.660480, 0.337602, -1.000000, 0.426825, -1.000000
0.360000, 0.969999, 0.870001, 0.655720, 0.333831, -1.000000, 0.424093, -1.000000
0.360000, 0.979999, 0.860001, 0.650720, 0.330081, -1.000000, 0.421367, -1.000000
0.360000, 0.989999, 0.850001, 0.645480, 0.326352, -1.000000, 0.418645, -1.000000
0.360000, 0.999999, 0.840001, 0.640000, 0.322645, -1.000000, 0.415928, -1.000000
0.370000, 0.000000, 1.830000, 0.000000, 0.224087, 0.655393, 0.277663, 0.758653
0.370000, 0.010000, 1.820000, 0.018180, 0.228983, -1.000000, 0.282178, -1.000000
0.370000, 0.020000, 1.810000, 0.036120, 0.233954, -1.000000, 0.286737, -1.000000
0.370000, 0.030000, 1.800000, 0.053820, 0.238999, -1.000000, 0.291340, -1.000000
0.370000, 0.040000, 1.790000, 0.071280, 0.244118, -1.000000, 0.295986, -1.000000
0.370000, 0.050000, 1.780000, 0.088500, 0.249311, -1.000000, 0.300675, -1.000000
0.370000, 0.060000, 1.770000, 0.105480, 0.254577, -1.000000, 0.305406, -1.000000
0.370000, 0.070000, 1.760000, 0.122220, 0.259916, -1.000000, 0.310179, -1.000000
0.370000, 0.080000, 1.750000, 0.138720, 0.265327, -1.000000, 0.314992, -1.000000
0.370000, 0.090000, 1.740000, 0.154980, 0.270810, -1.000000, 0.319845, -1.000000
0.370000, 0.100000, 1.730000, 0.171000, 0.276363, -1.000000, 0.324738, -1.000000
0.370000, 0.110000, 1.720000, 0.186780, 0.281986, -1.000000, 0.329669, -1.000000
0.370000, 0.120000, 1.710000, 0.202320, 0.287678, -1.000000, 0.334638, -1.000000
0.370000, 0.130000, 1.700000, 0.217620, 0.293438, -1.000000, 0.339644, -1.000000
0.370000, 0.140000, 1.690000, 0.232680, 0.299264, -1.000000, 0.344686, -1.000000
0.370000, 0.150000, 1.680000, 0.247500, 0.305157, -1.000000, 0.349763, -1.000000
0.370000, 0.160000, 1.670000, 0.262080, 0.311114, -1.000000, 0.354874, -1.000000
0.370000, 0.170000, 1.660000, 0.276420, 0.317134, -1.000000, 0.360019, -1.000000
0.370000, 0.180000, 1.650000, 0.290520, 0.323216, -1.000000, 0.365196, -1.000000
0.370000, 0.190000, 1.640000, 0.304380, 0.328932, -1.000000, 0.370405, -1.000000
0.370000, 0.200000, 1.630000, 0.318000, 0.334307, -1.000000, 0.375643, -1.000000
0.370000, 0.210000, 1.620000, 0.331380, 0.339726, -1.000000, 0.380911, -1.000000
0.370000, 0.220000, 1.610000, 0.344520, 0.345187, -1.000000, 0.386208, -1.000000
0.370000, 0.230000, 1.600000, 0.357420, 0.350309, -1.000000, 0.391531, -1.000000
0.370000, 0.240000, 1.590000, 0.370080, 0.353052, -1.000000, 0.395375, -1.000000
0.370000, 0.250000, 1.580000, 0.382500, 0.355805, -1.000000, 0.399176, -1.000000
0.370000, 0.260000, 1.570000, 0.394680, 0.358568, -1.000000, 0.402990, -1.000000
0.370000, 0.270000, 1.560000, 0.406620, 0.361340, -1.000000, 0.406816, -1.000000
0.370000, 0.280000, 1.550000, 0.418320, 0.364121, -1.000000, 0.410653, -1.000000
0.370000, 0.290000, 1.540000, 0.429780, 0.366912, -1.000000, 0.414501, -1.000000
0.370000, 0.300000, 1.530000, 0.441000, 0.369711, -1.000000, 0.418359, -1.000000
0.370000, 0.310000, 1.520000, 0.451980, 0.372519, -1.000000, 0.422227, -1.000000
0.370000, 0.320000, 1.510000, 0.462720, 0.375336, -1.000000, 0.426105, -1.000000
0.370000, 0.330000, 1.500000, 0.473220, 0.378162, -1.000000, 0.429992, -1.000000
0.370000, 0.340000, 1.490000, 0.483480, 0.380995, -1.000000, 0.433888, -1.000000
0.370000, 0.350000, 1.480000, 0.493500, 0.383837, -1.000000, 0.437792, -1.000000
0.370000, 0.360000, 1.470000, 0.503280, 0.386686, -1.000000, 0.441703, -1.000000
0.370000, 0.370000, 1.460000, 0.512820, 0.389544, -1.000000, 0.445622, -1.000000
0.370000, 0.380000, 1.450000, 0.522120, 0.392409, -1.000000, 0.449548, -1.000000
0.370000, 0.390000, 1.440000, 0.531180, 0.395281, -1.000000, 0.453480, -1.000000
0.370000, 0.400000, 1.430000, 0.540000, 0.398161, -1.000000, 0.457418, -1.000000
0.370000, 0.410000, 1.420000, 0.548580, 0.401048, -1.000000, 0.461361, -1.000000
0.370000, 0.420000, 1.410000, 0.556920, 0.403942, -1.000000, 0.465309, -1.000000
0.370000, 0.430000, 1.400000, 0.565020, 0.406842, -1.000000, 0.469261, -1.000000
0.370000, 0.440000, 1.390000, 0.572880, 0.409749, -1.000000, 0.473217, -1.000000
0.370000, 0.450000, 1.380000, 0.580500, 0.412662, -1.000000, 0.475853, -1.000000
0.370000, 0.460000, 1.370000, 0.587880, 0.415581, -1.000000, 0.476080, -1.000000
0.370000, 0.470000, 1.360000, 0.595020, 0.418507, -1.000000, 0.476307, -1.000000
0.370000, 0.480000, 1.350000, 0.601920, 0.421438, -1.000000, 0.476533, -1.000000
0.370000, 0.490000, 1.340000, 0.608580, 0.424374, -1.000000, 0.476760, -1.000000
0.370000, 0.500000, 1.330000, 0.615000, 0.425500, -1.000000, 0.476987, -1.000000
0.370000, 0.510000, 1.320000, 0.621180, 0.426125, -1.000000, 0.477214, -1.000000
0.370000, 0.520000, 1.310000, 0.627120, 0.426751, -1.000000, 0.477441, -1.000000
0.370000, 0.530000, 1.300000, 0.632820, 0.427376, -1.000000, 0.477668, -1.000000
0.370000, 0.540000, 1.290000, 0.638280, 0.428002, -1.000000, 0.477894, -1.000000
0.370000, 0.550000, 1.280000, 0.643500, 0.428628, -1.000000, 0.478121, -1.000000
0.370000, 0.560000, 1.270000, 0.648480, 0.429004, -1.000000, 0.478348, -1.000000
0.370000, 0.570000, 1.260000, 0.653220, 0.429016, -1.000000, 0.478575, -1.000000
0.370000, 0.580000, 1.250000, 0.657720, 0.429029, -1.000000, 0.478802, -1.000000
0.370000, 0.590000, 1.240000, 0.661980, 0.429042, -1.000000, 0.479029, -1.000000
0.370000, 0.600000, 1.230000, 0.666000, 0.429055, -1.000000, 0.479256, -1.000000
0.370000, 0.610000, 1.220000, 0.669780, 0.429067, -1.000000, 0.479483, -1.000000
0.370000, 0.620000, 1.210000, 0.673320, 0.429080, -1.000000, 0.479710, -1.000000
0.370000, 0.630000, 1.200000, 0.676620, 0.429093, -1.000000, 0.479937, -1.000000
0.370000, 0.640000, 1.190000, 0.679680, 0.429106, -1.000000, 0.480163, -1.000000
0.370000, 0.650000, 1.180000, 0.682500, 0.429119, -1.000000, 0.480391, -1.000000
0.370000, 0.660000, 1.170000, 0.685080, 0.428231, -1.000000, 0.480617, -1.000000
0.370000, 0.670000, 1.160000, 0.687420, 0.427011, -1.000000, 0.480844, -1.000000
0.370000, 0.680000, 1.150000, 0.689520, 0.425792, -1.000000, 0.481071, -1.000000
0.370000, 0.690000, 1.140000, 0.691380, 0.424574, -1.000000, 0.481298, -1.000000
0.370000, 0.700000, 1.130000, 0.693000, 0.423357, -1.000000, 0.481525, -1.000000
0.370000, 0.710000, 1.120000, 0.694380, 0.422141, -1.000000, 0.481752, -1.000000
0.370000, 0.720000, 1.110000, 0.695520, 0.420925, -1.000000, 0.481979, -1.000000
0.370000, 0.730000, 1.100001, 0.696420, 0.419711, -1.000000, 0.482206, -1.000000
0.370000, 0.740000, 1.090001, 0.697080, 0.418497, -1.000000, 0.482433, -1.000000
0.370000, 0.750000, 1.080001, 0.697500, 0.417285, -1.000000, 0.482660, -1.000000
0.370000, 0.760000, 1.070001, 0.697680, 0.416074, -1.000000, 0.482139, -1.000000
0.370000, 0.770000, 1.060001, 0.697620, 0.412931, -1.000000, 0.479349, -1.000000
0.370000, 0.780000, 1.050001, 0.697320, 0.408838, -1.000000, 0.476561, -1.000000
0.370000, 0.790000, 1.040001, 0.696780, 0.404757, -1.000000, 0.473775, -1.000000
0.370000, 0.800000, 1.030001, 0.696000, 0.400689, -1.000000, 0.470990, -1.000000
0.370000, 0.810000, 1.020001, 0.694980, 0.396635, -1.000000, 0.468207, -1.000000
0.370000, 0.820000, 1.010001, 0.693720, 0.392595, -1.000000, 0.465426, -1.000000
0.370000, 0.830000, 1.000001, 0.692220, 0.388569, -1.000000, 0.462647, -1.000000
0.370000, 0.839999, 0.990001, 0.690480, 0.384559, -1.000000, 0.459870, -1.000000
0.370000, 0.849999, 0.980001, 0.688500, 0.380564, -1.000000, 0.457096, -1.000000
0.370000, 0.859999, 0.970001, 0.686280, 0.376586, -1.000000, 0.454325, -1.000000
0.370000, 0.869999, 0.960001, 0.683820, 0.372624, -1.000000, 0.451556, -1.000000
0.370000, 0.879999, 0.950001, 0.681120, 0.368679, -1.000000, 0.448791, -1.000000
0.370000, 0.889999, 0.940001, 0.678180, 0.364751, -1.000000, 0.446028, -1.000000
0.370000, 0.899999, 0.930001, 0.675000, 0.360842, -1.000000, 0.443269, -1.000000
0.370000, 0.909999, 0.920001, 0.671580, 0.356950, -1.000000, 0.440514, -1.000000
0.370000, 0.919999, 0.910001, 0.667920, 0.353078, -1.000000, 0.437762, -1.000000
0.370000, 0.929999, 0.900001, 0.664020, 0.349225, -1.000000, 0.435013, -1.000000
0.370000, 0.939999, 0.890001, 0.659880, 0.345391, -1.000000, 0.432269, -1.000000
0.370000, 0.949999, 0.880001, 0.655500, 0.341578, -1.000000, 0.429529, -1.000000
0.370000, 0.959999, 0.870001, 0.650880, 0.337784, -1.000000, 0.426794, -1.000000
0.370000, 0.969999, 0.860001, 0.646020, 0.334012, -1.000000, 0.424062, -1.000000
0.370000, 0.979999, 0.850001, 0.640920, 0.330261, -1.000000, 0.421336, -1.000000
0.370000, 0.989999, 0.840001, 0.635580, 0.326531, -1.000000, 0.418614, -1.000000
0.370000, 0.999999, 0.830001, 0.630000, 0.322823, -1.000000, 0.415897, -1.000000
0.380000, 0.000000, 1.820000, 0.000000, 0.223988, 0.655397, 0.277643, 0.758647
0.380000, 0.010000, 1.810000, 0.018080, 0.228882, -1.000000, 0.282158, -1.000000
0.380000, 0.020000, 1.800000, 0.035920, 0.233852, -1.000000, 0.286717, -1.000000
0.380000, 0.030000, 1.790000, 0.053520, 0.238895, -1.000000, 0.291320, -1.000000
0.380000, 0.040000, 1.780000, 0.070880, 0.244013, -1.000000, 0.295966, -1.000000
0.380000, 0.050000, 1.770000, 0.088000, 0.249204, -1.000000, 0.300655, -1.000000
0.380000, 0.060000, 1.760000, 0.104880, 0.254469, -1.000000, 0.305386, -1.000000
0.380000, 0.070000, 1.750000, 0.121520, 0.259806, -1.000000, 0.310158, -1.000000
0.380000, 0.080000, 1.740000, 0.137920, 0.265216, -1.000000, 0.314971, -1.000000
0.380000, 0.090000, 1.730000, 0.154080, 0.270697, -1.000000, 0.319824, -1.000000
0.380000, 0.100000, 1.720000, 0.170000, 0.276249, -1.000000, 0.324716, -1.000000
0.380000, 0.110000, 1.710000, 0.185680, 0.281870, -1.000000, 0.329647, -1.000000
0.380000, 0.120000, 1.700000, 0.201120, 0.287561, -1.000000, 0.334616, -1.000000
0.380000, 0.130000, 1.690000, 0.216320, 0.293319, -1.000000, 0.339622, -1.000000
0.380000, 0.140000, 1.680000, 0.231280, 0.299145, -1.000000, 0.344664, -1.000000
0.380000, 0.150000, 1.670000, 0.246000, 0.305036, -1.000000, 0.349741, -1.000000
0.380000, 0.160000, 1.660000, 0.260480, 0.310991, -1.000000, 0.354852, -1.000000
0.380000, 0.170000, 1.650000, 0.274720, 0.317010, -1.000000, 0.359997, -1.000000
0.380000, 0.180000, 1.640000, 0.288720, 0.323091, -1.000000, 0.365174, -1.000000
0.380000, 0.190000, 1.630000, 0.302480, 0.328879, -1.000000, 0.370382, -1.000000
0.380000, 0.200000, 1.620000, 0.316000, 0.334254, -1.000000, 0.375621, -1.000000
0.380000, 0.210000, 1.610000, 0.329280, 0.339672, -1.000000, 0.380889, -1.000000
0.380000, 0.220000, 1.600000, 0.342320, 0.345133, -1.000000, 0.386185, -1.000000
0.380000, 0.230000, 1.590000, 0.355120, 0.350304, -1.000000, 0.391508, -1.000000
0.380000, 0.240000, 1.580000, 0.367680, 0.353047, -1.000000, 0.395398, -1.000000
0.380000, 0.250000, 1.570000, 0.380000, 0.355800, -1.000000, 0.399200, -1.000000
0.380000, 0.260000, 1.560000, 0.392080, 0.358563, -1.000000, 0.403014, -1.000000
0.380000, 0.270000, 1.550000, 0.403920, 0.361335, -1.000000, 0.406840, -1.000000
0.380000, 0.280000, 1.540000, 0.415520, 0.364116, -1.000000, 0.410677, -1.000000
0.380000, 0.290000, 1.530000, 0.426880, 0.366907, -1.000000, 0.414525, -1.000000
0.380000, 0.300000, 1.520000, 0.438000, 0.369706, -1.000000, 0.418383, -1.000000
0.380000, 0.310000, 1.510000, 0.448880, 0.372514, -1.000000, 0.422252, -1.000000
0.380000, 0.320000, 1.500000, 0.459520, 0.375331, -1.000000, 0.426130, -1.000000
0.380000, 0.330000, 1.490000, 0.469920, 0.378156, -1.000000, 0.430017, -1.000000
0.380000, 0.340000, 1.480000, 0.480080, 0.380990, -1.000000, 0.433912, -1.000000
0.380000, 0.350000, 1.470000, 0.490000, 0.383832, -1.000000, 0.437816, -1.000000
0.380000, 0.360000, 1.460000, 0.499680, 0.386681, -1.000000, 0.441728, -1.000000
0.380000, 0.370000, 1.450000, 0.509120, 0.389539, -1.000000, 0.445647, -1.000000
0.380000, 0.380000, 1.440000, 0.518320, 0.392404, -1.000000, 0.449572, -1.000000
0.380000, 0.390000, 1.430000, 0.527280, 0.395276, -1.000000, 0.453504, -1.000000
0.380000, 0.400000, 1.420000, 0.536000, 0.398156, -1.000000, 0.457442, -1.000000
0.380000, 0.410000, 1.410000, 0.544480, 0.401043, -1.000000, 0.461385, -1.000000
0.380000, 0.420000, 1.400000, 0.552720, 0.403936, -1.000000, 0.465333, -1.000000
0.380000, 0.430000, 1.390000, 0.560720, 0.406837, -1.000000, 0.469285, -1.000000
0.380000, 0.440000, 1.380000, 0.568480, 0.409743, -1.000000, 0.473242, -1.000000
0.380000, 0.450000, 1.370000, 0.576000, 0.412657, -1.000000, 0.475810, -1.000000
0.380000, 0.460000, 1.360000, 0.583280, 0.415576, -1.000000, 0.476036, -1.000000
0.380000, 0.470000, 1.350000, 0.590320, 0.418501, -1.000000, 0.476263, -1.000000
0.380000, 0.480000, 1.340000, 0.597120, 0.421432, -1.000000, 0.476490, -1.000000
0.380000, 0.490000, 1.330000, 0.603680, 0.424369, -1.000000, 0.476717, -1.000000
0.380000, 0.500000, 1.320000, 0.610000, 0.425541, -1.000000, 0.476944, -1.000000
0.380000, 0.510000, 1.310000, 0.616080, 0.426166, -1.000000, 0.477170, -1.000000
0.380000, 0.520000, 1.300000, 0.621920, 0.426791, -1.000000, 0.477397, -1.000000
0.380000, 0.530000, 1.290000, 0.627520, 0.427417, -1.000000, 0.477624, -1.000000
0.380000, 0.540000, 1.280000, 0.632880, 0.428043, -1.000000, 0.477851, -1.000000
0.380000, 0.550000, 1.270000, 0.638000, 0.428669, -1.000000, 0.478078, -1.000000
0.380000, 0.560000, 1.260000, 0.642880, 0.429014, -1.000000, 0.478305, -1.000000
0.380000, 0.570000, 1.250000, 0.647520, 0.429027, -1.000000, 0.478532, -1.000000
0.380000, 0.580000, 1.240000, 0.651920, 0.429039, -1.000000, 0.478759, -1.000000
0.380000, 0.590000, 1.230000, 0.656080, 0.429052, -1.000000, 0.478985, -1.000000
0.380000, 0.600000, 1.220000, 0.660000, 0.429065, -1.000000, 0.479212, -1.000000
0.380000, 0.610000, 1.210000, 0.663680, 0.429078, -1.000000, 0.479439, -1.000000
0.380000, 0.620000, 1.200000, 0.667120, 0.429090, -1.000000, 0.479666, -1.000000
0.380000, 0.630000, 1.190000, 0.670320, 0.429103, -1.000000, 0.479893, -1.000000
0.380000, 0.640000, 1.180000, 0.673280, 0.429116, -1.000000, 0.480120, -1.000000
0.380000, 0.650000, 1.170000, 0.676000, 0.429129, -1.000000, 0.480347, -1.000000
0.380000, 0.660000, 1.160000, 0.678480, 0.428279, -1.000000, 0.480574, -1.000000
0.380000, 0.670000, 1.150000, 0.680720, 0.427059, -1.000000, 0.480801, -1.000000
0.380000, 0.680000, 1.140000, 0.682720, 0.425840, -1.000000, 0.481028, -1.000000
0.380000, 0.690000, 1.130000, 0.684480, 0.424622, -1.000000, 0.481255, -1.000000
0.380000, 0.700000, 1.120000, 0.686000, 0.423405, -1.000000, 0.481482, -1.000000
0.380000, 0.710000, 1.110000, 0.687280, 0.422189, -1.000000, 0.481709, -1.000000
0.380000, 0.720000, 1.100001, 0.688320, 0.420973, -1.000000, 0.481936, -1.000000
0.380000, 0.730000, 1.090001, 0.689120, 0.419759, -1.000000, 0.482163, -1.000000
0.380000, 0.740000, 1.080001, 0.689680, 0.418545, -1.000000, 0.482390, -1.000000
0.380000, 0.750000, 1.070001, 0.690000, 0.417333, -1.000000, 0.482617, -1.000000
0.380000, 0.760000, 1.060001, 0.690080, 0.416121, -1.000000, 0.482107, -1.000000
0.380000, 0.770000, 1.050001, 0.689920, 0.413129, -1.000000, 0.479318, -1.000000
0.380000, 0.780000, 1.040001, 0.689520, 0.409034, -1.000000, 0.476530, -1.000000
0.380000, 0.790000, 1.030001, 0.688880, 0.404953, -1.000000, 0.473743, -1.000000
0.380000, 0.800000, 1.020001, 0.688000, 0.400884, -1.000000, 0.470958, -1.000000
0.380000, 0.810000, 1.010001, 0.686880, 0.396829, -1.000000, 0.468175, -1.000000
0.380000, 0.820000, 1.000001, 0.685520, 0.392789, -1.000000, 0.465394, -1.000000
0.380000, 0.830000, 0.990001, 0.683920, 0.388762, -1.000000, 0.462616, -1.000000
0.380000, 0.839999, 0.980001, 0.682080, 0.384751, -1.000000, 0.459839, -1.000000
0.380000, 0.849999, 0.970001, 0.680000, 0.380756, -1.000000, 0.457065, -1.000000
0.380000, 0.859999, 0.960001, 0.677680, 0.376777, -1.000000, 0.454293, -1.000000
0.380000, 0.869999, 0.950001, 0.675120, 0.372814, -1.000000, 0.451525, -1.000000
0.380000, 0.879999, 0.940001, 0.672320, 0.368868, -1.000000, 0.448759, -1.000000
0.380000, 0.889999, 0.930001, 0.669280, 0.364940, -1.000000, 0.445997, -1.000000
0.380000, 0.899999, 0.920001, 0.666000, 0.361029, -1.000000, 0.443238, -1.000000
0.380000, 0.909999, 0.910001, 0.662480, 0.357137, -1.000000, 0.440482, -1.000000
0.380000, 0.919999, 0.900001, 0.658720, 0.353264, -1.000000, 0.437730, -1.000000
0.380000, 0.929999, 0.890001, 0.654720, 0.349410, -1.000000, 0.434982, -1.000000
0.380000, 0.939999, 0.880001, 0.650480, 0.345575, -1.000000, 0.432238, -1.000000
0.380000, 0.949999, 0.870001, 0.646000, 0.341761, -1.000000, 0.429498, -1.000000
0.380000, 0.959999, 0.860001, 0.641280, 0.337966, -1.000000, 0.426762, -1.000000
0.380000, 0.969999, 0.850001, 0.636320, 0.334193, -1.000000, 0.424031, -1.000000
0.380000, 0.979999, 0.840001, 0.631120, 0.330441, -1.000000, 0.421305, -1.000000
0.380000, 0.989999, 0.830001, 0.625680, 0.326710, -1.000000, 0.418583, -1.000000
0.380000, 0.999999, 0.820001, 0.620000, 0.323001, -1.000000, 0.415866, -1.000000
0.390000, 0.000000, 1.810000, 0.000000, 0.223889, 0.655402, 0.277624, 0.758642
0.390000, 0.010000, 1.800000, 0.017980, 0.228782, -1.000000, 0.282138, -1.000000
0.390000, 0.020000, 1.790000, 0.035720, 0.233749, -1.000000, 0.286697, -1.000000
0.390000, 0.030000, 1.780000, 0.053220, 0.238792, -1.000000, 0.291300, -1.000000
0.390000, 0.040000, 1.770000, 0.070480, 0.243908, -1.000000, 0.295946, -1.000000
0.390000, 0.050000, 1.760000, 0.087500, 0.249098, -1.000000, 0.300634, -1.000000
0.390000, 0.060000, 1.750000, 0.104280, 0.254361, -1.000000, 0.305365, -1.000000
0.390000, 0.070000, 1.740000, 0.120820, 0.259697, -1.000000, 0.310137, -1.000000
0.390000, 0.080000, 1.730000, 0.137120, 0.265105, -1.000000, 0.314950, -1.000000
0.390000, 0.090000, 1.720000, 0.153180, 0.270585, -1.000000, 0.319803, -1.000000
0.390000, 0.100000, 1.710000, 0.169000, 0.276135, -1.000000, 0.324695, -1.000000
0.390000, 0.110000, 1.700000, 0.184580, 0.281755, -1.000000, 0.329626, -1.000000
0.390000, 0.120000, 1.690000, 0.199920, 0.287444, -1.000000, 0.334594, -1.000000
0.390000, 0.130000, 1.680000, 0.215020, 0.293201, -1.000000, 0.339600, -1.000000
0.390000, 0.140000, 1.670000, 0.229880, 0.299025, -1.000000, 0.344642, -1.000000
0.390000, 0.150000, 1.660000, 0.244500, 0.304915, -1.000000, 0.349718, -1.000000
0.390000, 0.160000, 1.650000, 0.258880, 0.310869, -1.000000, 0.354830, -1.000000
0.390000, 0.170000, 1.640000, 0.273020, 0.316887, -1.000000, 0.359974, -1.000000
0.390000, 0.180000, 1.630000, 0.286920, 0.322966, -1.000000, 0.365151, -1.000000
0.390000, 0.190000, 1.620000, 0.300580, 0.328826, -1.000000, 0.370359, -1.000000
0.390000, 0.200000, 1.610000, 0.314000, 0.334200, -1.000000, 0.375598, -1.000000
0.390000, 0.210000, 1.600000, 0.327180, 0.339618, -1.000000, 0.380866, -1.000000
0.390000, 0.220000, 1.590000, 0.340120, 0.345079, -1.000000, 0.386162, -1.000000
0.390000, 0.230000, 1.580000, 0.352820, 0.350299, -1.000000, 0.391485, -1.000000
0.390000, 0.240000, 1.570000, 0.365280, 0.353042, -1.000000, 0.395422, -1.000000
0.390000, 0.250000, 1.560000, 0.377500, 0.355795, -1.000000, 0.399224, -1.000000
0.390000, 0.260000, 1.550000, 0.389480, 0.358558, -1.000000, 0.403038, -1.000000
0.390000, 0.270000, 1.540000, 0.401220, 0.361330, -1.000000, 0.406864, -1.000000
0.390000, 0.280000, 1.530000, 0.412720, 0.364111, -1.000000, 0.410701, -1.000000
0.390000, 0.290000, 1.520000, 0.423980, 0.366902, -1.000000, 0.414549, -1.000000
0.390000, 0.300000, 1.510000, 0.435000, 0.369701, -1.000000, 0.418407, -1.000000
0.390000, 0.310000, 1.500000, 0.445780, 0.372509, -1.000000, 0.422276, -1.000000
0.390000, 0.320000, 1.490000, 0.456320, 0.375326, -1.000000, 0.426154, -1.000000
0.390000, 0.330000, 1.480000, 0.466620, 0.378151, -1.000000, 0.430041, -1.000000
0.390000, 0.340000, 1.470000, 0.476680, 0.380985, -1.000000, 0.433937, -1.000000
0.390000, 0.350000, 1.460000, 0.486500, 0.383826, -1.000000, 0.437841, -1.000000
0.390000, 0.360000, 1.450000, 0.496080, 0.386676, -1.000000, 0.441752, -1.000000
0.390000, 0.370000, 1.440000, 0.505420, 0.389533, -1.000000, 0.445671, -1.000000
0.390000, 0.380000, 1.430000, 0.514520, 0.392398, -1.000000, 0.449597, -1.000000
0.390000, 0.390000, 1.420000, 0.523380, 0.395271, -1.000000, 0.453529, -1.000000
0.390000, 0.400000, 1.410000, 0.532000, 0.398151, -1.000000, 0.457467, -1.000000
0.390000, 0.410000, 1.400000, 0.540380, 0.401037, -1.000000, 0.461410, -1.000000
0.390000, 0.420000, 1.390000, 0.548520, 0.403931, -1.000000, 0.465358, -1.000000
0.390000, 0.430000, 1.380000, 0.556420, 0.406831, -1.000000, 0.469310, -1.000000
0.390000, 0.440000, 1.370000, 0.564080, 0.409738, -1.000000, 0.473266, -1.000000
0.390000, 0.450000, 1.360000, 0.571500, 0.412651, -1.000000, 0.475766, -1.000000
0.390000, 0.460000, 1.350000, 0.578680, 0.415571, -1.000000, 0.475993, -1.000000
0.390000, 0.470000, 1.340000, 0.585620, 0.418496, -1.000000, 0.476220, -1.000000
0.390000, 0.480000, 1.330000, 0.592320, 0.421427, -1.000000, 0.476447, -1.000000
0.390000, 0.490000, 1.320000, 0.598780, 0.424363, -1.000000, 0.476673, -1.000000
0.390000, 0.500000, 1.310000, 0.605000, 0.425581, -1.000000, 0.476900, -1.000000
0.390000, 0.510000, 1.300000, 0.610980, 0.426207, -1.000000, 0.477127, -1.000000
0.390000, 0.520000, 1.290000, 0.616720, 0.426832, -1.000000, 0.477354, -1.000000
0.390000, 0.530000, 1.280000, 0.622220, 0.427458, -1.000000, 0.477581, -1.000000
0.390000, 0.540000, 1.270000, 0.627480, 0.428084, -1.000000, 0.477808, -1.000000
0.390000, 0.550000, 1.260000, 0.632500, 0.428710, -1.000000, 0.478034, -1.000000
0.390000, 0.560000, 1.250000, 0.637280, 0.429024, -1.000000, 0.478261, -1.000000
0.390000, 0.570000, 1.240000, 0.641820, 0.429037, -1.000000, 0.478488, -1.000000
0.390000, 0.580000, 1.230000, 0.646120, 0.429050, -1.000000, 0.478715, -1.000000
0.390000, 0.590000, 1.220000, 0.650180, 0.429062, -1.000000, 0.478942, -1.000000
0.390000, 0.600000, 1.210000, 0.654000, 0.429075, -1.000000, 0.479169, -1.000000
0.390000, 0.610000, 1.200000, 0.657580, 0.429088, -1.000000, 0.479396, -1.000000
0.390000, 0.620000, 1.190000, 0.660920, 0.429101, -1.000000, 0.479623, -1.000000
0.390000, 0.630000, 1.180000, 0.664020, 0.429113, -1.000000, 0.479850, -1.000000
0.390000, 0.640000, 1.170000, 0.666880, 0.429126, -1.000000, 0.480077, -1.000000
0.390000, 0.650000, 1.160000, 0.669500, 0.429139, -1.000000, 0.480304, -1.000000
0.390000, 0.660000, 1.150000, 0.671880, 0.428327, -1.000000, 0.480530, -1.000000
0.390000, 0.670000, 1.140000, 0.674020, 0.427107, -1.000000, 0.480757, -1.000000
0.390000, 0.680000, 1.130000, 0.675920, 0.425888, -1.000000, 0.480984, -1.000000
0.390000, 0.690000, 1.120000, 0.677580, 0.424670, -1.000000, 0.481211, -1.000000
0.390000, 0.700000, 1.110000, 0.679000, 0.423453, -1.000000, 0.481438, -1.000000
0.390000, 0.710000, 1.100001, 0.680180, 0.422237, -1.000000, 0.481665, -1.000000
0.390000, 0.720000, 1.090001, 0.681120, 0.421021, -1.000000, 0.481892, -1.000000
0.390000, 0.730000, 1.080001, 0.681820, 0.419807, -1.000000, 0.482119, -1.000000
0.390000, 0.740000, 1.070001, 0.682280, 0.418593, -1.000000, 0.482346, -1.000000
0.390000, 0.750000, 1.060001, 0.682500, 0.417381, -1.000000, 0.482574, -1.000000
0.390000, 0.760000, 1.050001, 0.682480, 0.416169, -1.000000, 0.482075, -1.000000
0.390000, 0.770000, 1.040001, 0.682220, 0.413326, -1.000000, 0.479286, -1.000000
0.390000, 0.780000, 1.030001, 0.681720, 0.409231, -1.000000, 0.476498, -1.000000
0.390000, 0.790000, 1.020001, 0.680980, 0.405149, -1.000000, 0.473712, -1.000000
0.390000, 0.800000, 1.010001, 0.680000, 0.401080, -1.000000, 0.470927, -1.000000
0.390000, 0.810000, 1.000001, 0.678780, 0.397024, -1.000000, 0.468144, -1.000000
0.390000, 0.820000, 0.990001, 0.677320, 0.392983, -1.000000, 0.465363, -1.000000
0.390000, 0.830000, 0.980001, 0.675620, 0.388956, -1.000000, 0.462584, -1.000000
0.390000, 0.839999, 0.970001, 0.673680, 0.384944, -1.000000, 0.459807, -1.000000
0.390000, 0.849999, 0.960001, 0.671500, 0.380948, -1.000000, 0.457033, -1.000000
0.390000, 0.859999, 0.950001, 0.669080, 0.376968, -1.000000, 0.454262, -1.000000
0.390000, 0.869999, 0.940001, 0.666420, 0.373004, -1.000000, 0.451493, -1.000000
0.390000, 0.879999, 0.930001, 0.663520, 0.369058, -1.000000, 0.448728, -1.000000
0.390000, 0.889999, 0.920001, 0.660380, 0.365128, -1.000000, 0.445965, -1.000000
0.390000, 0.899999, 0.910001, 0.657000, 0.361217, -1.000000, 0.443206, -1.000000
0.390000, 0.909999, 0.900001, 0.653380, 0.357324, -1.000000, 0.440451, -1.000000
0.390000, 0.919999, 0.890001, 0.649520, 0.353450, -1.000000, 0.437699, -1.000000
0.390000, 0.929999, 0.880001, 0.645420, 0.349595, -1.000000, 0.434951, -1.000000
0.390000, 0.939999, 0.870001, 0.641080, 0.345759, -1.000000, 0.432207, -1.000000
0.390000, 0.949999, 0.860001, 0.636500, 0.341944, -1.000000, 0.429467, -1.000000
0.390000, 0.959999, 0.850001, 0.631680, 0.338149, -1.000000, 0.426731, -1.000000
0.390000, 0.969999, 0.840001, 0.626620, 0.334374, -1.000000, 0.424000, -1.000000
0.390000, 0.979999, 0.830001, 0.621320, 0.330621, -1.000000, 0.421274, -1.000000
0.390000, 0.989999, 0.820001, 0.615780, 0.326889, -1.000000, 0.418552, -1.000000
0.390000, 0.999999, 0.810001, 0.610000, 0.323179, -1.000000, 0.415835, -1.000000
0.400000, 0.000000, 1.800000, 0.000000, 0.223790, 0.655406, 0.277604, 0.758636
0.400000, 0.010000, 1.790000, 0.017880, 0.228681, -1.000000, 0.282119, -1.000000
0.400000, 0.020000, 1.780000, 0.035520, 0.233647, -1.000000, 0.286677, -1.000000
0.400000, 0.030000, 1.770000, 0.052920, 0.238688, -1.000000, 0.291280, -1.000000
0.400000, 0.040000, 1.760000, 0.070080, 0.243802, -1.000000, 0.295926, -1.000000
0.400000, 0.050000, 1.750000, 0.087000, 0.248991, -1.000000, 0.300614, -1.000000
0.400000, 0.060000, 1.740000, 0.103680, 0.254253, -1.000000, 0.305344, -1.000000
0.400000, 0.070000, 1.730000, 0.120120, 0.259587, -1.000000, 0.310116, -1.000000
0.400000, 0.080000, 1.720000, 0.136320, 0.264994, -1.000000, 0.314929, -1.000000
0.400000, 0.090000, 1.710000, 0.152280, 0.270472, -1.000000, 0.319782, -1.000000
0.400000, 0.100000, 1.700000, 0.168000, 0.276021, -1.000000, 0.324674, -1.000000
0.400000, 0.110000, 1.690000, 0.183480, 0.281639, -1.000000, 0.329604, -1.000000
0.400000, 0.120000, 1.680000, 0.198720, 0.287327, -1.000000, 0.334573, -1.000000
0.400000, 0.130000, 1.670000, 0.213720, 0.293083, -1.000000, 0.339578, -1.000000
0.400000, 0.140000, 1.660000, 0.228480, 0.298906, -1.000000, 0.344620, -1.000000
0.400000, 0.150000, 1.650000, 0.243000, 0.304794, -1.000000, 0.349696, -1.000000
0.400000, 0.160000, 1.640000, 0.257280, 0.310747, -1.000000, 0.354807, -1.000000
0.400000, 0.170000, 1.630000, 0.271320, 0.316763, -1.000000, 0.359952, -1.000000
0.400000, 0.180000, 1.620000, 0.285120, 0.322842, -1.000000, 0.365128, -1.000000
0.400000, 0.190000, 1.610000, 0.298680, 0.328773, -1.000000, 0.370337, -1.000000
0.400000, 0.200000, 1.600000, 0.312000, 0.334147, -1.000000, 0.375575, -1.000000
0.400000, 0.210000, 1.590000, 0.325080, 0.339565, -1.000000, 0.380843, -1.000000
0.400000, 0.220000, 1.580000, 0.337920, 0.345024, -1.000000, 0.386139, -1.000000
0.400000, 0.230000, 1.570000, 0.350520, 0.350294, -1.000000, 0.391462, -1.000000
0.400000, 0.240000, 1.560000, 0.362880, 0.353037, -1.000000, 0.395446, -1.000000
0.400000, 0.250000, 1.550000, 0.375000, 0.355790, -1.000000, 0.399248, -1.000000
0.400000, 0.260000, 1.540000, 0.386880, 0.358553, -1.000000, 0.403062, -1.000000
0.400000, 0.270000, 1.530000, 0.398520, 0.361325, -1.000000, 0.406888, -1.000000
0.400000, 0.280000, 1.520000, 0.409920, 0.364106, -1.000000, 0.410725, -1.000000
0.400000, 0.290000, 1.510000, 0.421080, 0.366896, -1.000000, 0.414573, -1.000000
0.400000, 0.300000, 1.500000, 0.432000, 0.369696, -1.000000, 0.418431, -1.000000
0.400000, 0.310000, 1.490000, 0.442680, 0.372504, -1.000000, 0.422300, -1.000000
0.400000, 0.320000, 1.480000, 0.453120, 0.375321, -1.000000, 0.426178, -1.000000
0.400000, 0.330000, 1.470000, 0.463320, 0.378146, -1.000000, 0.430065, -1.000000
0.400000, 0.340000, 1.460000, 0.473280, 0.380980, -1.000000, 0.433961, -1.000000
0.400000, 0.350000, 1.450000, 0.483000, 0.383821, -1.000000, 0.437865, -1.000000
0.400000, 0.360000, 1.440000, 0.492480, 0.386671, -1.000000, 0.441777, -1.000000
0.400000, 0.370000, 1.430000, 0.501720, 0.389528, -1.000000, 0.445696, -1.000000
0.400000, 0.380000, 1.420000, 0.510720, 0.392393, -1.000000, 0.449621, -1.000000
0.400000, 0.390000, 1.410000, 0.519480, 0.395266, -1.000000, 0.453554, -1.000000
0.400000, 0.400000, 1.400000, 0.528000, 0.398145, -1.000000, 0.457491, -1.000000
0.400000, 0.410000, 1.390000, 0.536280, 0.401032, -1.000000, 0.461435, -1.000000
0.400000, 0.420000, 1.380000, 0.544320, 0.403926, -1.000000, 0.465382, -1.000000
0.400000, 0.430000, 1.370000, 0.552120, 0.406826, -1.000000, 0.469335, -1.000000
0.400000, 0.440000, 1.360000, 0.559680, 0.409733, -1.000000, 0.473291, -1.000000
0.400000, 0.450000, 1.350000, 0.567000, 0.412646, -1.000000, 0.475723, -1.000000
0.400000, 0.460000, 1.340000, 0.574080, 0.415565, -1.000000, 0.475949, -1.000000
0.400000, 0.470000, 1.330000, 0.580920, 0.418491, -1.000000, 0.476176, -1.000000
0.400000, 0.480000, 1.320000, 0.587520, 0.421422, -1.000000, 0.476403, -1.000000
0.400000, 0.490000, 1.310000, 0.593880, 0.424358, -1.000000, 0.476630, -1.000000
0.400000, 0.500000, 1.300000, 0.600000, 0.425622, -1.000000, 0.476857, -1.000000
0.400000, 0.510000, 1.290000, 0.605880, 0.426247, -1.000000, 0.477083, -1.000000
0.400000, 0.520000, 1.280000, 0.611520, 0.426873, -1.000000, 0.477310, -1.000000
0.400000, 0.530000, 1.270000, 0.616920, 0.427498, -1.000000, 0.477537, -1.000000
0.400000, 0.540000, 1.260000, 0.622080, 0.428124, -1.000000, 0.477764, -1.000000
0.400000, 0.550000, 1.250000, 0.627000, 0.428750, -1.000000, 0.477991, -1.000000
0.400000, 0.560000, 1.240000, 0.631680, 0.429034, -1.000000, 0.478218, -1.000000
0.400000, 0.570000, 1.230000, 0.636120, 0.429047, -1.000000, 0.478445, -1.000000
0.400000, 0.580000, 1.220000, 0.640320, 0.429060, -1.000000, 0.478672, -1.000000
0.400000, 0.590000, 1.210000, 0.644280, 0.429072, -1.000000, 0.478898, -1.000000
0.400000, 0.600000, 1.200000, 0.648000, 0.429085, -1.000000, 0.479125, -1.000000
0.400000, 0.610000, 1.190000, 0.651480, 0.429098, -1.000000, 0.479352, -1.000000
0.400000, 0.620000, 1.180000, 0.654720, 0.429111, -1.000000, 0.479579, -1.000000
0.400000, 0.630000, 1.170000, 0.657720, 0.429124, -1.000000, 0.479806, -1.000000
0.400000, 0.640000, 1.160000, 0.660480, 0.429136, -1.000000, 0.480033, -1.000000
0.400000, 0.650000, 1.150000, 0.663000, 0.429149, -1.000000, 0.480260, -1.000000
0.400000, 0.660000, 1.140000, 0.665280, 0.428376, -1.000000, 0.480487, -1.000000
0.400000, 0.670000, 1.130000, 0.667320, 0.427155, -1.000000, 0.480714, -1.000000
0.400000, 0.680000, 1.120000, 0.669120, 0.425936, -1.000000, 0.480941, -1.000000
0.400000, 0.690000, 1.110000, 0.670680, 0.424718, -1.000000, 0.481168, -1.000000
0.400000, 0.700000, 1.100001, 0.672000, 0.423501, -1.000000, 0.481395, -1.000000
0.400000, 0.710000, 1.090001, 0.673080, 0.422284, -1.000000, 0.481622, -1.000000
0.400000, 0.720000, 1.080001, 0.673920, 0.421069, -1.000000, 0.481849, -1.000000
0.400000, 0.730000, 1.070001, 0.674520, 0.419855, -1.000000, 0.482076, -1.000000
0.400000, 0.740000, 1.060001, 0.674880, 0.418641, -1.000000, 0.482303, -1.000000
0.400000, 0.750000, 1.050001, 0.675000, 0.417428, -1.000000, 0.482530, -1.000000
0.400000, 0.760000, 1.040001, 0.674880, 0.416217, -1.000000, 0.482043, -1.000000
0.400000, 0.770000, 1.030001, 0.674520, 0.413523, -1.000000, 0.479254, -1.000000
0.400000, 0.780000, 1.020001, 0.673920, 0.409428, -1.000000, 0.476466, -1.000000
0.400000, 0.790000, 1.010001, 0.673080, 0.405345, -1.000000, 0.473680, -1.000000
0.400000, 0.800000, 1.000001, 0.672000, 0.401275, -1.000000, 0.470895, -1.000000
0.400000, 0.810000, 0.990001, 0.670680, 0.397219, -1.000000, 0.468112, -1.000000
0.400000, 0.820000, 0.980001, 0.669120, 0.393177, -1.000000, 0.465331, -1.000000
0.400000, 0.830000, 0.970001, 0.667320, 0.389149, -1.000000, 0.462552, -1.000000
0.400000, 0.839999, 0.960001, 0.665280, 0.385137, -1.000000, 0.459776, -1.000000
0.400000, 0.849999, 0.950001, 0.663000, 0.381140, -1.000000, 0.457002, -1.000000
0.400000, 0.859999, 0.940001, 0.660480, 0.377159, -1.000000, 0.454230, -1.000000
0.400000, 0.869999, 0.930001, 0.657720, 0.373195, -1.000000, 0.451462, -1.000000
0.400000, 0.879999, 0.920001, 0.654720, 0.369247, -1.000000, 0.448696, -1.000000
0.400000, 0.889999, 0.910001, 0.651480, 0.365317, -1.000000, 0.445934, -1.000000
0.400000, 0.899999, 0.900001, 0.648000, 0.361405, -1.000000, 0.443175, -1.000000
0.400000, 0.909999, 0.890001, 0.644280, 0.357511, -1.000000, 0.440420, -1.000000
0.400000, 0.919999, 0.880001, 0.640320, 0.353636, -1.000000, 0.437668, -1.000000
0.400000, 0.929999, 0.870001, 0.636120, 0.349780, -1.000000, 0.434920, -1.000000
0.400000, 0.939999, 0.860001, 0.631680, 0.345944, -1.000000, 0.432176, -1.000000
0.400000, 0.949999, 0.850001, 0.627000, 0.342127, -1.000000, 0.429436, -1.000000
0.400000, 0.959999, 0.840001, 0.622080, 0.338331, -1.000000, 0.426700, -1.000000
0.400000, 0.969999, 0.830001, 0.616920, 0.334555, -1.000000, 0.423969, -1.000000
0.400000, 0.979999, 0.820001, 0.611521, 0.330801, -1.000000, 0.421243, -1.000000
0.400000, 0.989999, 0.810001, 0.605880, 0.327068, -1.000000, 0.418521, -1.000000
0.400000, 0.999999, 0.800001, 0.600001, 0.323357, -1.000000, 0.415805, -1.000000
0.410000, 0.000000, 1.790000, 0.000000, 0.223691, 0.655411, 0.277585, 0.758630
0.410000, 0.010000, 1.780000, 0.017780, 0.228581, -1.000000, 0.282099, -1.000000
0.410000, 0.020000, 1.770000, 0.035320, 0.233545, -1.000000, 0.286658, -1.000000
0.410000, 0.030000, 1.760000, 0.052620, 0.238584, -1.000000, 0.291260, -1.000000
0.410000, 0.040000, 1.750000, 0.069680, 0.243697, -1.000000, 0.295905, -1.000000
0.410000, 0.050000, 1.740000, 0.086500, 0.248884, -1.000000, 0.300594, -1.000000
0.410000, 0.060000, 1.730000, 0.103080, 0.254145, -1.000000, 0.305324, -1.000000
0.410000, 0.070000, 1.720000, 0.119420, 0.259478, -1.000000, 0.310096, -1.000000
0.410000, 0.080000, 1.710000, 0.135520, 0.264883, -1.000000, 0.314908, -1.000000
0.410000, 0.090000, 1.700000, 0.151380, 0.270359, -1.000000, 0.319761, -1.000000
0.410000, 0.100000, 1.690000, 0.167000, 0.275907, -1.000000, 0.324652, -1.000000
0.410000, 0.110000, 1.680000, 0.182380, 0.281524, -1.000000, 0.329583, -1.000000
0.410000, 0.120000, 1.670000, 0.197520, 0.287210, -1.000000, 0.334551, -1.000000
0.410000, 0.130000, 1.660000, 0.212420, 0.292965, -1.000000, 0.339556, -1.000000
0.410000, 0.140000, 1.650000, 0.227080, 0.298786, -1.000000, 0.344598, -1.000000
0.410000, 0.150000, 1.640000, 0.241500, 0.304673, -1.000000, 0.349674, -1.000000
0.410000, 0.160000, 1.630000, 0.255680, 0.310625, -1.000000, 0.354785, -1.000000
0.410000, 0.170000, 1.620000, 0.269620, 0.316640, -1.000000, 0.359929, -1.000000
0.410000, 0.180000, 1.610000, 0.283320, 0.322717, -1.000000, 0.365106, -1.000000
0.410000, 0.190000, 1.600000, 0.296780, 0.328720, -1.000000, 0.370314, -1.000000
0.410000, 0.200000, 1.590000, 0.310000, 0.334094, -1.000000, 0.375552, -1.000000
0.410000, 0.210000, 1.580000, 0.322980, 0.339511, -1.000000, 0.380820, -1.000000
0.410000, 0.220000, 1.570000, 0.335720, 0.344970, -1.000000, 0.386115, -1.000000
0.410000, 0.230000, 1.560000, 0.348220, 0.350289, -1.000000, 0.391438, -1.000000
0.410000, 0.240000, 1.550000, 0.360480, 0.353032, -1.000000, 0.395469, -1.000000
0.410000, 0.250000, 1.540000, 0.372500, 0.355785, -1.000000, 0.399271, -1.000000
0.410000, 0.260000, 1.530000, 0.384280, 0.358548, -1.000000, 0.403086, -1.000000
0.410000, 0.270000, 1.520000, 0.395820, 0.361320, -1.000000, 0.406912, -1.000000
0.410000, 0.280000, 1.510000, 0.407120, 0.364101, -1.000000, 0.410749, -1.000000
0.410000, 0.290000, 1.500000, 0.418180, 0.366891, -1.000000, 0.414597, -1.000000
0.410000, 0.300000, 1.490000, 0.429000, 0.369691, -1.000000, 0.418456, -1.000000
0.410000, 0.310000, 1.480000, 0.439580, 0.372499, -1.000000, 0.422324, -1.000000
0.410000, 0.320000, 1.470000, 0.449920, 0.375316, -1.000000, 0.426202, -1.000000
0.410000, 0.330000, 1.460000, 0.460020, 0.378141, -1.000000, 0.430090, -1.000000
0.410000, 0.340000, 1.450000, 0.469880, 0.380974, -1.000000, 0.433985, -1.000000
0.410000, 0.350000, 1.440000, 0.479500, 0.383816, -1.000000, 0.437889, -1.000000
0.410000, 0.360000, 1.430000, 0.488880, 0.386666, -1.000000, 0.441801, -1.000000
0.410000, 0.370000, 1.420000, 0.498020, 0.389523, -1.000000, 0.445720, -1.000000
0.410000, 0.380000, 1.410000, 0.506920, 0.392388, -1.000000, 0.449646, -1.000000
0.410000, 0.390000, 1.400000, 0.515580, 0.395260, -1.000000, 0.453578, -1.000000
0.410000, 0.400000, 1.390000, 0.524000, 0.398140, -1.000000, 0.457516, -1.000000
0.410000, 0.410000, 1.380000, 0.532180, 0.401027, -1.000000, 0.461459, -1.000000
0.410000, 0.420000, 1.370000, 0.540120, 0.403920, -1.000000, 0.465407, -1.000000
0.410000, 0.430000, 1.360000, 0.547820, 0.406821, -1.000000, 0.469359, -1.000000
0.410000, 0.440000, 1.350000, 0.555280, 0.409728, -1.000000, 0.473316, -1.000000
0.410000, 0.450000, 1.340000, 0.562500, 0.412641, -1.000000, 0.475679, -1.000000
0.410000, 0.460000, 1.330000, 0.569480, 0.415560, -1.000000, 0.475906, -1.000000
0.410000, 0.470000, 1.320000, 0.576220, 0.418485, -1.000000, 0.476133, -1.000000
0.410000, 0.480000, 1.310000, 0.582720, 0.421416, -1.000000, 0.476360, -1.000000
0.410000, 0.490000, 1.300000, 0.588980, 0.424353, -1.000000, 0.476586, -1.000000
0.410000, 0.500000, 1.290000, 0.595000, 0.425663, -1.000000, 0.476813, -1.000000
0.410000, 0.510000, 1.280000, 0.600780, 0.426288, -1.000000, 0.477040, -1.000000
0.410000, 0.520000, 1.270000, 0.606320, 0.426913, -1.000000, 0.477267, -1.000000
0.410000, 0.530000, 1.260000, 0.611620, 0.427539, -1.000000, 0.477494, -1.000000
0.410000, 0.540000, 1.250000, 0.616680, 0.428165, -1.000000, 0.477721, -1.000000
0.410000, 0.550000, 1.240000, 0.621500, 0.428791, -1.000000, 0.477947, -1.000000
0.410000, 0.560000, 1.230000, 0.626080, 0.429044, -1.000000, 0.478174, -1.000000
0.410000, 0.570000, 1.220000, 0.630420, 0.429057, -1.000000, 0.478401, -1.000000
0.410000, 0.580000, 1.210000, 0.634520, 0.429070, -1.000000, 0.478628, -1.000000
0.410000, 0.590000, 1.200000, 0.638380, 0.429083, -1.000000, 0.478855, -1.000000
0.410000, 0.600000, 1.190000, 0.642000, 0.429095, -1.000000, 0.479082, -1.000000
0.410000, 0.610000, 1.180000, 0.645380, 0.429108, -1.000000, 0.479309, -1.000000
0.410000, 0.620000, 1.170000, 0.648520, 0.429121, -1.000000, 0.479536, -1.000000
0.410000, 0.630000, 1.160000, 0.651420, 0.429134, -1.000000, 0.479763, -1.000000
0.410000, 0.640000, 1.150000, 0.654080, 0.429146, -1.000000, 0.479990, -1.000000
0.410000, 0.650000, 1.140000, 0.656500, 0.429159, -1.000000, 0.480217, -1.000000
0.410000, 0.660000, 1.130000, 0.658680, 0.428424, -1.000000, 0.480443, -1.000000
0.410000, 0.670000, 1.120000, 0.660620, 0.427204, -1.000000, 0.480670, -1.000000
0.410000, 0.680000, 1.110000, 0.662320, 0.425984, -1.000000, 0.480897, -1.000000
0.410000, 0.690000, 1.100001, 0.663780, 0.424766, -1.000000, 0.481124, -1.000000
0.410000, 0.700000, 1.090001, 0.665000, 0.423549, -1.000000, 0.481351, -1.000000
0.410000, 0.710000, 1.080001, 0.665980, 0.422332, -1.000000, 0.481578, -1.000000
0.410000, 0.720000, 1.070001, 0.666720, 0.421117, -1.000000, 0.481805, -1.000000
0.410000, 0.730000, 1.060001, 0.667220, 0.419902, -1.000000, 0.482032, -1.000000
0.410000, 0.740000, 1.050001, 0.667480, 0.418689, -1.000000, 0.482259, -1.000000
0.410000, 0.750000, 1.040001, 0.667500, 0.417476, -1.000000, 0.482486, -1.000000
0.410000, 0.760000, 1.030001, 0.667280, 0.416265, -1.000000, 0.482012, -1.000000
0.410000, 0.770000, 1.020001, 0.666820, 0.413721, -1.000000, 0.479222, -1.000000
0.410000, 0.780000, 1.010001, 0.666120, 0.409625, -1.000000, 0.476434, -1.000000
0.410000, 0.790000, 1.000001, 0.665180, 0.405541, -1.000000, 0.473648, -1.000000
0.410000, 0.800000, 0.990001, 0.664000, 0.401471, -1.000000, 0.470863, -1.000000
0.410000, 0.810000, 0.980001, 0.662580, 0.397414, -1.000000, 0.468080, -1.000000
0.410000, 0.820000, 0.970001, 0.660920, 0.393371, -1.000000, 0.465299, -1.000000
0.410000, 0.830000, 0.960001, 0.659020, 0.389343, -1.000000, 0.462521, -1.000000
0.410000, 0.839999, 0.950001, 0.656880, 0.385330, -1.000000, 0.459744, -1.000000
0.410000, 0.849999, 0.940001, 0.654500, 0.381332, -1.000000, 0.456970, -1.000000
0.410000, 0.859999, 0.930001, 0.651880, 0.377350, -1.000000, 0.454199, -1.000000
0.410000, 0.869999, 0.920001, 0.649020, 0.373385, -1.000000, 0.451430, -1.000000
0.410000, 0.879999, 0.910001, 0.645920, 0.369437, -1.000000, 0.448665, -1.000000
0.410000, 0.889999, 0.900001, 0.642580, 0.365506, -1.000000, 0.445903, -1.000000
0.410000, 0.899999, 0.890001, 0.639000, 0.361593, -1.000000, 0.443144, -1.000000
0.410000, 0.909999, 0.880001, 0.635180, 0.357698, -1.000000, 0.440388, -1.000000
0.410000, 0.919999, 0.870001, 0.631120, 0.353822, -1.000000, 0.437636, -1.000000
0.410000, 0.929999, 0.860001, 0.626820, 0.349965, -1.000000, 0.434888, -1.000000
0.410000, 0.939999, 0.850001, 0.622280, 0.346128, -1.000000, 0.432144, -1.000000
0.410000, 0.949999, 0.840001, 0.617500, 0.342310, -1.000000, 0.429405, -1.000000
0.410000, 0.959999, 0.830001, 0.612480, 0.338513, -1.000000, 0.426669, -1.000000
0.410000, 0.969999, 0.820001, 0.607220, 0.334737, -1.000000, 0.423938, -1.000000
0.410000, 0.979999, 0.810001, 0.601720, 0.330981, -1.000000, 0.421212, -1.000000
0.410000, 0.989999, 0.800001, 0.595980, 0.327247, -1.000000, 0.418490, -1.000000
0.410000, 0.999999, 0.790001, 0.590001, 0.323535, -1.000000, 0.415774, -1.000000
0.420000, 0.000000, 1.780000, 0.000000, 0.223592, 0.655416, 0.277565, 0.758624
0.420000, 0.010000, 1.770000, 0.017680, 0.228480, -1.000000, 0.282079, -1.000000
0.420000, 0.020000, 1.760000, 0.035120, 0.233443, -1.000000, 0.286638, -1.000000
0.420000, 0.030000, 1.750000, 0.052320, 0.238481, -1.000000, 0.291240, -1.000000
0.420000, 0.040000, 1.740000, 0.069280, 0.243592, -1.000000, 0.295885, -1.000000
0.420000, 0.050000, 1.730000, 0.086000, 0.248778, -1.000000, 0.300573, -1.000000
0.420000, 0.060000, 1.720000, 0.102480, 0.254036, -1.000000, 0.305303, -1.000000
0.420000, 0.070000, 1.710000, 0.118720, 0.259368, -1.000000, 0.310075, -1.000000
0.420000, 0.080000, 1.700000, 0.134720, 0.264772, -1.000000, 0.314887, -1.000000
0.420000, 0.090000, 1.690000, 0.150480, 0.270247, -1.000000, 0.319739, -1.000000
0.420000, 0.100000, 1.680000, 0.166000, 0.275793, -1.000000, 0.324631, -1.000000
0.420000, 0.110000, 1.670000, 0.181280, 0.281409, -1.000000, 0.329561, -1.000000
0.420000, 0.120000, 1.660000, 0.196320, 0.287094, -1.000000, 0.334530, -1.000000
0.420000, 0.130000, 1.650000, 0.211120, 0.292847, -1.000000, 0.339535, -1.000000
0.420000, 0.140000, 1.640000, 0.225680, 0.298667, -1.000000, 0.344576, -1.000000
0.420000, 0.150000, 1.630000, 0.240000, 0.304552, -1.000000, 0.349652, -1.000000
0.420000, 0.160000, 1.620000, 0.254080, 0.310503, -1.000000, 0.354763, -1.000000
0.420000, 0.170000, 1.610000, 0.267920, 0.316517, -1.000000, 0.359907, -1.000000
0.420000, 0.180000, 1.600000, 0.281520, 0.322592, -1.000000, 0.365083, -1.000000
0.420000, 0.190000, 1.590000, 0.294880, 0.328667, -1.000000, 0.370291, -1.000000
0.420000, 0.200000, 1.580000, 0.308000, 0.334040, -1.000000, 0.375529, -1.000000
0.420000, 0.210000, 1.570000, 0.320880, 0.339457, -1.000000, 0.380797, -1.000000
0.420000, 0.220000, 1.560000, 0.333520, 0.344916, -1.000000, 0.386092, -1.000000
0.420000, 0.230000, 1.550000, 0.345920, 0.350284, -1.000000, 0.391415, -1.000000
0.420000, 0.240000, 1.540000, 0.358080, 0.353027, -1.000000, 0.395493, -1.000000
0.420000, 0.250000, 1.530000, 0.370000, 0.355780, -1.000000, 0.399295, -1.000000
0.420000, 0.260000, 1.520000, 0.381680, 0.358543, -1.000000, 0.403109, -1.000000
0.420000, 0.270000, 1.510000, 0.393120, 0.361315, -1.000000, 0.406935, -1.000000
0.420000, 0.280000, 1.500000, 0.404320, 0.364096, -1.000000, 0.410773, -1.000000
0.420000, 0.290000, 1.490000, 0.415280, 0.366886, -1.000000, 0.414621, -1.000000
0.420000, 0.300000, 1.480000, 0.426000, 0.369686, -1.000000, 0.418480, -1.000000
0.420000, 0.310000, 1.470000, 0.436480, 0.372494, -1.000000, 0.422348, -1.000000
0.420000, 0.320000, 1.460000, 0.446720, 0.375310, -1.000000, 0.426226, -1.000000
0.420000, 0.330000, 1.450000, 0.456720, 0.378136, -1.000000, 0.430114, -1.000000
0.420000, 0.340000, 1.440000, 0.466480, 0.380969, -1.000000, 0.434010, -1.000000
0.420000, 0.350000, 1.430000, 0.476000, 0.383811, -1.000000, 0.437914, -1.000000
0.420000, 0.360000, 1.420000, 0.485280, 0.386660, -1.000000, 0.441826, -1.000000
0.420000, 0.370000, 1.410000, 0.494320, 0.389518, -1.000000, 0.445745, -1.000000
0.420000, 0.380000, 1.400000, 0.503120, 0.392383, -1.000000, 0.449671, -1.000000
0.420000, 0.390000, 1.390000, 0.511680, 0.395255, -1.000000, 0.453603, -1.000000
0.420000, 0.400000, 1.380000, 0.520000, 0.398135, -1.000000, 0.457541, -1.000000
0.420000, 0.410000, 1.370000, 0.528080, 0.401021, -1.000000, 0.461484, -1.000000
0.420000, 0.420000, 1.360000, 0.535920, 0.403915, -1.000000, 0.465432, -1.000000
0.420000, 0.430000, 1.350000, 0.543520, 0.406815, -1.000000, 0.469384, -1.000000
0.420000, 0.440000, 1.340000, 0.550880, 0.409722, -1.000000, 0.473340, -1.000000
0.420000, 0.450000, 1.330000, 0.558000, 0.412635, -1.000000, 0.475636, -1.000000
0.420000, 0.460000, 1.320000, 0.564880, 0.415555, -1.000000, 0.475863, -1.000000
0.420000, 0.470000, 1.310000, 0.571520, 0.418480, -1.000000, 0.476089, -1.000000
0.420000, 0.480000, 1.300000, 0.577920, 0.421411, -1.000000, 0.476316, -1.000000
0.420000, 0.490000, 1.290000, 0.584080, 0.424347, -1.000000, 0.476543, -1.000000
0.420000, 0.500000, 1.280000, 0.590000, 0.425703, -1.000000, 0.476770, -1.000000
0.420000, 0.510000, 1.270000, 0.595680, 0.426329, -1.000000, 0.476997, -1.000000
0.420000, 0.520000, 1.260000, 0.601120, 0.426954, -1.000000, 0.477223, -1.000000
0.420000, 0.530000, 1.250000, 0.606320, 0.427580, -1.000000, 0.477450, -1.000000
0.420000, 0.540000, 1.240000, 0.611280, 0.428206, -1.000000, 0.477677, -1.000000
0.420000, 0.550000, 1.230000, 0.616000, 0.428832, -1.000000, 0.477904, -1.000000
0.420000, 0.560000, 1.220000, 0.620480, 0.429054, -1.000000, 0.478131, -1.000000
0.420000, 0.570000, 1.210000, 0.624720, 0.429067, -1.000000, 0.478358, -1.000000
0.420000, 0.580000, 1.200000, 0.628720, 0.429080, -1.000000, 0.478585, -1.000000
0.420000, 0.590000, 1.190000, 0.632480, 0.429093, -1.000000, 0.478811, -1.000000
0.420000, 0.600000, 1.180000, 0.636000, 0.429106, -1.000000, 0.479038, -1.000000
0.420000, 0.610000, 1.170000, 0.639280, 0.429118, -1.000000, 0.479265, -1.000000
0.420000, 0.620000, 1.160000, 0.642320, 0.429131, -1.000000, 0.479492, -1.000000
0.420000, 0.630000, 1.150000, 0.645120, 0.429144, -1.000000, 0.479719, -1.000000
0.420000, 0.640000, 1.140000, 0.647680, 0.429157, -1.000000, 0.479946, -1.000000
0.420000, 0.650000, 1.130000, 0.650000, 0.429169, -1.000000, 0.480173, -1.000000
0.420000, 0.660000, 1.120000, 0.652080, 0.428472, -1.000000, 0.480400, -1.000000
0.420000, 0.670000, 1.110000, 0.653920, 0.427252, -1.000000, 0.480627, -1.000000
0.420000, 0.680000, 1.100001, 0.655520, 0.426032, -1.000000, 0.480854, -1.000000
0.420000, 0.690000, 1.090001, 0.656880, 0.424814, -1.000000, 0.481081, -1.000000
0.420000, 0.700000, 1.080001, 0.658000, 0.423597, -1.000000, 0.481308, -1.000000
0.420000, 0.710000, 1.070001, 0.658880, 0.422380, -1.000000, 0.481535, -1.000000
0.420000, 0.720000, 1.060001, 0.659520, 0.421165, -1.000000, 0.481762, -1.000000
0.420000, 0.730000, 1.050001, 0.659920, 0.419950, -1.000000, 0.481989, -1.000000
0.420000, 0.740000, 1.040001, 0.660080, 0.418737, -1.000000, 0.482216, -1.000000
0.420000, 0.750000, 1.030001, 0.660000, 0.417524, -1.000000, 0.482443, -1.000000
0.420000, 0.760000, 1.020001, 0.659680, 0.416312, -1.000000, 0.481980, -1.000000
0.420000, 0.770000, 1.010001, 0.659120, 0.413918, -1.000000, 0.479191, -1.000000
0.420000, 0.780000, 1.000001, 0.658320, 0.409822, -1.000000, 0.476403, -1.000000
0.420000, 0.790000, 0.990001, 0.657280, 0.405738, -1.000000, 0.473616, -1.000000
0.420000, 0.800000, 0.980001, 0.656000, 0.401667, -1.000000, 0.470832, -1.000000
0.420000, 0.810000, 0.970001, 0.654480, 0.397609, -1.000000, 0.468049, -1.000000
0.420000, 0.820000, 0.960001, 0.652720, 0.393565, -1.000000, 0.465268, -1.000000
0.420000, 0.830000, 0.950001, 0.650720, 0.389536, -1.000000, 0.462489, -1.000000
0.420000, 0.839999, 0.940001, 0.648480, 0.385523, -1.000000, 0.459713, -1.000000
0.420000, 0.849999, 0.930001, 0.646000, 0.381524, -1.000000, 0.456939, -1.000000
0.420000, 0.859999, 0.920001, 0.643280, 0.377542, -1.000000, 0.454167, -1.000000
0.420000, 0.869999, 0.910001, 0.640320, 0.373576, -1.000000, 0.451399, -1.000000
0.420000, 0.879999, 0.900001, 0.637120, 0.369626, -1.000000, 0.448633, -1.000000
0.420000, 0.889999, 0.890001, 0.633680, 0.365695, -1.000000, 0.445871, -1.000000
0.420000, 0.899999, 0.880001, 0.630000, 0.361781, -1.000000, 0.443112, -1.000000
0.420000, 0.909999, 0.870001, 0.626080, 0.357885, -1.000000, 0.440357, -1.000000
0.420000, 0.919999, 0.860001, 0.621920, 0.354008, -1.000000, 0.437605, -1.000000
0.420000, 0.929999, 0.850001, 0.617520, 0.350150, -1.000000, 0.434857, -1.000000
0.420000, 0.939999, 0.840001, 0.612880, 0.346312, -1.000000, 0.432113, -1.000000
0.420000, 0.949999, 0.830001, 0.608000, 0.342494, -1.000000, 0.429373, -1.000000
0.420000, 0.959999, 0.820001, 0.602880, 0.338695, -1.000000, 0.426638, -1.000000
0.420000, 0.969999, 0.810001, 0.597520, 0.334918, -1.000000, 0.423907, -1.000000
0.420000, 0.979999, 0.800001, 0.591920, 0.331161, -1.000000, 0.421181, -1.000000
0.420000, 0.989999, 0.790001, 0.586080, 0.327426, -1.000000, 0.418459, -1.000000
0.420000, 0.999999, 0.780001, 0.580001, 0.323713, -1.000000, 0.415743, -1.000000
0.430000, 0.000000, 1.770000, 0.000000, 0.223493, 0.655420, 0.277546, 0.758618
0.430000, 0.010000, 1.760000, 0.017580, 0.228380, -1.000000, 0.282060, -1.000000
0.430000, 0.020000, 1.750000, 0.034920, 0.233341, -1.000000, 0.286618, -1.000000
0.430000, 0.030000, 1.740000, 0.052020, 0.238377, -1.000000, 0.291220, -1.000000
0.430000, 0.040000, 1.730000, 0.068880, 0.243487, -1.000000, 0.295865, -1.000000
0.430000, 0.050000, 1.720000, 0.085500, 0.248671, -1.000000, 0.300553, -1.000000
0.430000, 0.060000, 1.710000, 0.101880, 0.253928, -1.000000, 0.305283, -1.000000
0.430000, 0.070000, 1.700000, 0.118020, 0.259258, -1.000000, 0.310054, -1.000000
0.430000, 0.080000, 1.690000, 0.133920, 0.264661, -1.000000, 0.314866, -1.000000
0.430000, 0.090000, 1.680000, 0.149580, 0.270134, -1.000000, 0.319718, -1.000000
0.430000, 0.100000, 1.670000, 0.165000, 0.275679, -1.000000, 0.324610, -1.000000
0.430000, 0.110000, 1.660000, 0.180180, 0.281293, -1.000000, 0.329540, -1.000000
0.430000, 0.120000, 1.650000, 0.195120, 0.286977, -1.000000, 0.334508, -1.000000
0.430000, 0.130000, 1.640000, 0.209820, 0.292729, -1.000000, 0.339513, -1.000000
0.430000, 0.140000, 1.630000, 0.224280, 0.298547, -1.000000, 0.344554, -1.000000
0.430000, 0.150000, 1.620000, 0.238500, 0.304432, -1.000000, 0.349630, -1.000000
0.430000, 0.160000, 1.610000, 0.252480, 0.310381, -1.000000, 0.354741, -1.000000
0.430000, 0.170000, 1.600000, 0.266220, 0.316393, -1.000000, 0.359884, -1.000000
0.430000, 0.180000, 1.590000, 0.279720, 0.322468, -1.000000, 0.365061, -1.000000
0.430000, 0.190000, 1.580000, 0.292980, 0.328603, -1.000000, 0.370268, -1.000000
0.430000, 0.200000, 1.570000, 0.306000, 0.333987, -1.000000, 0.375506, -1.000000
0.430000, 0.210000, 1.560000, 0.318780, 0.339403, -1.000000, 0.380774, -1.000000
0.430000, 0.220000, 1.550000, 0.331320, 0.344862, -1.000000, 0.386069, -1.000000
0.430000, 0.230000, 1.540000, 0.343620, 0.350279, -1.000000, 0.391392, -1.000000
0.430000, 0.240000, 1.530000, 0.355680, 0.353022, -1.000000, 0.395517, -1.000000
0.430000, 0.250000, 1.520000, 0.367500, 0.355775, -1.000000, 0.399319, -1.000000
0.430000, 0.260000, 1.510000, 0.379080, 0.358538, -1.000000, 0.403133, -1.000000
0.430000, 0.270000, 1.500000, 0.390420, 0.361309, -1.000000, 0.406959, -1.000000
0.430000, 0.280000, 1.490000, 0.401520, 0.364091, -1.000000, 0.410797, -1.000000
0.430000, 0.290000, 1.480000, 0.412380, 0.366881, -1.000000, 0.414645, -1.000000
0.430000, 0.300000, 1.470000, 0.423000, 0.369680, -1.000000, 0.418504, -1.000000
0.430000, 0.310000, 1.460000, 0.433380, 0.372488, -1.000000, 0.422372, -1.000000
0.430000, 0.320000, 1.450000, 0.443520, 0.375305, -1.000000, 0.426251, -1.000000
0.430000, 0.330000, 1.440000, 0.453420, 0.378130, -1.000000, 0.430138, -1.000000
0.430000, 0.340000, 1.430000, 0.463080, 0.380964, -1.000000, 0.434034, -1.000000
0.430000, 0.350000, 1.420000, 0.472500, 0.383805, -1.000000, 0.437938, -1.000000
0.430000, 0.360000, 1.410000, 0.481680, 0.386655, -1.000000, 0.441850, -1.000000
0.430000, 0.370000, 1.400000, 0.490620, 0.389512, -1.000000, 0.445769, -1.000000
0.430000, 0.380000, 1.390000, 0.499320, 0.392377, -1.000000, 0.449695, -1.000000
0.430000, 0.390000, 1.380000, 0.507780, 0.395250, -1.000000, 0.453627, -1.000000
0.430000, 0.400000, 1.370000, 0.516000, 0.398129, -1.000000, 0.457565, -1.000000
0.430000, 0.410000, 1.360000, 0.523980, 0.401016, -1.000000, 0.461508, -1.000000
0.430000, 0.420000, 1.350000, 0.531720, 0.403910, -1.000000, 0.465456, -1.000000
0.430000, 0.430000, 1.340000, 0.539220, 0.406810, -1.000000, 0.469409, -1.000000
0.430000, 0.440000, 1.330000, 0.546480, 0.409717, -1.000000, 0.473365, -1.000000
0.430000, 0.450000, 1.320000, 0.553500, 0.412630, -1.000000, 0.475592, -1.000000
0.430000, 0.460000, 1.310000, 0.560280, 0.415549, -1.000000, 0.475819, -1.000000
0.430000, 0.470000, 1.300000, 0.566820, 0.418474, -1.000000, 0.476046, -1.000000
0.430000, 0.480000, 1.290000, 0.573120, 0.421405, -1.000000, 0.476273, -1.000000
0.430000, 0.490000, 1.280000, 0.579180, 0.424342, -1.000000, 0.476499, -1.000000
0.430000, 0.500000, 1.270000, 0.585000, 0.425744, -1.000000, 0.476726, -1.000000
0.430000, 0.510000, 1.260000, 0.590580, 0.426369, -1.000000, 0.476953, -1.000000
0.430000, 0.520000, 1.250000, 0.595920, 0.426995, -1.000000, 0.477180, -1.000000
0.430000, 0.530000, 1.240000, 0.601020, 0.427621, -1.000000, 0.477407, -1.000000
0.430000, 0.540000, 1.230000, 0.605880, 0.428247, -1.000000, 0.477634, -1.000000
0.430000, 0.550000, 1.220000, 0.610500, 0.428873, -1.000000, 0.477861, -1.000000
0.430000, 0.560000, 1.210000, 0.614880, 0.429065, -1.000000, 0.478087, -1.000000
0.430000, 0.570000, 1.200000, 0.619020, 0.429077, -1.000000, 0.478314, -1.000000
0.430000, 0.580000, 1.190000, 0.622920, 0.429090, -1.000000, 0.478541, -1.000000
0.430000, 0.590000, 1.180000, 0.626580, 0.429103, -1.000000, 0.478768, -1.000000
0.430000, 0.600000, 1.170000, 0.630000, 0.429116, -1.000000, 0.478995, -1.000000
0.430000, 0.610000, 1.160000, 0.633180, 0.429128, -1.000000, 0.479222, -1.000000
0.430000, 0.620000, 1.150000, 0.636120, 0.429141, -1.000000, 0.479449, -1.000000
0.430000, 0.630000, 1.140000, 0.638820, 0.429154, -1.000000, 0.479676, -1.000000
0.430000, 0.640000, 1.130000, 0.641280, 0.429167, -1.000000, 0.479903, -1.000000
0.430000, 0.650000, 1.120000, 0.643500, 0.429180, -1.000000, 0.480130, -1.000000
0.430000, 0.660000, 1.110000, 0.645480, 0.428520, -1.000000, 0.480357, -1.000000
0.430000, 0.670000, 1.100001, 0.647220, 0.427300, -1.000000, 0.480583, -1.000000
0.430000, 0.680000, 1.090001, 0.648720, 0.426081, -1.000000, 0.480810, -1.000000
0.430000, 0.690000, 1.080001, 0.649980, 0.424862, -1.000000, 0.481037, -1.000000
0.430000, 0.700000, 1.070001, 0.651000, 0.423645, -1.000000, 0.481264, -1.000000
0.430000, 0.710000, 1.060001, 0.651780, 0.422428, -1.000000, 0.481491, -1.000000
0.430000, 0.720000, 1.050001, 0.652320, 0.421213, -1.000000, 0.481718, -1.000000
0.430000, 0.730000, 1.040001, 0.652620, 0.419998, -1.000000, 0.481945, -1.000000
0.430000, 0.740000, 1.030001, 0.652680, 0.418784, -1.000000, 0.482172, -1.000000
0.430000, 0.750000, 1.020001, 0.652500, 0.417572, -1.000000, 0.482399, -1.000000
0.430000, 0.760000, 1.010001, 0.652080, 0.416360, -1.000000, 0.481948, -1.000000
0.430000, 0.770000, 1.000001, 0.651420, 0.414116, -1.000000, 0.479159, -1.000000
0.430000, 0.780000, 0.990001, 0.650520, 0.410019, -1.000000, 0.476371, -1.000000
0.430000, 0.790000, 0.980001, 0.649380, 0.405934, -1.000000, 0.473585, -1.000000
0.430000, 0.800000, 0.970001, 0.648000, 0.401862, -1.000000, 0.470800, -1.000000
0.430000, 0.810000, 0.960001, 0.646380, 0.397804, -1.000000, 0.468017, -1.000000
0.430000, 0.820000, 0.950001, 0.644520, 0.393760, -1.000000, 0.465236, -1.000000
0.430000, 0.830000, 0.940001, 0.642420, 0.389730, -1.000000, 0.462457, -1.000000
0.430000, 0.839999, 0.930001, 0.640080, 0.385715, -1.000000, 0.459681, -1.000000
0.430000, 0.849999, 0.920001, 0.637500, 0.381716, -1.000000, 0.456907, -1.000000
0.430000, 0.859999, 0.910001, 0.634680, 0.377733, -1.000000, 0.454136, -1.000000
0.430000, 0.869999, 0.900001, 0.631620, 0.373766, -1.000000, 0.451367, -1.000000
0.430000, 0.879999, 0.890001, 0.628320, 0.369816, -1.000000, 0.448602, -1.000000
0.430000, 0.889999, 0.880001, 0.624780, 0.365884, -1.000000, 0.445840, -1.000000
0.430000, 0.899999, 0.870001, 0.621000, 0.361969, -1.000000, 0.443081, -1.000000
0.430000, 0.909999, 0.860001, 0.616980, 0.358072, -1.000000, 0.440326, -1.000000
0.430000, 0.919999, 0.850001, 0.612720, 0.354194, -1.000000, 0.437574, -1.000000
0.430000, 0.929999, 0.840001, 0.608220, 0.350336, -1.000000, 0.434826, -1.000000
0.430000, 0.939999, 0.830001, 0.603480, 0.346496, -1.000000, 0.432082, -1.000000
0.430000, 0.949999, 0.820001, 0.598500, 0.342677, -1.000000, 0.429342, -1.000000
0.430000, 0.959999, 0.810001, 0.593280, 0.338878, -1.000000, 0.426607, -1.000000
0.430000, 0.969999, 0.800001, 0.587821, 0.335099, -1.000000, 0.423876, -1.000000
0.430000, 0.979999, 0.790001, 0.582121, 0.331342, -1.000000, 0.421150, -1.000000
0.430000, 0.989999, 0.780001, 0.576181, 0.327606, -1.000000, 0.418428, -1.000000
0.430000, 0.999999, 0.770001, 0.570001, 0.323891, -1.000000, 0.415712, -1.000000
0.440000, 0.000000, 1.760000, 0.000000, 0.223394, 0.655425, 0.277526, 0.758612
0.440000, 0.010000, 1.750000, 0.017480, 0.228279, -1.000000, 0.282040, -1.000000
0.440000, 0.020000, 1.740000, 0.034720, 0.233239, -1.000000, 0.286598, -1.000000
0.440000, 0.030000, 1.730000, 0.051720, 0.238274, -1.000000, 0.291200, -1.000000
0.440000, 0.040000, 1.720000, 0.068480, 0.243382, -1.000000, 0.295845, -1.000000
0.440000, 0.050000, 1.710000, 0.085000, 0.248565, -1.000000, 0.300532, -1.000000
0.440000, 0.060000, 1.700000, 0.101280, 0.253820, -1.000000, 0.305262, -1.000000
0.440000, 0.070000, 1.690000, 0.117320, 0.259149, -1.000000, 0.310033, -1.000000
0.440000, 0.080000, 1.680000, 0.133120, 0.264550, -1.000000, 0.314845, -1.000000
0.440000, 0.090000, 1.670000, 0.148680, 0.270022, -1.000000, 0.319697, -1.000000
0.440000, 0.100000, 1.660000, 0.164000, 0.275565, -1.000000, 0.324588, -1.000000
0.440000, 0.110000, 1.650000, 0.179080, 0.281178, -1.000000, 0.329518, -1.000000
0.440000, 0.120000, 1.640000, 0.193920, 0.286860, -1.000000, 0.334486, -1.000000
0.440000, 0.130000, 1.630000, 0.208520, 0.292610, -1.000000, 0.339491, -1.000000
0.440000, 0.140000, 1.620000, 0.222880, 0.298428, -1.000000, 0.344532, -1.000000
0.440000, 0.150000, 1.610000, 0.237000, 0.304311, -1.000000, 0.349608, -1.000000
0.440000, 0.160000, 1.600000, 0.250880, 0.310259, -1.000000, 0.354718, -1.000000
0.440000, 0.170000, 1.590000, 0.264520, 0.316270, -1.000000, 0.359862, -1.000000
0.440000, 0.180000, 1.580000, 0.277920, 0.322343, -1.000000, 0.365038, -1.000000
0.440000, 0.190000, 1.570000, 0.291080, 0.328477, -1.000000, 0.370246, -1.000000
0.440000, 0.200000, 1.560000, 0.304000, 0.333933, -1.000000, 0.375484, -1.000000
0.440000, 0.210000, 1.550000, 0.316680, 0.339349, -1.000000, 0.380751, -1.000000
0.440000, 0.220000, 1.540000, 0.329120, 0.344808, -1.000000, 0.386046, -1.000000
0.440000, 0.230000, 1.530000, 0.341320, 0.350274, -1.000000, 0.391369, -1.000000
0.440000, 0.240000, 1.520000, 0.353280, 0.353017, -1.000000, 0.395541, -1.000000
0.440000, 0.250000, 1.510000, 0.365000, 0.355770, -1.000000, 0.399343, -1.000000
0.440000, 0.260000, 1.500000, 0.376480, 0.358532, -1.000000, 0.403157, -1.000000
0.440000, 0.270000, 1.490000, 0.387720, 0.361304, -1.000000, 0.406983, -1.000000
0.440000, 0.280000, 1.480000, 0.398720, 0.364086, -1.000000, 0.410821, -1.000000
0.440000, 0.290000, 1.470000, 0.409480, 0.366876, -1.000000, 0.414669, -1.000000
0.440000, 0.300000, 1.460000, 0.420000, 0.369675, -1.000000, 0.418528, -1.000000
0.440000, 0.310000, 1.450000, 0.430280, 0.372483, -1.000000, 0.422397, -1.000000
0.440000, 0.320000, 1.440000, 0.440320, 0.375300, -1.000000, 0.426275, -1.000000
0.440000, 0.330000, 1.430000, 0.450120, 0.378125, -1.000000, 0.430162, -1.000000
0.440000, 0.340000, 1.420000, 0.459680, 0.380959, -1.000000, 0.434059, -1.000000
0.440000, 0.350000, 1.410000, 0.469000, 0.383800, -1.000000, 0.437963, -1.000000
0.440000, 0.360000, 1.400000, 0.478080, 0.386650, -1.000000, 0.441875, -1.000000
0.440000, 0.370000, 1.390000, 0.486920, 0.389507, -1.000000, 0.445794, -1.000000
0.440000, 0.380000, 1.380000, 0.495520, 0.392372, -1.000000, 0.449720, -1.000000
0.440000, 0.390000, 1.370000, 0.503880, 0.395245, -1.000000, 0.453652, -1.000000
0.440000, 0.400000, 1.360000, 0.512000, 0.398124, -1.000000, 0.457590, -1.000000
0.440000, 0.410000, 1.350000, 0.519880, 0.401011, -1.000000, 0.461533, -1.000000
0.440000, 0.420000, 1.340000, 0.527520, 0.403904, -1.000000, 0.465481, -1.000000
0.440000, 0.430000, 1.330000, 0.534920, 0.406805, -1.000000, 0.469434, -1.000000
0.440000, 0.440000, 1.320000, 0.542080, 0.409712, -1.000000, 0.473390, -1.000000
0.440000, 0.450000, 1.310000, 0.549000, 0.412625, -1.000000, 0.475549, -1.000000
0.440000, 0.460000, 1.300000, 0.555680, 0.415544, -1.000000, 0.475776, -1.000000
0.440000, 0.470000, 1.290000, 0.562120, 0.418469, -1.000000, 0.476002, -1.000000
0.440000, 0.480000, 1.280000, 0.568320, 0.421400, -1.000000, 0.476229, -1.000000
0.440000, 0.490000, 1.270000, 0.574280, 0.424336, -1.000000, 0.476456, -1.000000
0.440000, 0.500000, 1.260000, 0.580000, 0.425785, -1.000000, 0.476683, -1.000000
0.440000, 0.510000, 1.250000, 0.585480, 0.426410, -1.000000, 0.476910, -1.000000
0.440000, 0.520000, 1.240000, 0.590720, 0.427036, -1.000000, 0.477136, -1.000000
0.440000, 0.530000, 1.230000, 0.595720, 0.427661, -1.000000, 0.477363, -1.000000
0.440000, 0.540000, 1.220000, 0.600480, 0.428287, -1.000000, 0.477590, -1.000000
0.440000, 0.550000, 1.210000, 0.605000, 0.428913, -1.000000, 0.477817, -1.000000
0.440000, 0.560000, 1.200000, 0.609280, 0.429075, -1.000000, 0.478044, -1.000000
0.440000, 0.570000, 1.190000, 0.613320, 0.429088, -1.000000, 0.478271, -1.000000
0.440000, 0.580000, 1.180000, 0.617120, 0.429100, -1.000000, 0.478498, -1.000000
0.440000, 0.590000, 1.170000, 0.620680, 0.429113, -1.000000, 0.478725, -1.000000
0.440000, 0.600000, 1.160000, 0.624000, 0.429126, -1.000000, 0.478951, -1.000000
0.440000, 0.610000, 1.150000, 0.627080, 0.429139, -1.000000, 0.479178, -1.000000
0.440000, 0.620000, 1.140000, 0.629920, 0.429151, -1.000000, 0.479405, -1.000000
0.440000, 0.630000, 1.130000, 0.632520, 0.429164, -1.000000, 0.479632, -1.000000
0.440000, 0.640000, 1.120000, 0.634880, 0.429177, -1.000000, 0.479859, -1.000000
0.440000, 0.650000, 1.110000, 0.637000, 0.429190, -1.000000, 0.480086, -1.000000
0.440000, 0.660000, 1.100001, 0.638880, 0.428568, -1.000000, 0.480313, -1.000000
0.440000, 0.670000, 1.090001, 0.640520, 0.427348, -1.000000, 0.480540, -1.000000
0.440000, 0.680000, 1.080001, 0.641920, 0.426129, -1.000000, 0.480767, -1.000000
0.440000, 0.690000, 1.070001, 0.643080, 0.424910, -1.000000, 0.480994, -1.000000
0.440000, 0.700000, 1.060001, 0.644000, 0.423693, -1.000000, 0.481221, -1.000000
0.440000, 0.710000, 1.050001, 0.644680, 0.422476, -1.000000, 0.481448, -1.000000
0.440000, 0.720000, 1.040001, 0.645120, 0.421261, -1.000000, 0.481675, -1.000000
0.440000, 0.730000, 1.030001, 0.645320, 0.420046, -1.000000, 0.481902, -1.000000
0.440000, 0.740000, 1.020001, 0.645280, 0.418832, -1.000000, 0.482129, -1.000000
0.440000, 0.750000, 1.010001, 0.645000, 0.417620, -1.000000, 0.482356, -1.000000
0.440000, 0.760000, 1.000001, 0.644480, 0.416408, -1.000000, 0.481916, -1.000000
0.440000, 0.770000, 0.990001, 0.643720, 0.414313, -1.000000, 0.479127, -1.000000
0.440000, 0.780000, 0.980001, 0.642720, 0.410216, -1.000000, 0.476339, -1.000000
0.440000, 0.790000, 0.970001, 0.641480, 0.406130, -1.000000, 0.473553, -1.000000
0.440000, 0.800000, 0.960001, 0.640000, 0.402058, -1.000000, 0.470768, -1.000000
0.440000, 0.810000, 0.950001, 0.638280, 0.397999, -1.000000, 0.467985, -1.000000
0.440000, 0.820000, 0.940001, 0.636320, 0.393954, -1.000000, 0.465205, -1.000000
0.440000, 0.830000, 0.930001, 0.634120, 0.389924, -1.000000, 0.462426, -1.000000
0.440000, 0.839999, 0.920001, 0.631680, 0.385908, -1.000000, 0.459649, -1.000000
0.440000, 0.849999, 0.910001, 0.629000, 0.381908, -1.000000, 0.456876, -1.000000
0.440000, 0.859999, 0.900001, 0.626080, 0.377924, -1.000000, 0.454104, -1.000000
0.440000, 0.869999, 0.890001, 0.622920, 0.373957, -1.000000, 0.451336, -1.000000
0.440000, 0.879999, 0.880001, 0.619520, 0.370006, -1.000000, 0.448571, -1.000000
0.440000, 0.889999, 0.870001, 0.615880, 0.366072, -1.000000, 0.445808, -1.000000
0.440000, 0.899999, 0.860001, 0.612000, 0.362157, -1.000000, 0.443049, -1.000000
0.440000, 0.909999, 0.850001, 0.607880, 0.358259, -1.000000, 0.440294, -1.000000
0.440000, 0.919999, 0.840001, 0.603520, 0.354381, -1.000000, 0.437543, -1.000000
0.440000, 0.929999, 0.830001, 0.598920, 0.350521, -1.000000, 0.434795, -1.000000
0.440000, 0.939999, 0.820001, 0.594080, 0.346681, -1.000000, 0.432051, -1.000000
0.440000, 0.949999, 0.810001, 0.589000, 0.342860, -1.000000, 0.429311, -1.000000
0.440000, 0.959999, 0.800001, 0.583681, 0.339060, -1.000000, 0.426576, -1.000000
0.440000, 0.969999, 0.790001, 0.578120, 0.335281, -1.000000, 0.423845, -1.000000
0.440000, 0.979999, 0.780001, 0.572321, 0.331522, -1.000000, 0.421119, -1.000000
0.440000, 0.989999, 0.770001, 0.566281, 0.327785, -1.000000, 0.418397, -1.000000
0.440000, 0.999999, 0.760001, 0.560001, 0.324069, -1.000000, 0.415681, -1.000000
0.450000, 0.000000, 1.750000, 0.000000, 0.223293, 0.655430, 0.277507, 0.758606
0.450000, 0.010000, 1.740000, 0.017380, 0.228179, -1.000000, 0.282020, -1.000000
0.450000, 0.020000, 1.730000, 0.034520, 0.233137, -1.000000, 0.286578, -1.000000
0.450000, 0.030000, 1.720000, 0.051420, 0.238170, -1.000000, 0.291179, -1.000000
0.450000, 0.040000, 1.710000, 0.068080, 0.243277, -1.000000, 0.295824, -1.000000
0.450000, 0.050000, 1.700000, 0.084500, 0.248458, -1.000000, 0.300512, -1.000000
0.450000, 0.060000, 1.690000, 0.100680, 0.253712, -1.000000, 0.305241, -1.000000
0.450000, 0.070000, 1.680000, 0.116620, 0.259039, -1.000000, 0.310012, -1.000000
0.450000, 0.080000, 1.670000, 0.132320, 0.264439, -1.000000, 0.314824, -1.000000
0.450000, 0.090000, 1.660000, 0.147780, 0.269910, -1.000000, 0.319676, -1.000000
0.450000, 0.100000, 1.650000, 0.163000, 0.275451, -1.000000, 0.324567, -1.000000
0.450000, 0.110000, 1.640000, 0.177980, 0.281063, -1.000000, 0.329497, -1.000000
0.450000, 0.120000, 1.630000, 0.192720, 0.286744, -1.000000, 0.334465, -1.000000
0.450000, 0.130000, 1.620000, 0.207220, 0.292492, -1.000000, 0.339469, -1.000000
0.450000, 0.140000, 1.610000, 0.221480, 0.298308, -1.000000, 0.344510, -1.000000
0.450000, 0.150000, 1.600000, 0.235500, 0.304190, -1.000000, 0.349586, -1.000000
0.450000, 0.160000, 1.590000, 0.249280, 0.310137, -1.000000, 0.354696, -1.000000
0.450000, 0.170000, 1.580000, 0.262820, 0.316147, -1.000000, 0.359840, -1.000000
0.450000, 0.180000, 1.570000, 0.276120, 0.322219, -1.000000, 0.365016, -1.000000
0.450000, 0.190000, 1.560000, 0.289180, 0.328351, -1.000000, 0.370223, -1.000000
0.450000, 0.200000, 1.550000, 0.302000, 0.333880, -1.000000, 0.375461, -1.000000
0.450000, 0.210000, 1.540000, 0.314580, 0.339296, -1.000000, 0.380728, -1.000000
0.450000, 0.220000, 1.530000, 0.326920, 0.344753, -1.000000, 0.386023, -1.000000
0.450000, 0.230000, 1.520000, 0.339020, 0.350253, -1.000000, 0.391346, -1.000000
0.450000, 0.240000, 1.510000, 0.350880, 0.353012, -1.000000, 0.395564, -1.000000
0.450000, 0.250000, 1.500000, 0.362500, 0.355765, -1.000000, 0.399367, -1.000000
0.450000, 0.260000, 1.490000, 0.373880, 0.358527, -1.000000, 0.403181, -1.000000
0.450000, 0.270000, 1.480000, 0.385020, 0.361299, -1.000000, 0.407007, -1.000000
0.450000, 0.280000, 1.470000, 0.395920, 0.364081, -1.000000, 0.410845, -1.000000
0.450000, 0.290000, 1.460000, 0.406580, 0.366871, -1.000000, 0.414693, -1.000000
0.450000, 0.300000, 1.450000, 0.417000, 0.369670, -1.000000, 0.418552, -1.000000
0.450000, 0.310000, 1.440000, 0.427180, 0.372478, -1.000000, 0.422421, -1.000000
0.450000, 0.320000, 1.430000, 0.437120, 0.375295, -1.000000, 0.426299, -1.000000
0.450000, 0.330000, 1.420000, 0.446820, 0.378120, -1.000000, 0.430187, -1.000000
0.450000, 0.340000, 1.410000, 0.456280, 0.380954, -1.000000, 0.434083, -1.000000
0.450000, 0.350000, 1.400000, 0.465500, 0.383795, -1.000000, 0.437987, -1.000000
0.450000, 0.360000, 1.390000, 0.474480, 0.386645, -1.000000, 0.441899, -1.000000
0.450000, 0.370000, 1.380000, 0.483220, 0.389502, -1.000000, 0.445818, -1.000000
0.450000, 0.380000, 1.370000, 0.491720, 0.392367, -1.000000, 0.449744, -1.000000
0.450000, 0.390000, 1.360000, 0.499980, 0.395239, -1.000000, 0.453676, -1.000000
0.450000, 0.400000, 1.350000, 0.508000, 0.398119, -1.000000, 0.457614, -1.000000
0.450000, 0.410000, 1.340000, 0.515780, 0.401006, -1.000000, 0.461558, -1.000000
0.450000, 0.420000, 1.330000, 0.523320, 0.403899, -1.000000, 0.465506, -1.000000
0.450000, 0.430000, 1.320000, 0.530620, 0.406799, -1.000000, 0.469458, -1.000000
0.450000, 0.440000, 1.310000, 0.537680, 0.409706, -1.000000, 0.473415, -1.000000
0.450000, 0.450000, 1.300000, 0.544500, 0.412619, -1.000000, 0.475505, -1.000000
0.450000, 0.460000, 1.290000, 0.551080, 0.415539, -1.000000, 0.475732, -1.000000
0.450000, 0.470000, 1.280000, 0.557420, 0.418464, -1.000000, 0.475959, -1.000000
0.450000, 0.480000, 1.270000, 0.563520, 0.421395, -1.000000, 0.476186, -1.000000
0.450000, 0.490000, 1.260000, 0.569380, 0.424331, -1.000000, 0.476413, -1.000000
0.450000, 0.500000, 1.250000, 0.575000, 0.425825, -1.000000, 0.476639, -1.000000
0.450000, 0.510000, 1.240000, 0.580380, 0.426451, -1.000000, 0.476866, -1.000000
0.450000, 0.520000, 1.230000, 0.585520, 0.427076, -1.000000, 0.477093, -1.000000
0.450000, 0.530000, 1.220000, 0.590420, 0.427702, -1.000000, 0.477320, -1.000000
0.450000, 0.540000, 1.210000, 0.595080, 0.428328, -1.000000, 0.477547, -1.000000
0.450000, 0.550000, 1.200000, 0.599500, 0.428954, -1.000000, 0.477774, -1.000000
0.450000, 0.560000, 1.190000, 0.603680, 0.429085, -1.000000, 0.478000, -1.000000
0.450000, 0.570000, 1.180000, 0.607620, 0.429098, -1.000000, 0.478227, -1.000000
0.450000, 0.580000, 1.170000, 0.611320, 0.429111, -1.000000, 0.478454, -1.000000
0.450000, 0.590000, 1.160000, 0.614780, 0.429123, -1.000000, 0.478681, -1.000000
0.450000, 0.600000, 1.150000, 0.618000, 0.429136, -1.000000, 0.478908, -1.000000
0.450000, 0.610000, 1.140000, 0.620980, 0.429149, -1.000000, 0.479135, -1.000000
0.450000, 0.620000, 1.130000, 0.623720, 0.429162, -1.000000, 0.479362, -1.000000
0.450000, 0.630000, 1.120000, 0.626220, 0.429174, -1.000000, 0.479589, -1.000000
0.450000, 0.640000, 1.110000, 0.628480, 0.429187, -1.000000, 0.479816, -1.000000
0.450000, 0.650000, 1.100001, 0.630500, 0.429200, -1.000000, 0.480043, -1.000000
0.450000, 0.660000, 1.090001, 0.632280, 0.428616, -1.000000, 0.480269, -1.000000
0.450000, 0.670000, 1.080001, 0.633820, 0.427396, -1.000000, 0.480496, -1.000000
0.450000, 0.680000, 1.070001, 0.635120, 0.426177, -1.000000, 0.480723, -1.000000
0.450000, 0.690000, 1.060001, 0.636180, 0.424958, -1.000000, 0.480950, -1.000000
0.450000, 0.700000, 1.050001, 0.637000, 0.423741, -1.000000, 0.481177, -1.000000
0.450000, 0.710000, 1.040001, 0.637580, 0.422524, -1.000000, 0.481404, -1.000000
0.450000, 0.720000, 1.030001, 0.637920, 0.421309, -1.000000, 0.481631, -1.000000
0.450000, 0.730000, 1.020001, 0.638020, 0.420094, -1.000000, 0.481858, -1.000000
0.450000, 0.740000, 1.010001, 0.637880, 0.418880, -1.000000, 0.482085, -1.000000
0.450000, 0.750000, 1.000001, 0.637500, 0.417668, -1.000000, 0.482312, -1.000000
0.450000, 0.760000, 0.990001, 0.636880, 0.416456, -1.000000, 0.481885, -1.000000
0.450000, 0.770000, 0.980001, 0.636020, 0.414511, -1.000000, 0.479095, -1.000000
0.450000, 0.780000, 0.970001, 0.634920, 0.410412, -1.000000, 0.476308, -1.000000
0.450000, 0.790000, 0.960001, 0.633580, 0.406327, -1.000000, 0.473521, -1.000000
0.450000, 0.800000, 0.950001, 0.632000, 0.402254, -1.000000, 0.470737, -1.000000
0.450000, 0.810000, 0.940001, 0.630180, 0.398194, -1.000000, 0.467954, -1.000000
0.450000, 0.820000, 0.930001, 0.628120, 0.394148, -1.000000, 0.465173, -1.000000
0.450000, 0.830000, 0.920001, 0.625820, 0.390117, -1.000000, 0.462394, -1.000000
0.450000, 0.839999, 0.910001, 0.623280, 0.386101, -1.000000, 0.459618, -1.000000
0.450000, 0.849999, 0.900001, 0.620500, 0.382100, -1.000000, 0.456844, -1.000000
0.450000, 0.859999, 0.890001, 0.617480, 0.378116, -1.000000, 0.454073, -1.000000
0.450000, 0.869999, 0.880001, 0.614220, 0.374147, -1.000000, 0.451304, -1.000000
0.450000, 0.879999, 0.870001, 0.610720, 0.370196, -1.000000, 0.448539, -1.000000
0.450000, 0.889999, 0.860001, 0.606980, 0.366261, -1.000000, 0.445777, -1.000000
0.450000, 0.899999, 0.850001, 0.603000, 0.362345, -1.000000, 0.443018, -1.000000
0.450000, 0.909999, 0.840001, 0.598780, 0.358447, -1.000000, 0.440263, -1.000000
0.450000, 0.919999, 0.830001, 0.594320, 0.354567, -1.000000, 0.437511, -1.000000
0.450000, 0.929999, 0.820001, 0.589620, 0.350706, -1.000000, 0.434763, -1.000000
0.450000, 0.939999, 0.810001, 0.584680, 0.346865, -1.000000, 0.432020, -1.000000
0.450000, 0.949999, 0.800001, 0.579500, 0.343044, -1.000000, 0.429280, -1.000000
0.450000, 0.959999, 0.790001, 0.574080, 0.339243, -1.000000, 0.426545, -1.000000
0.450000, 0.969999, 0.780001, 0.568421, 0.335462, -1.000000, 0.423814, -1.000000
0.450000, 0.979999, 0.770001, 0.562521, 0.331703, -1.000000, 0.421088, -1.000000
0.450000, 0.989999, 0.760001, 0.556381, 0.327964, -1.000000, 0.418366, -1.000000
0.450000, 0.999999, 0.750001, 0.550001, 0.324248, -1.000000, 0.415650, -1.000000
0.460000, 0.000000, 1.740000, 0.000000, 0.223191, 0.655434, 0.277487, 0.758600
0.460000, 0.010000, 1.730000, 0.017280, 0.228075, -1.000000, 0.282001, -1.000000
0.460000, 0.020000, 1.720000, 0.034320, 0.233033, -1.000000, 0.286558, -1.000000
0.460000, 0.030000, 1.710000, 0.051120, 0.238067, -1.000000, 0.291159, -1.000000
0.460000, 0.040000, 1.700000, 0.067680, 0.243172, -1.000000, 0.295804, -1.000000
0.460000, 0.050000, 1.690000, 0.084000, 0.248352, -1.000000, 0.300491, -1.000000
0.460000, 0.060000, 1.680000, 0.100080, 0.253604, -1.000000, 0.305221, -1.000000
0.460000, 0.070000, 1.670000, 0.115920, 0.258930, -1.000000, 0.309991, -1.000000
0.460000, 0.080000, 1.660000, 0.131520, 0.264328, -1.000000, 0.314803, -1.000000
0.460000, 0.090000, 1.650000, 0.146880, 0.269797, -1.000000, 0.319655, -1.000000
0.460000, 0.100000, 1.640000, 0.162000, 0.275337, -1.000000, 0.324546, -1.000000
0.460000, 0.110000, 1.630000, 0.176880, 0.280948, -1.000000, 0.329475, -1.000000
0.460000, 0.120000, 1.620000, 0.191520, 0.286627, -1.000000, 0.334443, -1.000000
0.460000, 0.130000, 1.610000, 0.205920, 0.292374, -1.000000, 0.339447, -1.000000
0.460000, 0.140000, 1.600000, 0.220080, 0.298189, -1.000000, 0.344488, -1.000000
0.460000, 0.150000, 1.590000, 0.234000, 0.304069, -1.000000, 0.349564, -1.000000
0.460000, 0.160000, 1.580000, 0.247680, 0.310015, -1.000000, 0.354674, -1.000000
0.460000, 0.170000, 1.570000, 0.261120, 0.316023, -1.000000, 0.359817, -1.000000
0.460000, 0.180000, 1.560000, 0.274320, 0.322094, -1.000000, 0.364993, -1.000000
0.460000, 0.190000, 1.550000, 0.287280, 0.328225, -1.000000, 0.370200, -1.000000
0.460000, 0.200000, 1.540000, 0.300000, 0.333827, -1.000000, 0.375438, -1.000000
0.460000, 0.210000, 1.530000, 0.312480, 0.339242, -1.000000, 0.380705, -1.000000
0.460000, 0.220000, 1.520000, 0.324720, 0.344699, -1.000000, 0.386000, -1.000000
0.460000, 0.230000, 1.510000, 0.336720, 0.350198, -1.000000, 0.391322, -1.000000
0.460000, 0.240000, 1.500000, 0.348480, 0.353007, -1.000000, 0.395588, -1.000000
0.460000, 0.250000, 1.490000, 0.360000, 0.355760, -1.000000, 0.399390, -1.000000
0.460000, 0.260000, 1.480000, 0.371280, 0.358522, -1.000000, 0.403205, -1.000000
0.460000, 0.270000, 1.470000, 0.382320, 0.361294, -1.000000, 0.407031, -1.000000
0.460000, 0.280000, 1.460000, 0.393120, 0.364075, -1.000000, 0.410869, -1.000000
0.460000, 0.290000, 1.450000, 0.403680, 0.366866, -1.000000, 0.414717, -1.000000
0.460000, 0.300000, 1.440000, 0.414000, 0.369665, -1.000000, 0.418576, -1.000000
0.460000, 0.310000, 1.430000, 0.424080, 0.372473, -1.000000, 0.422445, -1.000000
0.460000, 0.320000, 1.420000, 0.433920, 0.375290, -1.000000, 0.426324, -1.000000
0.460000, 0.330000, 1.410000, 0.443520, 0.378115, -1.000000, 0.430211, -1.000000
0.460000, 0.340000, 1.400000, 0.452880, 0.380948, -1.000000, 0.434107, -1.000000
0.460000, 0.350000, 1.390000, 0.462000, 0.383790, -1.000000, 0.438011, -1.000000
0.460000, 0.360000, 1.380000, 0.470880, 0.386639, -1.000000, 0.441923, -1.000000
0.460000, 0.370000, 1.370000, 0.479520, 0.389497, -1.000000, 0.445843, -1.000000
0.460000, 0.380000, 1.360000, 0.487920, 0.392362, -1.000000, 0.449769, -1.000000
0.460000, 0.390000, 1.350000, 0.496080, 0.395234, -1.000000, 0.453701, -1.000000
0.460000, 0.400000, 1.340000, 0.504000, 0.398114, -1.000000, 0.457639, -1.000000
0.460000, 0.410000, 1.330000, 0.511680, 0.401000, -1.000000, 0.461582, -1.000000
0.460000, 0.420000, 1.320000, 0.519120, 0.403894, -1.000000, 0.465530, -1.000000
0.460000, 0.430000, 1.310000, 0.526320, 0.406794, -1.000000, 0.469483, -1.000000
0.460000, 0.440000, 1.300000, 0.533280, 0.409701, -1.000000, 0.473439, -1.000000
0.460000, 0.450000, 1.290000, 0.540000, 0.412614, -1.000000, 0.475462, -1.000000
0.460000, 0.460000, 1.280000, 0.546480, 0.415533, -1.000000, 0.475689, -1.000000
0.460000, 0.470000, 1.270000, 0.552720, 0.418458, -1.000000, 0.475915, -1.000000
0.460000, 0.480000, 1.260000, 0.558720, 0.421389, -1.000000, 0.476142, -1.000000
0.460000, 0.490000, 1.250000, 0.564480, 0.424326, -1.000000, 0.476369, -1.000000
0.460000, 0.500000, 1.240000, 0.570000, 0.425866, -1.000000, 0.476596, -1.000000
0.460000, 0.510000, 1.230000, 0.575280, 0.426491, -1.000000, 0.476823, -1.000000
0.460000, 0.520000, 1.220000, 0.580320, 0.427117, -1.000000, 0.477049, -1.000000
0.460000, 0.530000, 1.210000, 0.585120, 0.427743, -1.000000, 0.477276, -1.000000
0.460000, 0.540000, 1.200000, 0.589680, 0.428369, -1.000000, 0.477503, -1.000000
0.460000, 0.550000, 1.190000, 0.594000, 0.428995, -1.000000, 0.477730, -1.000000
0.460000, 0.560000, 1.180000, 0.598080, 0.429095, -1.000000, 0.477957, -1.000000
0.460000, 0.570000, 1.170000, 0.601920, 0.429108, -1.000000, 0.478184, -1.000000
0.460000, 0.580000, 1.160000, 0.605520, 0.429121, -1.000000, 0.478411, -1.000000
0.460000, 0.590000, 1.150000, 0.608880, 0.429133, -1.000000, 0.478638, -1.000000
0.460000, 0.600000, 1.140000, 0.612000, 0.429146, -1.000000, 0.478864, -1.000000
0.460000, 0.610000, 1.130000, 0.614880, 0.429159, -1.000000, 0.479091, -1.000000
0.460000, 0.620000, 1.120000, 0.617520, 0.429172, -1.000000, 0.479318, -1.000000
0.460000, 0.630000, 1.110000, 0.619920, 0.429185, -1.000000, 0.479545, -1.000000
0.460000, 0.640000, 1.100001, 0.622080, 0.429197, -1.000000, 0.479772, -1.000000
0.460000, 0.650000, 1.090001, 0.624000, 0.429210, -1.000000, 0.479999, -1.000000
0.460000, 0.660000, 1.080001, 0.625680, 0.428664, -1.000000, 0.480226, -1.000000
0.460000, 0.670000, 1.070001, 0.627120, 0.427444, -1.000000, 0.480453, -1.000000
0.460000, 0.680000, 1.060001, 0.628320, 0.426225, -1.000000, 0.480680, -1.000000
0.460000, 0.690000, 1.050001, 0.629280, 0.425006, -1.000000, 0.480907, -1.000000
0.460000, 0.700000, 1.040001, 0.630000, 0.423789, -1.000000, 0.481134, -1.000000
0.460000, 0.710000, 1.030001, 0.630480, 0.422572, -1.000000, 0.481361, -1.000000
0.460000, 0.720000, 1.020001, 0.630720, 0.421356, -1.000000, 0.481588, -1.000000
0.460000, 0.730000, 1.010001, 0.630720, 0.420142, -1.000000, 0.481815, -1.000000
0.460000, 0.740000, 1.000001, 0.630480, 0.418928, -1.000000, 0.482042, -1.000000
0.460000, 0.750000, 0.990001, 0.630000, 0.417715, -1.000000, 0.482269, -1.000000
0.460000, 0.760000, 0.980001, 0.629280, 0.416503, -1.000000, 0.481853, -1.000000
0.460000, 0.770000, 0.970001, 0.628320, 0.414708, -1.000000, 0.479064, -1.000000
0.460000, 0.780000, 0.960001, 0.627120, 0.410609, -1.000000, 0.476276, -1.000000
0.460000, 0.790000, 0.950001, 0.625680, 0.406523, -1.000000, 0.473490, -1.000000
0.460000, 0.800000, 0.940001, 0.624000, 0.402449, -1.000000, 0.470705, -1.000000
0.460000, 0.810000, 0.930001, 0.622080, 0.398389, -1.000000, 0.467922, -1.000000
0.460000, 0.820000, 0.920001, 0.619920, 0.394343, -1.000000, 0.465141, -1.000000
0.460000, 0.830000, 0.910001, 0.617520, 0.390311, -1.000000, 0.462363, -1.000000
0.460000, 0.839999, 0.900001, 0.614880, 0.386294, -1.000000, 0.459586, -1.000000
0.460000, 0.849999, 0.890001, 0.612000, 0.382293, -1.000000, 0.456812, -1.000000
0.460000, 0.859999, 0.880001, 0.608880, 0.378307, -1.000000, 0.454041, -1.000000
0.460000, 0.869999, 0.870001, 0.605520, 0.374338, -1.000000, 0.451273, -1.000000
0.460000, 0.879999, 0.860001, 0.601920, 0.370385, -1.000000, 0.448508, -1.000000
0.460000, 0.889999, 0.850001, 0.598080, 0.366450, -1.000000, 0.445746, -1.000000
0.460000, 0.899999, 0.840001, 0.594000, 0.362533, -1.000000, 0.442987, -1.000000
0.460000, 0.909999, 0.830001, 0.589680, 0.358634, -1.000000, 0.440231, -1.000000
0.460000, 0.919999, 0.820001, 0.585120, 0.354753, -1.000000, 0.437480, -1.000000
0.460000, 0.929999, 0.810001, 0.580320, 0.350892, -1.000000, 0.434732, -1.000000
0.460000, 0.939999, 0.800001, 0.575280, 0.347049, -1.000000, 0.431988, -1.000000
0.460000, 0.949999, 0.790001, 0.570000, 0.343227, -1.000000, 0.429249, -1.000000
0.460000, 0.959999, 0.780001, 0.564481, 0.339425, -1.000000, 0.426514, -1.000000
0.460000, 0.969999, 0.770001, 0.558721, 0.335644, -1.000000, 0.423783, -1.000000
0.460000, 0.979999, 0.760001, 0.552721, 0.331883, -1.000000, 0.421057, -1.000000
0.460000, 0.989999, 0.750001, 0.546481, 0.328144, -1.000000, 0.418335, -1.000000
0.460000, 0.999999, 0.740001, 0.540001, 0.324426, -1.000000, 0.415619, -1.000000
0.470000, 0.000000, 1.730000, 0.000000, 0.223088, 0.655439, 0.277468, 0.758594
0.470000, 0.010000, 1.720000, 0.017180, 0.227971, -1.000000, 0.281981, -1.000000
0.470000, 0.020000, 1.710000, 0.034120, 0.232928, -1.000000, 0.286538, -1.000000
0.470000, 0.030000, 1.700000, 0.050820, 0.237959, -1.000000, 0.291139, -1.000000
0.470000, 0.040000, 1.690000, 0.067280, 0.243065, -1.000000, 0.295784, -1.000000
0.470000, 0.050000, 1.680000, 0.083500, 0.248245, -1.000000, 0.300471, -1.000000
0.470000, 0.060000, 1.670000, 0.099480, 0.253496, -1.000000, 0.305200, -1.000000
0.470000, 0.070000, 1.660000, 0.115220, 0.258821, -1.000000, 0.309971, -1.000000
0.470000, 0.080000, 1.650000, 0.130720, 0.264217, -1.000000, 0.314782, -1.000000
0.470000, 0.090000, 1.640000, 0.145980, 0.269685, -1.000000, 0.319634, -1.000000
0.470000, 0.100000, 1.630000, 0.161000, 0.275224, -1.000000, 0.324524, -1.000000
0.470000, 0.110000, 1.620000, 0.175780, 0.280832, -1.000000, 0.329454, -1.000000
0.470000, 0.120000, 1.610000, 0.190320, 0.286510, -1.000000, 0.334421, -1.000000
0.470000, 0.130000, 1.600000, 0.204620, 0.292256, -1.000000, 0.339425, -1.000000
0.470000, 0.140000, 1.590000, 0.218680, 0.298070, -1.000000, 0.344466, -1.000000
0.470000, 0.150000, 1.580000, 0.232500, 0.303949, -1.000000, 0.349541, -1.000000
0.470000, 0.160000, 1.570000, 0.246080, 0.309893, -1.000000, 0.354651, -1.000000
0.470000, 0.170000, 1.560000, 0.259420, 0.315900, -1.000000, 0.359795, -1.000000
0.470000, 0.180000, 1.550000, 0.272520, 0.321969, -1.000000, 0.364971, -1.000000
0.470000, 0.190000, 1.540000, 0.285380, 0.328100, -1.000000, 0.370178, -1.000000
0.470000, 0.200000, 1.530000, 0.298000, 0.333773, -1.000000, 0.375415, -1.000000
0.470000, 0.210000, 1.520000, 0.310380, 0.339188, -1.000000, 0.380682, -1.000000
0.470000, 0.220000, 1.510000, 0.322520, 0.344645, -1.000000, 0.385977, -1.000000
0.470000, 0.230000, 1.500000, 0.334420, 0.350143, -1.000000, 0.391299, -1.000000
0.470000, 0.240000, 1.490000, 0.346080, 0.353002, -1.000000, 0.395612, -1.000000
0.470000, 0.250000, 1.480000, 0.357500, 0.355755, -1.000000, 0.399414, -1.000000
0.470000, 0.260000, 1.470000, 0.368680, 0.358517, -1.000000, 0.403229, -1.000000
0.470000, 0.270000, 1.460000, 0.379620, 0.361289, -1.000000, 0.407055, -1.000000
0.470000, 0.280000, 1.450000, 0.390320, 0.364070, -1.000000, 0.410893, -1.000000
0.470000, 0.290000, 1.440000, 0.400780, 0.366861, -1.000000, 0.414741, -1.000000
0.470000, 0.300000, 1.430000, 0.411000, 0.369660, -1.000000, 0.418600, -1.000000
0.470000, 0.310000, 1.420000, 0.420980, 0.372468, -1.000000, 0.422469, -1.000000
0.470000, 0.320000, 1.410000, 0.430720, 0.375285, -1.000000, 0.426348, -1.000000
0.470000, 0.330000, 1.400000, 0.440220, 0.378110, -1.000000, 0.430235, -1.000000
0.470000, 0.340000, 1.390000, 0.449480, 0.380943, -1.000000, 0.434132, -1.000000
0.470000, 0.350000, 1.380000, 0.458500, 0.383785, -1.000000, 0.438036, -1.000000
0.470000, 0.360000, 1.370000, 0.467280, 0.386634, -1.000000, 0.441948, -1.000000
0.470000, 0.370000, 1.360000, 0.475820, 0.389491, -1.000000, 0.445867, -1.000000
0.470000, 0.380000, 1.350000, 0.484120, 0.392356, -1.000000, 0.449793, -1.000000
0.470000, 0.390000, 1.340000, 0.492180, 0.395229, -1.000000, 0.453726, -1.000000
0.470000, 0.400000, 1.330000, 0.500000, 0.398108, -1.000000, 0.457664, -1.000000
0.470000, 0.410000, 1.320000, 0.507580, 0.400995, -1.000000, 0.461607, -1.000000
0.470000, 0.420000, 1.310000, 0.514920, 0.403889, -1.000000, 0.465555, -1.000000
0.470000, 0.430000, 1.300000, 0.522020, 0.406789, -1.000000, 0.469508, -1.000000
0.470000, 0.440000, 1.290000, 0.528880, 0.409696, -1.000000, 0.473464, -1.000000
0.470000, 0.450000, 1.280000, 0.535500, 0.412609, -1.000000, 0.475419, -1.000000
0.470000, 0.460000, 1.270000, 0.541880, 0.415528, -1.000000, 0.475645, -1.000000
0.470000, 0.470000, 1.260000, 0.548020, 0.418453, -1.000000, 0.475872, -1.000000
0.470000, 0.480000, 1.250000, 0.553920, 0.421384, -1.000000, 0.476099, -1.000000
0.470000, 0.490000, 1.240000, 0.559580, 0.424320, -1.000000, 0.476326, -1.000000
0.470000, 0.500000, 1.230000, 0.565000, 0.425907, -1.000000, 0.476552, -1.000000
0.470000, 0.510000, 1.220000, 0.570180, 0.426532, -1.000000, 0.476779, -1.000000
0.470000, 0.520000, 1.210000, 0.575120, 0.427158, -1.000000, 0.477006, -1.000000
0.470000, 0.530000, 1.200000, 0.579820, 0.427783, -1.000000, 0.477233, -1.000000
0.470000, 0.540000, 1.190000, 0.584280, 0.428410, -1.000000, 0.477460, -1.000000
0.470000, 0.550000, 1.180000, 0.588500, 0.429036, -1.000000, 0.477687, -1.000000
0.470000, 0.560000, 1.170000, 0.592480, 0.429105, -1.000000, 0.477913, -1.000000
0.470000, 0.570000, 1.160000, 0.596220, 0.429118, -1.000000, 0.478140, -1.000000
0.470000, 0.580000, 1.150000, 0.599720, 0.429131, -1.000000, 0.478367, -1.000000
0.470000, 0.590000, 1.140000, 0.602980, 0.429144, -1.000000, 0.478594, -1.000000
0.470000, 0.600000, 1.130000, 0.606000, 0.429156, -1.000000, 0.478821, -1.000000
0.470000, 0.610000, 1.120000, 0.608780, 0.429169, -1.000000, 0.479048, -1.000000
0.470000, 0.620000, 1.110000, 0.611320, 0.429182, -1.000000, 0.479275, -1.000000
0.470000, 0.630000, 1.100001, 0.613620, 0.429195, -1.000000, 0.479502, -1.000000
0.470000, 0.640000, 1.090001, 0.615680, 0.429208, -1.000000, 0.479729, -1.000000
0.470000, 0.650000, 1.080001, 0.617500, 0.429220, -1.000000, 0.479956, -1.000000
0.470000, 0.660000, 1.070001, 0.619080, 0.428712, -1.000000, 0.480183, -1.000000
0.470000, 0.670000, 1.060001, 0.620420, 0.427492, -1.000000, 0.480410, -1.000000
0.470000, 0.680000, 1.050001, 0.621520, 0.426273, -1.000000, 0.480636, -1.000000
0.470000, 0.690000, 1.040001, 0.622380, 0.425054, -1.000000, 0.480863, -1.000000
0.470000, 0.700000, 1.030001, 0.623000, 0.423837, -1.000000, 0.481090, -1.000000
0.470000, 0.710000, 1.020001, 0.623380, 0.422620, -1.000000, 0.481317, -1.000000
0.470000, 0.720000, 1.010001, 0.623520, 0.421404, -1.000000, 0.481544, -1.000000
0.470000, 0.730000, 1.000001, 0.623420, 0.420190, -1.000000, 0.481771, -1.000000
0.470000, 0.740000, 0.990001, 0.623080, 0.418976, -1.000000, 0.481998, -1.000000
0.470000, 0.750000, 0.980001, 0.622500, 0.417763, -1.000000, 0.482225, -1.000000
0.470000, 0.760000, 0.970001, 0.621680, 0.416551, -1.000000, 0.481821, -1.000000
0.470000, 0.770000, 0.960001, 0.620620, 0.414906, -1.000000, 0.479032, -1.000000
0.470000, 0.780000, 0.950001, 0.619320, 0.410807, -1.000000, 0.476244, -1.000000
0.470000, 0.790000, 0.940001, 0.617780, 0.406719, -1.000000, 0.473458, -1.000000
0.470000, 0.800000, 0.930001, 0.616000, 0.402645, -1.000000, 0.470673, -1.000000
0.470000, 0.810000, 0.920001, 0.613980, 0.398584, -1.000000, 0.467890, -1.000000
0.470000, 0.820000, 0.910001, 0.611720, 0.394537, -1.000000, 0.465110, -1.000000
0.470000, 0.830000, 0.900001, 0.609220, 0.390505, -1.000000, 0.462331, -1.000000
0.470000, 0.839999, 0.890001, 0.606480, 0.386487, -1.000000, 0.459555, -1.000000
0.470000, 0.849999, 0.880001, 0.603500, 0.382485, -1.000000, 0.456781, -1.000000
0.470000, 0.859999, 0.870001, 0.600280, 0.378499, -1.000000, 0.454010, -1.000000
0.470000, 0.869999, 0.860001, 0.596820, 0.374528, -1.000000, 0.451241, -1.000000
0.470000, 0.879999, 0.850001, 0.593120, 0.370575, -1.000000, 0.448476, -1.000000
0.470000, 0.889999, 0.840001, 0.589180, 0.366639, -1.000000, 0.445714, -1.000000
0.470000, 0.899999, 0.830001, 0.585000, 0.362721, -1.000000, 0.442955, -1.000000
0.470000, 0.909999, 0.820001, 0.580580, 0.358821, -1.000000, 0.440200, -1.000000
0.470000, 0.919999, 0.810001, 0.575920, 0.354940, -1.000000, 0.437449, -1.000000
0.470000, 0.929999, 0.800001, 0.571020, 0.351077, -1.000000, 0.434701, -1.000000
0.470000, 0.939999, 0.790001, 0.565880, 0.347234, -1.000000, 0.431957, -1.000000
0.470000, 0.949999, 0.780001, 0.560501, 0.343411, -1.000000, 0.429218, -1.000000
0.470000, 0.959999, 0.770001, 0.554880, 0.339608, -1.000000, 0.426482, -1.000000
0.470000, 0.969999, 0.760001, 0.549021, 0.335825, -1.000000, 0.423752, -1.000000
0.470000, 0.979999, 0.750001, 0.542921, 0.332064, -1.000000, 0.421026, -1.000000
0.470000, 0.989999, 0.740001, 0.536581, 0.328323, -1.000000, 0.418305, -1.000000
0.470000, 0.999999, 0.730001, 0.530001, 0.324605, -1.000000, 0.415588, -1.000000
0.480000, 0.000000, 1.720000, 0.000000, 0.222986, 0.655444, 0.277448, 0.758588
0.480000, 0.010000, 1.710000, 0.017080, 0.227866, -1.000000, 0.281961, -1.000000
0.480000, 0.020000, 1.700000, 0.033920, 0.232822, -1.000000, 0.286518, -1.000000
0.480000, 0.030000, 1.690000, 0.050520, 0.237852, -1.000000, 0.291119, -1.000000
0.480000, 0.040000, 1.680000, 0.066880, 0.242956, -1.000000, 0.295763, -1.000000
0.480000, 0.050000, 1.670000, 0.083000, 0.248135, -1.000000, 0.300450, -1.000000
0.480000, 0.060000, 1.660000, 0.098880, 0.253386, -1.000000, 0.305179, -1.000000
0.480000, 0.070000, 1.650000, 0.114520, 0.258711, -1.000000, 0.309950, -1.000000
0.480000, 0.080000, 1.640000, 0.129920, 0.264106, -1.000000, 0.314761, -1.000000
0.480000, 0.090000, 1.630000, 0.145080, 0.269573, -1.000000, 0.319612, -1.000000
0.480000, 0.100000, 1.620000, 0.160000, 0.275110, -1.000000, 0.324503, -1.000000
0.480000, 0.110000, 1.610000, 0.174680, 0.280717, -1.000000, 0.329432, -1.000000
0.480000, 0.120000, 1.600000, 0.189120, 0.286394, -1.000000, 0.334399, -1.000000
0.480000, 0.130000, 1.590000, 0.203320, 0.292138, -1.000000, 0.339404, -1.000000
0.480000, 0.140000, 1.580000, 0.217280, 0.297950, -1.000000, 0.344444, -1.000000
0.480000, 0.150000, 1.570000, 0.231000, 0.303828, -1.000000, 0.349519, -1.000000
0.480000, 0.160000, 1.560000, 0.244480, 0.309771, -1.000000, 0.354629, -1.000000
0.480000, 0.170000, 1.550000, 0.257720, 0.315777, -1.000000, 0.359772, -1.000000
0.480000, 0.180000, 1.540000, 0.270720, 0.321845, -1.000000, 0.364948, -1.000000
0.480000, 0.190000, 1.530000, 0.283480, 0.327974, -1.000000, 0.370155, -1.000000
0.480000, 0.200000, 1.520000, 0.296000, 0.333720, -1.000000, 0.375392, -1.000000
0.480000, 0.210000, 1.510000, 0.308280, 0.339134, -1.000000, 0.380659, -1.000000
0.480000, 0.220000, 1.500000, 0.320320, 0.344591, -1.000000, 0.385954, -1.000000
0.480000, 0.230000, 1.490000, 0.332120, 0.350089, -1.000000, 0.391276, -1.000000
0.480000, 0.240000, 1.480000, 0.343680, 0.352997, -1.000000, 0.395635, -1.000000
0.480000, 0.250000, 1.470000, 0.355000, 0.355750, -1.000000, 0.399438, -1.000000
0.480000, 0.260000, 1.460000, 0.366080, 0.358512, -1.000000, 0.403253, -1.000000
0.480000, 0.270000, 1.450000, 0.376920, 0.361284, -1.000000, 0.407079, -1.000000
0.480000, 0.280000, 1.440000, 0.387520, 0.364065, -1.000000, 0.410917, -1.000000
0.480000, 0.290000, 1.430000, 0.397880, 0.366856, -1.000000, 0.414765, -1.000000
0.480000, 0.300000, 1.420000, 0.408000, 0.369655, -1.000000, 0.418624, -1.000000
0.480000, 0.310000, 1.410000, 0.417880, 0.372463, -1.000000, 0.422493, -1.000000
0.480000, 0.320000, 1.400000, 0.427520, 0.375279, -1.000000, 0.426372, -1.000000
0.480000, 0.330000, 1.390000, 0.436920, 0.378104, -1.000000, 0.430260, -1.000000
0.480000, 0.340000, 1.380000, 0.446080, 0.380938, -1.000000, 0.434156, -1.000000
0.480000, 0.350000, 1.370000, 0.455000, 0.383779, -1.000000, 0.438060, -1.000000
0.480000, 0.360000, 1.360000, 0.463680, 0.386629, -1.000000, 0.441972, -1.000000
0.480000, 0.370000, 1.350000, 0.472120, 0.389486, -1.000000, 0.445892, -1.000000
0.480000, 0.380000, 1.340000, 0.480320, 0.392351, -1.000000, 0.449818, -1.000000
0.480000, 0.390000, 1.330000, 0.488280, 0.395223, -1.000000, 0.453750, -1.000000
0.480000, 0.400000, 1.320000, 0.496000, 0.398103, -1.000000, 0.457688, -1.000000
0.480000, 0.410000, 1.310000, 0.503480, 0.400990, -1.000000, 0.461632, -1.000000
0.480000, 0.420000, 1.300000, 0.510720, 0.403883, -1.000000, 0.465580, -1.000000
0.480000, 0.430000, 1.290000, 0.517720, 0.406783, -1.000000, 0.469532, -1.000000
0.480000, 0.440000, 1.280000, 0.524480, 0.409690, -1.000000, 0.473489, -1.000000
0.480000, 0.450000, 1.270000, 0.531000, 0.412603, -1.000000, 0.475375, -1.000000
0.480000, 0.460000, 1.260000, 0.537280, 0.415522, -1.000000, 0.475602, -1.000000
0.480000, 0.470000, 1.250000, 0.543320, 0.418448, -1.000000, 0.475829, -1.000000
0.480000, 0.480000, 1.240000, 0.549120, 0.421379, -1.000000, 0.476055, -1.000000
0.480000, 0.490000, 1.230000, 0.554680, 0.424315, -1.000000, 0.476282, -1.000000
0.480000, 0.500000, 1.220000, 0.560000, 0.425948, -1.000000, 0.476509, -1.000000
0.480000, 0.510000, 1.210000, 0.565080, 0.426573, -1.000000, 0.476736, -1.000000
0.480000, 0.520000, 1.200000, 0.569920, 0.427198, -1.000000, 0.476963, -1.000000
0.480000, 0.530000, 1.190000, 0.574520, 0.427824, -1.000000, 0.477189, -1.000000
0.480000, 0.540000, 1.180000, 0.578880, 0.428450, -1.000000, 0.477416, -1.000000
0.480000, 0.550000, 1.170000, 0.583000, 0.429077, -1.000000, 0.477643, -1.000000
0.480000, 0.560000, 1.160000, 0.586880, 0.429116, -1.000000, 0.477870, -1.000000
0.480000, 0.570000, 1.150000, 0.590520, 0.429128, -1.000000, 0.478097, -1.000000
0.480000, 0.580000, 1.140000, 0.593920, 0.429141, -1.000000, 0.478324, -1.000000
0.480000, 0.590000, 1.130000, 0.597080, 0.429154, -1.000000, 0.478551, -1.000000
0.480000, 0.600000, 1.120000, 0.600000, 0.429167, -1.000000, 0.478777, -1.000000
0.480000, 0.610000, 1.110000, 0.602680, 0.429179, -1.000000, 0.479004, -1.000000
0.480000, 0.620000, 1.100001, 0.605120, 0.429192, -1.000000, 0.479231, -1.000000
0.480000, 0.630000, 1.090001, 0.607320, 0.429205, -1.000000, 0.479458, -1.000000
0.480000, 0.640000, 1.080001, 0.609280, 0.429218, -1.000000, 0.479685, -1.000000
0.480000, 0.650000, 1.070001, 0.611000, 0.429230, -1.000000, 0.479912, -1.000000
0.480000, 0.660000, 1.060001, 0.612480, 0.428761, -1.000000, 0.480139, -1.000000
0.480000, 0.670000, 1.050001, 0.613720, 0.427540, -1.000000, 0.480366, -1.000000
0.480000, 0.680000, 1.040001, 0.614720, 0.426321, -1.000000, 0.480593, -1.000000
0.480000, 0.690000, 1.030001, 0.615480, 0.425102, -1.000000, 0.480820, -1.000000
0.480000, 0.700000, 1.020001, 0.616000, 0.423885, -1.000000, 0.481047, -1.000000
0.480000, 0.710000, 1.010001, 0.616280, 0.422668, -1.000000, 0.481274, -1.000000
0.480000, 0.720000, 1.000001, 0.616320, 0.421452, -1.000000, 0.481501, -1.000000
0.480000, 0.730000, 0.990001, 0.616120, 0.420238, -1.000000, 0.481728, -1.000000
0.480000, 0.740000, 0.980001, 0.615680, 0.419024, -1.000000, 0.481955, -1.000000
0.480000, 0.750000, 0.970001, 0.615000, 0.417811, -1.000000, 0.482182, -1.000000
0.480000, 0.760000, 0.960001, 0.614080, 0.416599, -1.000000, 0.481789, -1.000000
0.480000, 0.770000, 0.950001, 0.612920, 0.415104, -1.000000, 0.479000, -1.000000
0.480000, 0.780000, 0.940001, 0.611520, 0.411004, -1.000000, 0.476212, -1.000000
0.480000, 0.790000, 0.930001, 0.609880, 0.406916, -1.000000, 0.473426, -1.000000
0.480000, 0.800000, 0.920001, 0.608000, 0.402841, -1.000000, 0.470642, -1.000000
0.480000, 0.810000, 0.910001, 0.605880, 0.398779, -1.000000, 0.467859, -1.000000
0.480000, 0.820000, 0.900001, 0.603520, 0.394732, -1.000000, 0.465078, -1.000000
0.480000, 0.830000, 0.890001, 0.600920, 0.390699, -1.000000, 0.462299, -1.000000
0.480000, 0.839999, 0.880001, 0.598080, 0.386680, -1.000000, 0.459523, -1.000000
0.480000, 0.849999, 0.870001, 0.595000, 0.382677, -1.000000, 0.456749, -1.000000
0.480000, 0.859999, 0.860001, 0.591680, 0.378690, -1.000000, 0.453978, -1.000000
0.480000, 0.869999, 0.850001, 0.588120, 0.374719, -1.000000, 0.451210, -1.000000
0.480000, 0.879999, 0.840001, 0.584320, 0.370765, -1.000000, 0.448445, -1.000000
0.480000, 0.889999, 0.830001, 0.580280, 0.366828, -1.000000, 0.445683, -1.000000
0.480000, 0.899999, 0.820001, 0.576000, 0.362909, -1.000000, 0.442924, -1.000000
0.480000, 0.909999, 0.810001, 0.571480, 0.359008, -1.000000, 0.440169, -1.000000
0.480000, 0.919999, 0.800001, 0.566720, 0.355126, -1.000000, 0.437417, -1.000000
0.480000, 0.929999, 0.790001, 0.561720, 0.351263, -1.000000, 0.434670, -1.000000
0.480000, 0.939999, 0.780001, 0.556481, 0.347418, -1.000000, 0.431926, -1.000000
0.480000, 0.949999, 0.770001, 0.551001, 0.343594, -1.000000, 0.429187, -1.000000
0.480000, 0.959999, 0.760001, 0.545281, 0.339790, -1.000000, 0.426451, -1.000000
0.480000, 0.969999, 0.750001, 0.539321, 0.336007, -1.000000, 0.423721, -1.000000
0.480000, 0.979999, 0.740001, 0.533121, 0.332244, -1.000000, 0.420995, -1.000000
0.480000, 0.989999, 0.730001, 0.526681, 0.328503, -1.000000, 0.418274, -1.000000
0.480000, 0.999999, 0.720001, 0.520001, 0.324783, -1.000000, 0.415557, -1.000000
0.490000, 0.000000, 1.710000, 0.000000, 0.222883, 0.655448, 0.277429, 0.758582
0.490000, 0.010000, 1.700000, 0.016980, 0.227762, -1.000000, 0.281941, -1.000000
0.490000, 0.020000, 1.690000, 0.033720, 0.232716, -1.000000, 0.286498, -1.000000
0.490000, 0.030000, 1.680000, 0.050220, 0.237745, -1.000000, 0.291099, -1.000000
0.490000, 0.040000, 1.670000, 0.066480, 0.242848, -1.000000, 0.295743, -1.000000
0.490000, 0.050000, 1.660000, 0.082500, 0.248024, -1.000000, 0.300430, -1.000000
0.490000, 0.060000, 1.650000, 0.098280, 0.253274, -1.000000, 0.305159, -1.000000
0.490000, 0.070000, 1.640000, 0.113820, 0.258597, -1.000000, 0.309929, -1.000000
0.490000, 0.080000, 1.630000, 0.129120, 0.263993, -1.000000, 0.314740, -1.000000
0.490000, 0.090000, 1.620000, 0.144180, 0.269460, -1.000000, 0.319591, -1.000000
0.490000, 0.100000, 1.610000, 0.159000, 0.274996, -1.000000, 0.324482, -1.000000
0.490000, 0.110000, 1.600000, 0.173580, 0.280602, -1.000000, 0.329411, -1.000000
0.490000, 0.120000, 1.590000, 0.187920, 0.286277, -1.000000, 0.334378, -1.000000
0.490000, 0.130000, 1.580000, 0.202020, 0.292021, -1.000000, 0.339382, -1.000000
0.490000, 0.140000, 1.570000, 0.215880, 0.297831, -1.000000, 0.344422, -1.000000
0.490000, 0.150000, 1.560000, 0.229500, 0.303707, -1.000000, 0.349497, -1.000000
0.490000, 0.160000, 1.550000, 0.242880, 0.309649, -1.000000, 0.354607, -1.000000
0.490000, 0.170000, 1.540000, 0.256020, 0.315653, -1.000000, 0.359750, -1.000000
0.490000, 0.180000, 1.530000, 0.268920, 0.321721, -1.000000, 0.364925, -1.000000
0.490000, 0.190000, 1.520000, 0.281580, 0.327848, -1.000000, 0.370132, -1.000000
0.490000, 0.200000, 1.510000, 0.294000, 0.333667, -1.000000, 0.375370, -1.000000
0.490000, 0.210000, 1.500000, 0.306180, 0.339080, -1.000000, 0.380636, -1.000000
0.490000, 0.220000, 1.490000, 0.318120, 0.344537, -1.000000, 0.385931, -1.000000
0.490000, 0.230000, 1.480000, 0.329820, 0.350034, -1.000000, 0.391253, -1.000000
0.490000, 0.240000, 1.470000, 0.341280, 0.352992, -1.000000, 0.395659, -1.000000
0.490000, 0.250000, 1.460000, 0.352500, 0.355745, -1.000000, 0.399462, -1.000000
0.490000, 0.260000, 1.450000, 0.363480, 0.358507, -1.000000, 0.403276, -1.000000
0.490000, 0.270000, 1.440000, 0.374220, 0.361279, -1.000000, 0.407103, -1.000000
0.490000, 0.280000, 1.430000, 0.384720, 0.364060, -1.000000, 0.410941, -1.000000
0.490000, 0.290000, 1.420000, 0.394980, 0.366850, -1.000000, 0.414789, -1.000000
0.490000, 0.300000, 1.410000, 0.405000, 0.369650, -1.000000, 0.418649, -1.000000
0.490000, 0.310000, 1.400000, 0.414780, 0.372458, -1.000000, 0.422518, -1.000000
0.490000, 0.320000, 1.390000, 0.424320, 0.375274, -1.000000, 0.426396, -1.000000
0.490000, 0.330000, 1.380000, 0.433620, 0.378099, -1.000000, 0.430284, -1.000000
0.490000, 0.340000, 1.370000, 0.442680, 0.380933, -1.000000, 0.434180, -1.000000
0.490000, 0.350000, 1.360000, 0.451500, 0.383774, -1.000000, 0.438085, -1.000000
0.490000, 0.360000, 1.350000, 0.460080, 0.386624, -1.000000, 0.441997, -1.000000
0.490000, 0.370000, 1.340000, 0.468420, 0.389481, -1.000000, 0.445916, -1.000000
0.490000, 0.380000, 1.330000, 0.476520, 0.392346, -1.000000, 0.449842, -1.000000
0.490000, 0.390000, 1.320000, 0.484380, 0.395218, -1.000000, 0.453775, -1.000000
0.490000, 0.400000, 1.310000, 0.492000, 0.398098, -1.000000, 0.457713, -1.000000
0.490000, 0.410000, 1.300000, 0.499380, 0.400984, -1.000000, 0.461656, -1.000000
0.490000, 0.420000, 1.290000, 0.506520, 0.403878, -1.000000, 0.465604, -1.000000
0.490000, 0.430000, 1.280000, 0.513420, 0.406778, -1.000000, 0.469557, -1.000000
0.490000, 0.440000, 1.270000, 0.520080, 0.409685, -1.000000, 0.473513, -1.000000
0.490000, 0.450000, 1.260000, 0.526500, 0.412598, -1.000000, 0.475332, -1.000000
0.490000, 0.460000, 1.250000, 0.532680, 0.415517, -1.000000, 0.475558, -1.000000
0.490000, 0.470000, 1.240000, 0.538620, 0.418442, -1.000000, 0.475785, -1.000000
0.490000, 0.480000, 1.230000, 0.544320, 0.421373, -1.000000, 0.476012, -1.000000
0.490000, 0.490000, 1.220000, 0.549780, 0.424310, -1.000000, 0.476239, -1.000000
0.490000, 0.500000, 1.210000, 0.555000, 0.425988, -1.000000, 0.476466, -1.000000
0.490000, 0.510000, 1.200000, 0.559980, 0.426614, -1.000000, 0.476692, -1.000000
0.490000, 0.520000, 1.190000, 0.564720, 0.427239, -1.000000, 0.476919, -1.000000
0.490000, 0.530000, 1.180000, 0.569220, 0.427865, -1.000000, 0.477146, -1.000000
0.490000, 0.540000, 1.170000, 0.573480, 0.428491, -1.000000, 0.477373, -1.000000
0.490000, 0.550000, 1.160000, 0.577500, 0.429113, -1.000000, 0.477600, -1.000000
0.490000, 0.560000, 1.150000, 0.581280, 0.429126, -1.000000, 0.477826, -1.000000
0.490000, 0.570000, 1.140000, 0.584820, 0.429138, -1.000000, 0.478053, -1.000000
0.490000, 0.580000, 1.130000, 0.588120, 0.429151, -1.000000, 0.478280, -1.000000
0.490000, 0.590000, 1.120000, 0.591180, 0.429164, -1.000000, 0.478507, -1.000000
0.490000, 0.600000, 1.110000, 0.594000, 0.429177, -1.000000, 0.478734, -1.000000
0.490000, 0.610000, 1.100001, 0.596580, 0.429190, -1.000000, 0.478961, -1.000000
0.490000, 0.620000, 1.090001, 0.598920, 0.429202, -1.000000, 0.479188, -1.000000
0.490000, 0.630000, 1.080001, 0.601020, 0.429215, -1.000000, 0.479415, -1.000000
0.490000, 0.640000, 1.070001, 0.602880, 0.429228, -1.000000, 0.479642, -1.000000
0.490000, 0.650000, 1.060001, 0.604500, 0.429241, -1.000000, 0.479869, -1.000000
0.490000, 0.660000, 1.050001, 0.605880, 0.428809, -1.000000, 0.480096, -1.000000
0.490000, 0.670000, 1.040001, 0.607020, 0.427588, -1.000000, 0.480323, -1.000000
0.490000, 0.680000, 1.030001, 0.607920, 0.426369, -1.000000, 0.480549, -1.000000
0.490000, 0.690000, 1.020001, 0.608580, 0.425150, -1.000000, 0.480776, -1.000000
0.490000, 0.700000, 1.010001, 0.609000, 0.423933, -1.000000, 0.481003, -1.000000
0.490000, 0.710000, 1.000001, 0.609180, 0.422716, -1.000000, 0.481230, -1.000000
0.490000, 0.720000, 0.990001, 0.609120, 0.421500, -1.000000, 0.481457, -1.000000
0.490000, 0.730000, 0.980001, 0.608820, 0.420285, -1.000000, 0.481684, -1.000000
0.490000, 0.740000, 0.970001, 0.608280, 0.419072, -1.000000, 0.481911, -1.000000
0.490000, 0.750000, 0.960001, 0.607500, 0.417859, -1.000000, 0.482138, -1.000000
0.490000, 0.760000, 0.950001, 0.606480, 0.416647, -1.000000, 0.481758, -1.000000
0.490000, 0.770000, 0.940001, 0.605220, 0.415301, -1.000000, 0.478968, -1.000000
0.490000, 0.780000, 0.930001, 0.603720, 0.411201, -1.000000, 0.476181, -1.000000
0.490000, 0.790000, 0.920001, 0.601980, 0.407112, -1.000000, 0.473394, -1.000000
0.490000, 0.800000, 0.910001, 0.600000, 0.403037, -1.000000, 0.470610, -1.000000
0.490000, 0.810000, 0.900001, 0.597780, 0.398975, -1.000000, 0.467827, -1.000000
0.490000, 0.820000, 0.890001, 0.595320, 0.394926, -1.000000, 0.465046, -1.000000
0.490000, 0.830000, 0.880001, 0.592620, 0.390892, -1.000000, 0.462268, -1.000000
0.490000, 0.839999, 0.870001, 0.589680, 0.386873, -1.000000, 0.459491, -1.000000
0.490000, 0.849999, 0.860001, 0.586500, 0.382869, -1.000000, 0.456718, -1.000000
0.490000, 0.859999, 0.850001, 0.583080, 0.378882, -1.000000, 0.453947, -1.000000
0.490000, 0.869999, 0.840001, 0.579420, 0.374910, -1.000000, 0.451178, -1.000000
0.490000, 0.879999, 0.830001, 0.575520, 0.370955, -1.000000, 0.448413, -1.000000
0.490000, 0.889999, 0.820001, 0.571380, 0.367017, -1.000000, 0.445651, -1.000000
0.490000, 0.899999, 0.810001, 0.567000, 0.363097, -1.000000, 0.442893, -1.000000
0.490000, 0.909999, 0.800001, 0.562380, 0.359196, -1.000000, 0.440137, -1.000000
0.490000, 0.919999, 0.790001, 0.557521, 0.355312, -1.000000, 0.437386, -1.000000
0.490000, 0.929999, 0.780001, 0.552420, 0.351448, -1.000000, 0.434638, -1.000000
0.490000, 0.939999, 0.770001, 0.547081, 0.347603, -1.000000, 0.431895, -1.000000
0.490000, 0.949999, 0.760001, 0.541501, 0.343778, -1.000000, 0.429155, -1.000000
0.490000, 0.959999, 0.750001, 0.535681, 0.339973, -1.000000, 0.426420, -1.000000
0.490000, 0.969999, 0.740001, 0.529621, 0.336188, -1.000000, 0.423690, -1.000000
0.490000, 0.979999, 0.730001, 0.523321, 0.332425, -1.000000, 0.420964, -1.000000
0.490000, 0.989999, 0.720001, 0.516781, 0.328682, -1.000000, 0.418243, -1.000000
0.490000, 0.999999, 0.710001, 0.510001, 0.324962, -1.000000, 0.415526, -1.000000
0.500000, 0.000000, 1.700000, 0.000000, 0.222781, 0.655453, 0.277409, 0.758576
0.500000, 0.010000, 1.690000, 0.016880, 0.227658, -1.000000, 0.281922, -1.000000
0.500000, 0.020000, 1.680000, 0.033520, 0.232611, -1.000000, 0.286478, -1.000000
0.500000, 0.030000, 1.670000, 0.049920, 0.237638, -1.000000, 0.291079, -1.000000
0.500000, 0.040000, 1.660000, 0.066080, 0.242739, -1.000000, 0.295723, -1.000000
0.500000, 0.050000, 1.650000, 0.082000, 0.247914, -1.000000, 0.300409, -1.000000
0.500000, 0.060000, 1.640000, 0.097680, 0.253163, -1.000000, 0.305138, -1.000000
0.500000, 0.070000, 1.630000, 0.113120, 0.258484, -1.000000, 0.309908, -1.000000
0.500000, 0.080000, 1.620000, 0.128320, 0.263878, -1.000000, 0.314719, -1.000000
0.500000, 0.090000, 1.610000, 0.143280, 0.269343, -1.000000, 0.319570, -1.000000
0.500000, 0.100000, 1.600000, 0.158000, 0.274880, -1.000000, 0.324460, -1.000000
0.500000, 0.110000, 1.590000, 0.172480, 0.280486, -1.000000, 0.329389, -1.000000
0.500000, 0.120000, 1.580000, 0.186720, 0.286161, -1.000000, 0.334356, -1.000000
0.500000, 0.130000, 1.570000, 0.200720, 0.291903, -1.000000, 0.339360, -1.000000
0.500000, 0.140000, 1.560000, 0.214480, 0.297712, -1.000000, 0.344400, -1.000000
0.500000, 0.150000, 1.550000, 0.228000, 0.303587, -1.000000, 0.349475, -1.000000
0.500000, 0.160000, 1.540000, 0.241280, 0.309527, -1.000000, 0.354585, -1.000000
0.500000, 0.170000, 1.530000, 0.254320, 0.315530, -1.000000, 0.359728, -1.000000
0.500000, 0.180000, 1.520000, 0.267120, 0.321596, -1.000000, 0.364903, -1.000000
0.500000, 0.190000, 1.510000, 0.279680, 0.327723, -1.000000, 0.370110, -1.000000
0.500000, 0.200000, 1.500000, 0.292000, 0.333613, -1.000000, 0.375347, -1.000000
0.500000, 0.210000, 1.490000, 0.304080, 0.339027, -1.000000, 0.380613, -1.000000
0.500000, 0.220000, 1.480000, 0.315920, 0.344483, -1.000000, 0.385908, -1.000000
0.500000, 0.230000, 1.470000, 0.327520, 0.349980, -1.000000, 0.391230, -1.000000
0.500000, 0.240000, 1.460000, 0.338880, 0.352987, -1.000000, 0.395683, -1.000000
0.500000, 0.250000, 1.450000, 0.350000, 0.355740, -1.000000, 0.399485, -1.000000
0.500000, 0.260000, 1.440000, 0.360880, 0.358502, -1.000000, 0.403300, -1.000000
0.500000, 0.270000, 1.430000, 0.371520, 0.361274, -1.000000, 0.407127, -1.000000
0.500000, 0.280000, 1.420000, 0.381920, 0.364055, -1.000000, 0.410965, -1.000000
0.500000, 0.290000, 1.410000, 0.392080, 0.366845, -1.000000, 0.414813, -1.000000
0.500000, 0.300000, 1.400000, 0.402000, 0.369644, -1.000000, 0.418673, -1.000000
0.500000, 0.310000, 1.390000, 0.411680, 0.372452, -1.000000, 0.422542, -1.000000
0.500000, 0.320000, 1.380000, 0.421120, 0.375269, -1.000000, 0.426421, -1.000000
0.500000, 0.330000, 1.370000, 0.430320, 0.378094, -1.000000, 0.430308, -1.000000
0.500000, 0.340000, 1.360000, 0.439280, 0.380928, -1.000000, 0.434205, -1.000000
0.500000, 0.350000, 1.350000, 0.448000, 0.383769, -1.000000, 0.438109, -1.000000
0.500000, 0.360000, 1.340000, 0.456480, 0.386619, -1.000000, 0.442021, -1.000000
0.500000, 0.370000, 1.330000, 0.464720, 0.389476, -1.000000, 0.445941, -1.000000
0.500000, 0.380000, 1.320000, 0.472720, 0.392341, -1.000000, 0.449867, -1.000000
0.500000, 0.390000, 1.310000, 0.480480, 0.395213, -1.000000, 0.453799, -1.000000
0.500000, 0.400000, 1.300000, 0.488000, 0.398092, -1.000000, 0.457737, -1.000000
0.500000, 0.410000, 1.290000, 0.495280, 0.400979, -1.000000, 0.461681, -1.000000
0.500000, 0.420000, 1.280000, 0.502320, 0.403873, -1.000000, 0.465629, -1.000000
0.500000, 0.430000, 1.270000, 0.509120, 0.406773, -1.000000, 0.469582, -1.000000
0.500000, 0.440000, 1.260000, 0.515680, 0.409680, -1.000000, 0.473538, -1.000000
0.500000, 0.450000, 1.250000, 0.522000, 0.412593, -1.000000, 0.475288, -1.000000
0.500000, 0.460000, 1.240000, 0.528080, 0.415512, -1.000000, 0.475515, -1.000000
0.500000, 0.470000, 1.230000, 0.533920, 0.418437, -1.000000, 0.475742, -1.000000
0.500000, 0.480000, 1.220000, 0.539520, 0.421368, -1.000000, 0.475968, -1.000000
0.500000, 0.490000, 1.210000, 0.544880, 0.424304, -1.000000, 0.476195, -1.000000
0.500000, 0.500000, 1.200000, 0.550000, 0.426029, -1.000000, 0.476422, -1.000000
0.500000, 0.510000, 1.190000, 0.554880, 0.426654, -1.000000, 0.476649, -1.000000
0.500000, 0.520000, 1.180000, 0.559520, 0.427280, -1.000000, 0.476876, -1.000000
0.500000, 0.530000, 1.170000, 0.563920, 0.427906, -1.000000, 0.477102, -1.000000
0.500000, 0.540000, 1.160000, 0.568080, 0.428532, -1.000000, 0.477329, -1.000000
0.500000, 0.550000, 1.150000, 0.572000, 0.429123, -1.000000, 0.477556, -1.000000
0.500000, 0.560000, 1.140000, 0.575680, 0.429136, -1.000000, 0.477783, -1.000000
0.500000, 0.570000, 1.130000, 0.579120, 0.429149, -1.000000, 0.478010, -1.000000
0.500000, 0.580000, 1.120000, 0.582320, 0.429161, -1.000000, 0.478237, -1.000000
0.500000, 0.590000, 1.110000, 0.585280, 0.429174, -1.000000, 0.478464, -1.000000
0.500000, 0.600000, 1.100001, 0.588000, 0.429187, -1.000000, 0.478691, -1.000000
0.500000, 0.610000, 1.090001, 0.590480, 0.429200, -1.000000, 0.478917, -1.000000
0.500000, 0.620000, 1.080001, 0.592720, 0.429212, -1.000000, 0.479144, -1.000000
0.500000, 0.630000, 1.070001, 0.594720, 0.429225, -1.000000, 0.479371, -1.000000
0.500000, 0.640000, 1.060001, 0.596480, 0.429238, -1.000000, 0.479598, -1.000000
0.500000, 0.650000, 1.050001, 0.598000, 0.429251, -1.000000, 0.479825, -1.000000
0.500000, 0.660000, 1.040001, 0.599280, 0.428857, -1.000000, 0.480052, -1.000000
0.500000, 0.670000, 1.030001, 0.600320, 0.427636, -1.000000, 0.480279, -1.000000
0.500000, 0.680000, 1.020001, 0.601120, 0.426417, -1.000000, 0.480506, -1.000000
0.500000, 0.690000, 1.010001, 0.601680, 0.425198, -1.000000, 0.480733, -1.000000
0.500000, 0.700000, 1.000001, 0.602000, 0.423981, -1.000000, 0.480960, -1.000000
0.500000, 0.710000, 0.990001, 0.602080, 0.422764, -1.000000, 0.481187, -1.000000
0.500000, 0.720000, 0.980001, 0.601920, 0.421548, -1.000000, 0.481414, -1.000000
0.500000, 0.730000, 0.970001, 0.601520, 0.420333, -1.000000, 0.481641, -1.000000
0.500000, 0.740000, 0.960001, 0.600880, 0.419119, -1.000000, 0.481868, -1.000000
0.500000, 0.750000, 0.950001, 0.600000, 0.417906, -1.000000, 0.482095, -1.000000
0.500000, 0.760000, 0.940001, 0.598880, 0.416695, -1.000000, 0.481726, -1.000000
0.500000, 0.770000, 0.930001, 0.597520, 0.415484, -1.000000, 0.478937, -1.000000
0.500000, 0.780000, 0.920001, 0.595920, 0.411398, -1.000000, 0.476149, -1.000000
0.500000, 0.790000, 0.910001, 0.594080, 0.407309, -1.000000, 0.473363, -1.000000
0.500000, 0.800000, 0.900001, 0.592000, 0.403233, -1.000000, 0.470578, -1.000000
0.500000, 0.810000, 0.890001, 0.589680, 0.399170, -1.000000, 0.467795, -1.000000
0.500000, 0.820000, 0.880001, 0.587120, 0.395121, -1.000000, 0.465015, -1.000000
0.500000, 0.830000, 0.870001, 0.584320, 0.391086, -1.000000, 0.462236, -1.000000
0.500000, 0.839999, 0.860001, 0.581280, 0.387066, -1.000000, 0.459460, -1.000000
0.500000, 0.849999, 0.850001, 0.578000, 0.383062, -1.000000, 0.456686, -1.000000
0.500000, 0.859999, 0.840001, 0.574480, 0.379073, -1.000000, 0.453915, -1.000000
0.500000, 0.869999, 0.830001, 0.570720, 0.375101, -1.000000, 0.451147, -1.000000
0.500000, 0.879999, 0.820001, 0.566720, 0.371145, -1.000000, 0.448382, -1.000000
0.500000, 0.889999, 0.810001, 0.562480, 0.367207, -1.000000, 0.445620, -1.000000
0.500000, 0.899999, 0.800001, 0.558000, 0.363286, -1.000000, 0.442861, -1.000000
0.500000, 0.909999, 0.790001, 0.553280, 0.359383, -1.000000, 0.440106, -1.000000
0.500000, 0.919999, 0.780001, 0.548321, 0.355499, -1.000000, 0.437355, -1.000000
0.500000, 0.929999, 0.770001, 0.543121, 0.351634, -1.000000, 0.434607, -1.000000
0.500000, 0.939999, 0.760001, 0.537681, 0.347788, -1.000000, 0.431864, -1.000000
0.500000, 0.949999, 0.750001, 0.532001, 0.343961, -1.000000, 0.429124, -1.000000
0.500000, 0.959999, 0.740001, 0.526081, 0.340155, -1.000000, 0.426389, -1.000000
0.500000, 0.969999, 0.730001, 0.519921, 0.336370, -1.000000, 0.423659, -1.000000
0.500000, 0.979999, 0.720001, 0.513521, 0.332605, -1.000000, 0.420933, -1.000000
0.500000, 0.989999, 0.710001, 0.506881, 0.328862, -1.000000, 0.418212, -1.000000
0.500000, 0.999999, 0.700001, 0.500001, 0.325140, -1.000000, 0.415496, -1.000000
0.510000, 0.000000, 1.690000, 0.000000, 0.222678, 0.655457, 0.277390, 0.758570
0.510000, 0.010000, 1.680000, 0.016780, 0.227554, -1.000000, 0.281902, -1.000000
0.510000, 0.020000, 1.670000, 0.033320, 0.232505, -1.000000, 0.286459, -1.000000
0.510000, 0.030000, 1.660000, 0.049620, 0.237530, -1.000000, 0.291059, -1.000000
0.510000, 0.040000, 1.650000, 0.065680, 0.242630, -1.000000, 0.295703, -1.000000
0.510000, 0.050000, 1.640000, 0.081500, 0.247804, -1.000000, 0.300389, -1.000000
0.510000, 0.060000, 1.630000, 0.097080, 0.253051, -1.000000, 0.305117, -1.000000
0.510000, 0.070000, 1.620000, 0.112420, 0.258371, -1.000000, 0.309887, -1.000000
0.510000, 0.080000, 1.610000, 0.127520, 0.263763, -1.000000, 0.314698, -1.000000
0.510000, 0.090000, 1.600000, 0.142380, 0.269227, -1.000000, 0.319549, -1.000000
0.510000, 0.100000, 1.590000, 0.157000, 0.274762, -1.000000, 0.324439, -1.000000
0.510000, 0.110000, 1.580000, 0.171380, 0.280367, -1.000000, 0.329368, -1.000000
0.510000, 0.120000, 1.570000, 0.185520, 0.286041, -1.000000, 0.334335, -1.000000
0.510000, 0.130000, 1.560000, 0.199420, 0.291784, -1.000000, 0.339338, -1.000000
0.510000, 0.140000, 1.550000, 0.213080, 0.297592, -1.000000, 0.344378, -1.000000
0.510000, 0.150000, 1.540000, 0.226500, 0.303466, -1.000000, 0.349453, -1.000000
0.510000, 0.160000, 1.530000, 0.239680, 0.309405, -1.000000, 0.354562, -1.000000
0.510000, 0.170000, 1.520000, 0.252620, 0.315407, -1.000000, 0.359705, -1.000000
0.510000, 0.180000, 1.510000, 0.265320, 0.321472, -1.000000, 0.364880, -1.000000
0.510000, 0.190000, 1.500000, 0.277780, 0.327597, -1.000000, 0.370087, -1.000000
0.510000, 0.200000, 1.490000, 0.290000, 0.333560, -1.000000, 0.375324, -1.000000
0.510000, 0.210000, 1.480000, 0.301980, 0.338973, -1.000000, 0.380590, -1.000000
0.510000, 0.220000, 1.470000, 0.313720, 0.344428, -1.000000, 0.385885, -1.000000
0.510000, 0.230000, 1.460000, 0.325220, 0.349925, -1.000000, 0.391207, -1.000000
0.510000, 0.240000, 1.450000, 0.336480, 0.352982, -1.000000, 0.395706, -1.000000
0.510000, 0.250000, 1.440000, 0.347500, 0.355735, -1.000000, 0.399509, -1.000000
0.510000, 0.260000, 1.430000, 0.358280, 0.358497, -1.000000, 0.403324, -1.000000
0.510000, 0.270000, 1.420000, 0.368820, 0.361269, -1.000000, 0.407151, -1.000000
0.510000, 0.280000, 1.410000, 0.379120, 0.364050, -1.000000, 0.410989, -1.000000
0.510000, 0.290000, 1.400000, 0.389180, 0.366840, -1.000000, 0.414838, -1.000000
0.510000, 0.300000, 1.390000, 0.399000, 0.369639, -1.000000, 0.418697, -1.000000
0.510000, 0.310000, 1.380000, 0.408580, 0.372447, -1.000000, 0.422566, -1.000000
0.510000, 0.320000, 1.370000, 0.417920, 0.375264, -1.000000, 0.426445, -1.000000
0.510000, 0.330000, 1.360000, 0.427020, 0.378089, -1.000000, 0.430333, -1.000000
0.510000, 0.340000, 1.350000, 0.435880, 0.380922, -1.000000, 0.434229, -1.000000
0.510000, 0.350000, 1.340000, 0.444500, 0.383764, -1.000000, 0.438134, -1.000000
0.510000, 0.360000, 1.330000, 0.452880, 0.386613, -1.000000, 0.442046, -1.000000
0.510000, 0.370000, 1.320000, 0.461020, 0.389471, -1.000000, 0.445965, -1.000000
0.510000, 0.380000, 1.310000, 0.468920, 0.392335, -1.000000, 0.449891, -1.000000
0.510000, 0.390000, 1.300000, 0.476580, 0.395208, -1.000000, 0.453824, -1.000000
0.510000, 0.400000, 1.290000, 0.484000, 0.398087, -1.000000, 0.457762, -1.000000
0.510000, 0.410000, 1.280000, 0.491180, 0.400974, -1.000000, 0.461706, -1.000000
0.510000, 0.420000, 1.270000, 0.498120, 0.403867, -1.000000, 0.465654, -1.000000
0.510000, 0.430000, 1.260000, 0.504820, 0.406767, -1.000000, 0.469606, -1.000000
0.510000, 0.440000, 1.250000, 0.511280, 0.409674, -1.000000, 0.473563, -1.000000
0.510000, 0.450000, 1.240000, 0.517500, 0.412587, -1.000000, 0.475245, -1.000000
0.510000, 0.460000, 1.230000, 0.523480, 0.415506, -1.000000, 0.475471, -1.000000
0.510000, 0.470000, 1.220000, 0.529220, 0.418432, -1.000000, 0.475698, -1.000000
0.510000, 0.480000, 1.210000, 0.534720, 0.421362, -1.000000, 0.475925, -1.000000
0.510000, 0.490000, 1.200000, 0.539980, 0.424299, -1.000000, 0.476152, -1.000000
0.510000, 0.500000, 1.190000, 0.545000, 0.426070, -1.000000, 0.476379, -1.000000
0.510000, 0.510000, 1.180000, 0.549780, 0.426695, -1.000000, 0.476605, -1.000000
0.510000, 0.520000, 1.170000, 0.554320, 0.427321, -1.000000, 0.476832, -1.000000
0.510000, 0.530000, 1.160000, 0.558620, 0.427946, -1.000000, 0.477059, -1.000000
0.510000, 0.540000, 1.150000, 0.562680, 0.428573, -1.000000, 0.477286, -1.000000
0.510000, 0.550000, 1.140000, 0.566500, 0.429133, -1.000000, 0.477513, -1.000000
0.510000, 0.560000, 1.130000, 0.570080, 0.429146, -1.000000, 0.477740, -1.000000
0.510000, 0.570000, 1.120000, 0.573420, 0.429159, -1.000000, 0.477966, -1.000000
0.510000, 0.580000, 1.110000, 0.576520, 0.429172, -1.000000, 0.478193, -1.000000
0.510000, 0.590000, 1.100001, 0.579380, 0.429184, -1.000000, 0.478420, -1.000000
0.510000, 0.600000, 1.090001, 0.582000, 0.429197, -1.000000, 0.478647, -1.000000
0.510000, 0.610000, 1.080001, 0.584380, 0.429210, -1.000000, 0.478874, -1.000000
0.510000, 0.620000, 1.070001, 0.586520, 0.429223, -1.000000, 0.479101, -1.000000
0.510000, 0.630000, 1.060001, 0.588420, 0.429235, -1.000000, 0.479328, -1.000000
0.510000, 0.640000, 1.050001, 0.590080, 0.429248, -1.000000, 0.479555, -1.000000
0.510000, 0.650000, 1.040001, 0.591500, 0.429261, -1.000000, 0.479782, -1.000000
0.510000, 0.660000, 1.030001, 0.592680, 0.428905, -1.000000, 0.480009, -1.000000
0.510000, 0.670000, 1.020001, 0.593620, 0.427685, -1.000000, 0.480236, -1.000000
0.510000, 0.680000, 1.010001, 0.594320, 0.426465, -1.000000, 0.480462, -1.000000
0.510000, 0.690000, 1.000001, 0.594780, 0.425246, -1.000000, 0.480689, -1.000000
0.510000, 0.700000, 0.990001, 0.595000, 0.424029, -1.000000, 0.480916, -1.000000
0.510000, 0.710000, 0.980001, 0.594980, 0.422812, -1.000000, 0.481143, -1.000000
0.510000, 0.720000, 0.970001, 0.594720, 0.421596, -1.000000, 0.481370, -1.000000
0.510000, 0.730000, 0.960001, 0.594220, 0.420381, -1.000000, 0.481597, -1.000000
0.510000, 0.740000, 0.950001, 0.593480, 0.419167, -1.000000, 0.481824, -1.000000
0.510000, 0.750000, 0.940001, 0.592500, 0.417954, -1.000000, 0.482051, -1.000000
0.510000, 0.760000, 0.930001, 0.591280, 0.416742, -1.000000, 0.481694, -1.000000
0.510000, 0.770000, 0.920001, 0.589820, 0.415531, -1.000000, 0.478905, -1.000000
0.510000, 0.780000, 0.910001, 0.588120, 0.411595, -1.000000, 0.476117, -1.000000
0.510000, 0.790000, 0.900001, 0.586180, 0.407505, -1.000000, 0.473331, -1.000000
0.510000, 0.800000, 0.890001, 0.584000, 0.403428, -1.000000, 0.470547, -1.000000
0.510000, 0.810000, 0.880001, 0.581580, 0.399365, -1.000000, 0.467764, -1.000000
0.510000, 0.820000, 0.870001, 0.578920, 0.395315, -1.000000, 0.464983, -1.000000
0.510000, 0.830000, 0.860001, 0.576020, 0.391280, -1.000000, 0.462205, -1.000000
0.510000, 0.839999, 0.850001, 0.572880, 0.387259, -1.000000, 0.459428, -1.000000
0.510000, 0.849999, 0.840001, 0.569500, 0.383254, -1.000000, 0.456655, -1.000000
0.510000, 0.859999, 0.830001, 0.565880, 0.379265, -1.000000, 0.453884, -1.000000
0.510000, 0.869999, 0.820001, 0.562020, 0.375292, -1.000000, 0.451115, -1.000000
0.510000, 0.879999, 0.810001, 0.557920, 0.371335, -1.000000, 0.448350, -1.000000
0.510000, 0.889999, 0.800001, 0.553580, 0.367396, -1.000000, 0.445588, -1.000000
0.510000, 0.899999, 0.790001, 0.549000, 0.363474, -1.000000, 0.442830, -1.000000
0.510000, 0.909999, 0.780001, 0.544181, 0.359571, -1.000000, 0.440075, -1.000000
0.510000, 0.919999, 0.770001, 0.539121, 0.355685, -1.000000, 0.437323, -1.000000
0.510000, 0.929999, 0.760001, 0.533821, 0.351819, -1.000000, 0.434576, -1.000000
0.510000, 0.939999, 0.750001, 0.528281, 0.347972, -1.000000, 0.431832, -1.000000
0.510000, 0.949999, 0.740001, 0.522501, 0.344145, -1.000000, 0.429093, -1.000000
0.510000, 0.959999, 0.730001, 0.516481, 0.340338, -1.000000, 0.426358, -1.000000
0.510000, 0.969999, 0.720001, 0.510221, 0.336552, -1.000000, 0.423628, -1.000000
0.510000, 0.979999, 0.710001, 0.503721, 0.332786, -1.000000, 0.420902, -1.000000
0.510000, 0.989999, 0.700001, 0.496981, 0.329042, -1.000000, 0.418181, -1.000000
0.510000, 0.999999, 0.690001, 0.490001, 0.325319, -1.000000, 0.415465, -1.000000
0.520000, 0.000000, 1.680000, 0.000000, 0.222576, 0.655462, 0.277370, 0.758565
0.520000, 0.010000, 1.670000, 0.016680, 0.227450, -1.000000, 0.281882, -1.000000
0.520000, 0.020000, 1.660000, 0.033120, 0.232400, -1.000000, 0.286439, -1.000000
0.520000, 0.030000, 1.650000, 0.049320, 0.237423, -1.000000, 0.291039, -1.000000
0.520000, 0.040000, 1.640000, 0.065280, 0.242521, -1.000000, 0.295682, -1.000000
0.520000, 0.050000, 1.630000, 0.081000, 0.247693, -1.000000, 0.300369, -1.000000
0.520000, 0.060000, 1.620000, 0.096480, 0.252939, -1.000000, 0.305097, -1.000000
0.520000, 0.070000, 1.610000, 0.111720, 0.258257, -1.000000, 0.309867, -1.000000
0.520000, 0.080000, 1.600000, 0.126720, 0.263648, -1.000000, 0.314677, -1.000000
0.520000, 0.090000, 1.590000, 0.141480, 0.269111, -1.000000, 0.319528, -1.000000
0.520000, 0.100000, 1.580000, 0.156000, 0.274644, -1.000000, 0.324418, -1.000000
0.520000, 0.110000, 1.570000, 0.170280, 0.280248, -1.000000, 0.329346, -1.000000
0.520000, 0.120000, 1.560000, 0.184320, 0.285920, -1.000000, 0.334313, -1.000000
0.520000, 0.130000, 1.550000, 0.198120, 0.291662, -1.000000, 0.339316, -1.000000
0.520000, 0.140000, 1.540000, 0.211680, 0.297470, -1.000000, 0.344356, -1.000000
0.520000, 0.150000, 1.530000, 0.225000, 0.303345, -1.000000, 0.349431, -1.000000
0.520000, 0.160000, 1.520000, 0.238080, 0.309283, -1.000000, 0.354540, -1.000000
0.520000, 0.170000, 1.510000, 0.250920, 0.315284, -1.000000, 0.359683, -1.000000
0.520000, 0.180000, 1.500000, 0.263520, 0.321347, -1.000000, 0.364858, -1.000000
0.520000, 0.190000, 1.490000, 0.275880, 0.327471, -1.000000, 0.370064, -1.000000
0.520000, 0.200000, 1.480000, 0.288000, 0.333507, -1.000000, 0.375301, -1.000000
0.520000, 0.210000, 1.470000, 0.299880, 0.338919, -1.000000, 0.380567, -1.000000
0.520000, 0.220000, 1.460000, 0.311520, 0.344374, -1.000000, 0.385862, -1.000000
0.520000, 0.230000, 1.450000, 0.322920, 0.349870, -1.000000, 0.391183, -1.000000
0.520000, 0.240000, 1.440000, 0.334080, 0.352977, -1.000000, 0.395730, -1.000000
0.520000, 0.250000, 1.430000, 0.345000, 0.355730, -1.000000, 0.399533, -1.000000
0.520000, 0.260000, 1.420000, 0.355680, 0.358492, -1.000000, 0.403348, -1.000000
0.520000, 0.270000, 1.410000, 0.366120, 0.361264, -1.000000, 0.407175, -1.000000
0.520000, 0.280000, 1.400000, 0.376320, 0.364045, -1.000000, 0.411013, -1.000000
0.520000, 0.290000, 1.390000, 0.386280, 0.366835, -1.000000, 0.414862, -1.000000
0.520000, 0.300000, 1.380000, 0.396000, 0.369634, -1.000000, 0.418721, -1.000000
0.520000, 0.310000, 1.370000, 0.405480, 0.372442, -1.000000, 0.422590, -1.000000
0.520000, 0.320000, 1.360000, 0.414720, 0.375259, -1.000000, 0.426469, -1.000000
0.520000, 0.330000, 1.350000, 0.423720, 0.378084, -1.000000, 0.430357, -1.000000
0.520000, 0.340000, 1.340000, 0.432480, 0.380917, -1.000000, 0.434253, -1.000000
0.520000, 0.350000, 1.330000, 0.441000, 0.383759, -1.000000, 0.438158, -1.000000
0.520000, 0.360000, 1.320000, 0.449280, 0.386608, -1.000000, 0.442070, -1.000000
0.520000, 0.370000, 1.310000, 0.457320, 0.389465, -1.000000, 0.445990, -1.000000
0.520000, 0.380000, 1.300000, 0.465120, 0.392330, -1.000000, 0.449916, -1.000000
0.520000, 0.390000, 1.290000, 0.472680, 0.395202, -1.000000, 0.453848, -1.000000
0.520000, 0.400000, 1.280000, 0.480000, 0.398082, -1.000000, 0.457787, -1.000000
0.520000, 0.410000, 1.270000, 0.487080, 0.400969, -1.000000, 0.461730, -1.000000
0.520000, 0.420000, 1.260000, 0.493920, 0.403862, -1.000000, 0.465678, -1.000000
0.520000, 0.430000, 1.250000, 0.500520, 0.406762, -1.000000, 0.469631, -1.000000
0.520000, 0.440000, 1.240000, 0.506880, 0.409669, -1.000000, 0.473588, -1.000000
0.520000, 0.450000, 1.230000, 0.513000, 0.412582, -1.000000, 0.475201, -1.000000
0.520000, 0.460000, 1.220000, 0.518880, 0.415501, -1.000000, 0.475428, -1.000000
0.520000, 0.470000, 1.210000, 0.524520, 0.418426, -1.000000, 0.475655, -1.000000
0.520000, 0.480000, 1.200000, 0.529920, 0.421357, -1.000000, 0.475881, -1.000000
0.520000, 0.490000, 1.190000, 0.535080, 0.424293, -1.000000, 0.476108, -1.000000
0.520000, 0.500000, 1.180000, 0.540000, 0.426110, -1.000000, 0.476335, -1.000000
0.520000, 0.510000, 1.170000, 0.544680, 0.426736, -1.000000, 0.476562, -1.000000
0.520000, 0.520000, 1.160000, 0.549120, 0.427361, -1.000000, 0.476789, -1.000000
0.520000, 0.530000, 1.150000, 0.553320, 0.427987, -1.000000, 0.477016, -1.000000
0.520000, 0.540000, 1.140000, 0.557280, 0.428613, -1.000000, 0.477242, -1.000000
0.520000, 0.550000, 1.130000, 0.561000, 0.429143, -1.000000, 0.477469, -1.000000
0.520000, 0.560000, 1.120000, 0.564480, 0.429156, -1.000000, 0.477696, -1.000000
0.520000, 0.570000, 1.110000, 0.567720, 0.429169, -1.000000, 0.477923, -1.000000
0.520000, 0.580000, 1.100001, 0.570720, 0.429182, -1.000000, 0.478150, -1.000000
0.520000, 0.590000, 1.090001, 0.573480, 0.429194, -1.000000, 0.478377, -1.000000
0.520000, 0.600000, 1.080001, 0.576000, 0.429207, -1.000000, 0.478604, -1.000000
0.520000, 0.610000, 1.070001, 0.578280, 0.429220, -1.000000, 0.478830, -1.000000
0.520000, 0.620000, 1.060001, 0.580320, 0.429233, -1.000000, 0.479057, -1.000000
0.520000, 0.630000, 1.050001, 0.582120, 0.429246, -1.000000, 0.479284, -1.000000
0.520000, 0.640000, 1.040001, 0.583680, 0.429258, -1.000000, 0.479511, -1.000000
0.520000, 0.650000, 1.030001, 0.585000, 0.429271, -1.000000, 0.479738, -1.000000
0.520000, 0.660000, 1.020001, 0.586080, 0.428953, -1.000000, 0.479965, -1.000000
0.520000, 0.670000, 1.010001, 0.586920, 0.427733, -1.000000, 0.480192, -1.000000
0.520000, 0.680000, 1.000001, 0.587520, 0.426513, -1.000000, 0.480419, -1.000000
0.520000, 0.690000, 0.990001, 0.587880, 0.425294, -1.000000, 0.480646, -1.000000
0.520000, 0.700000, 0.980001, 0.588000, 0.424077, -1.000000, 0.480873, -1.000000
0.520000, 0.710000, 0.970001, 0.587880, 0.422860, -1.000000, 0.481100, -1.000000
0.520000, 0.720000, 0.960001, 0.587520, 0.421644, -1.000000, 0.481327, -1.000000
0.520000, 0.730000, 0.950001, 0.586920, 0.420429, -1.000000, 0.481554, -1.000000
0.520000, 0.740000, 0.940001, 0.586080, 0.419215, -1.000000, 0.481781, -1.000000
0.520000, 0.750000, 0.930001, 0.585000, 0.418002, -1.000000, 0.482008, -1.000000
0.520000, 0.760000, 0.920001, 0.583680, 0.416790, -1.000000, 0.481662, -1.000000
0.520000, 0.770000, 0.910001, 0.582120, 0.415579, -1.000000, 0.478873, -1.000000
0.520000, 0.780000, 0.900001, 0.580320, 0.411792, -1.000000, 0.476086, -1.000000
0.520000, 0.790000, 0.890001, 0.578280, 0.407702, -1.000000, 0.473299, -1.000000
0.520000, 0.800000, 0.880001, 0.576000, 0.403624, -1.000000, 0.470515, -1.000000
0.520000, 0.810000, 0.870001, 0.573480, 0.399560, -1.000000, 0.467732, -1.000000
0.520000, 0.820000, 0.860001, 0.570720, 0.395510, -1.000000, 0.464951, -1.000000
0.520000, 0.830000, 0.850001, 0.567720, 0.391474, -1.000000, 0.462173, -1.000000
0.520000, 0.839999, 0.840001, 0.564480, 0.387453, -1.000000, 0.459397, -1.000000
0.520000, 0.849999, 0.830001, 0.561000, 0.383447, -1.000000, 0.456623, -1.000000
0.520000, 0.859999, 0.820001, 0.557280, 0.379456, -1.000000, 0.453852, -1.000000
0.520000, 0.869999, 0.810001, 0.553320, 0.375482, -1.000000, 0.451084, -1.000000
0.520000, 0.879999, 0.800001, 0.549120, 0.371525, -1.000000, 0.448319, -1.000000
0.520000, 0.889999, 0.790001, 0.544680, 0.367585, -1.000000, 0.445557, -1.000000
0.520000, 0.899999, 0.780001, 0.540000, 0.363662, -1.000000, 0.442798, -1.000000
0.520000, 0.909999, 0.770001, 0.535080, 0.359758, -1.000000, 0.440043, -1.000000
0.520000, 0.919999, 0.760001, 0.529921, 0.355872, -1.000000, 0.437292, -1.000000
0.520000, 0.929999, 0.750001, 0.524521, 0.352005, -1.000000, 0.434545, -1.000000
0.520000, 0.939999, 0.740001, 0.518881, 0.348157, -1.000000, 0.431801, -1.000000
0.520000, 0.949999, 0.730001, 0.513001, 0.344329, -1.000000, 0.429062, -1.000000
0.520000, 0.959999, 0.720001, 0.506881, 0.340521, -1.000000, 0.426327, -1.000000
0.520000, 0.969999, 0.710001, 0.500521, 0.336733, -1.000000, 0.423597, -1.000000
0.520000, 0.979999, 0.700001, 0.493921, 0.332967, -1.000000, 0.420871, -1.000000
0.520000, 0.989999, 0.690001, 0.487081, 0.329221, -1.000000, 0.418150, -1.000000
0.520000, 0.999999, 0.680001, 0.480001, 0.325498, -1.000000, 0.415434, -1.000000
0.530000, 0.000000, 1.670000, 0.000000, 0.222474, 0.655467, 0.277351, 0.758559
0.530000, 0.010000, 1.660000, 0.016580, 0.227346, -1.000000, 0.281863, -1.000000
0.530000, 0.020000, 1.650000, 0.032920, 0.232294, -1.000000, 0.286419, -1.000000
0.530000, 0.030000, 1.640000, 0.049020, 0.237316, -1.000000, 0.291019, -1.000000
0.530000, 0.040000, 1.630000, 0.064880, 0.242413, -1.000000, 0.295662, -1.000000
0.530000, 0.050000, 1.620000, 0.080500, 0.247583, -1.000000, 0.300348, -1.000000
0.530000, 0.060000, 1.610000, 0.095880, 0.252827, -1.000000, 0.305076, -1.000000
0.530000, 0.070000, 1.600000, 0.111020, 0.258144, -1.000000, 0.309846, -1.000000
0.530000, 0.080000, 1.590000, 0.125920, 0.263533, -1.000000, 0.314656, -1.000000
0.530000, 0.090000, 1.580000, 0.140580, 0.268994, -1.000000, 0.319507, -1.000000
0.530000, 0.100000, 1.570000, 0.155000, 0.274526, -1.000000, 0.324396, -1.000000
0.530000, 0.110000, 1.560000, 0.169180, 0.280128, -1.000000, 0.329325, -1.000000
0.530000, 0.120000, 1.550000, 0.183120, 0.285800, -1.000000, 0.334291, -1.000000
0.530000, 0.130000, 1.540000, 0.196820, 0.291539, -1.000000, 0.339295, -1.000000
0.530000, 0.140000, 1.530000, 0.210280, 0.297346, -1.000000, 0.344334, -1.000000
0.530000, 0.150000, 1.520000, 0.223500, 0.303219, -1.000000, 0.349409, -1.000000
0.530000, 0.160000, 1.510000, 0.236480, 0.309158, -1.000000, 0.354518, -1.000000
0.530000, 0.170000, 1.500000, 0.249220, 0.315159, -1.000000, 0.359660, -1.000000
0.530000, 0.180000, 1.490000, 0.261720, 0.321223, -1.000000, 0.364835, -1.000000
0.530000, 0.190000, 1.480000, 0.273980, 0.327346, -1.000000, 0.370042, -1.000000
0.530000, 0.200000, 1.470000, 0.286000, 0.333453, -1.000000, 0.375278, -1.000000
0.530000, 0.210000, 1.460000, 0.297780, 0.338865, -1.000000, 0.380544, -1.000000
0.530000, 0.220000, 1.450000, 0.309320, 0.344320, -1.000000, 0.385839, -1.000000
0.530000, 0.230000, 1.440000, 0.320620, 0.349816, -1.000000, 0.391160, -1.000000
0.530000, 0.240000, 1.430000, 0.331680, 0.352972, -1.000000, 0.395754, -1.000000
0.530000, 0.250000, 1.420000, 0.342500, 0.355724, -1.000000, 0.399557, -1.000000
0.530000, 0.260000, 1.410000, 0.353080, 0.358487, -1.000000, 0.403372, -1.000000
0.530000, 0.270000, 1.400000, 0.363420, 0.361259, -1.000000, 0.407199, -1.000000
0.530000, 0.280000, 1.390000, 0.373520, 0.364040, -1.000000, 0.411037, -1.000000
0.530000, 0.290000, 1.380000, 0.383380, 0.366830, -1.000000, 0.414886, -1.000000
0.530000, 0.300000, 1.370000, 0.393000, 0.369629, -1.000000, 0.418745, -1.000000
0.530000, 0.310000, 1.360000, 0.402380, 0.372437, -1.000000, 0.422614, -1.000000
0.530000, 0.320000, 1.350000, 0.411520, 0.375254, -1.000000, 0.426493, -1.000000
0.530000, 0.330000, 1.340000, 0.420420, 0.378079, -1.000000, 0.430381, -1.000000
0.530000, 0.340000, 1.330000, 0.429080, 0.380912, -1.000000, 0.434278, -1.000000
0.530000, 0.350000, 1.320000, 0.437500, 0.383753, -1.000000, 0.438182, -1.000000
0.530000, 0.360000, 1.310000, 0.445680, 0.386603, -1.000000, 0.442095, -1.000000
0.530000, 0.370000, 1.300000, 0.453620, 0.389460, -1.000000, 0.446014, -1.000000
0.530000, 0.380000, 1.290000, 0.461320, 0.392325, -1.000000, 0.449940, -1.000000
0.530000, 0.390000, 1.280000, 0.468780, 0.395197, -1.000000, 0.453873, -1.000000
0.530000, 0.400000, 1.270000, 0.476000, 0.398077, -1.000000, 0.457811, -1.000000
0.530000, 0.410000, 1.260000, 0.482980, 0.400963, -1.000000, 0.461755, -1.000000
0.530000, 0.420000, 1.250000, 0.489720, 0.403857, -1.000000, 0.465703, -1.000000
0.530000, 0.430000, 1.240000, 0.496220, 0.406757, -1.000000, 0.469656, -1.000000
0.530000, 0.440000, 1.230000, 0.502480, 0.409664, -1.000000, 0.473612, -1.000000
0.530000, 0.450000, 1.220000, 0.508500, 0.412577, -1.000000, 0.475158, -1.000000
0.530000, 0.460000, 1.210000, 0.514280, 0.415496, -1.000000, 0.475385, -1.000000
0.530000, 0.470000, 1.200000, 0.519820, 0.418421, -1.000000, 0.475611, -1.000000
0.530000, 0.480000, 1.190000, 0.525120, 0.421352, -1.000000, 0.475838, -1.000000
0.530000, 0.490000, 1.180000, 0.530180, 0.424288, -1.000000, 0.476065, -1.000000
0.530000, 0.500000, 1.170000, 0.535000, 0.426151, -1.000000, 0.476292, -1.000000
0.530000, 0.510000, 1.160000, 0.539580, 0.426776, -1.000000, 0.476518, -1.000000
0.530000, 0.520000, 1.150000, 0.543920, 0.427402, -1.000000, 0.476745, -1.000000
0.530000, 0.530000, 1.140000, 0.548020, 0.428028, -1.000000, 0.476972, -1.000000
0.530000, 0.540000, 1.130000, 0.551880, 0.428654, -1.000000, 0.477199, -1.000000
0.530000, 0.550000, 1.120000, 0.555500, 0.429154, -1.000000, 0.477426, -1.000000
0.530000, 0.560000, 1.110000, 0.558880, 0.429166, -1.000000, 0.477653, -1.000000
0.530000, 0.570000, 1.100001, 0.562020, 0.429179, -1.000000, 0.477879, -1.000000
0.530000, 0.580000, 1.090001, 0.564920, 0.429192, -1.000000, 0.478106, -1.000000
0.530000, 0.590000, 1.080001, 0.567580, 0.429205, -1.000000, 0.478333, -1.000000
0.530000, 0.600000, 1.070001, 0.570000, 0.429217, -1.000000, 0.478560, -1.000000
0.530000, 0.610000, 1.060001, 0.572180, 0.429230, -1.000000, 0.478787, -1.000000
0.530000, 0.620000, 1.050001, 0.574120, 0.429243, -1.000000, 0.479014, -1.000000
0.530000, 0.630000, 1.040001, 0.575820, 0.429256, -1.000000, 0.479241, -1.000000
0.530000, 0.640000, 1.030001, 0.577280, 0.429269, -1.000000, 0.479468, -1.000000
0.530000, 0.650000, 1.020001, 0.578500, 0.429281, -1.000000, 0.479695, -1.000000
0.530000, 0.660000, 1.010001, 0.579480, 0.429001, -1.000000, 0.479922, -1.000000
0.530000, 0.670000, 1.000001, 0.580220, 0.427781, -1.000000, 0.480149, -1.000000
0.530000, 0.680000, 0.990001, 0.580720, 0.426561, -1.000000, 0.480375, -1.000000
0.530000, 0.690000, 0.980001, 0.580980, 0.425343, -1.000000, 0.480602, -1.000000
0.530000, 0.700000, 0.970001, 0.581000, 0.424125, -1.000000, 0.480829, -1.000000
0.530000, 0.710000, 0.960001, 0.580780, 0.422908, -1.000000, 0.481056, -1.000000
0.530000, 0.720000, 0.950001, 0.580320, 0.421692, -1.000000, 0.481283, -1.000000
0.530000, 0.730000, 0.940001, 0.579620, 0.420477, -1.000000, 0.481510, -1.000000
0.530000, 0.740000, 0.930001, 0.578680, 0.419263, -1.000000, 0.481737, -1.000000
0.530000, 0.750000, 0.920001, 0.577500, 0.418050, -1.000000, 0.481964, -1.000000
0.530000, 0.760000, 0.910001, 0.576080, 0.416838, -1.000000, 0.481631, -1.000000
0.530000, 0.770000, 0.900001, 0.574420, 0.415627, -1.000000, 0.478842, -1.000000
0.530000, 0.780000, 0.890001, 0.572520, 0.411989, -1.000000, 0.476054, -1.000000
0.530000, 0.790000, 0.880001, 0.570380, 0.407898, -1.000000, 0.473268, -1.000000
0.530000, 0.800000, 0.870001, 0.568000, 0.403820, -1.000000, 0.470483, -1.000000
0.530000, 0.810000, 0.860001, 0.565380, 0.399756, -1.000000, 0.467701, -1.000000
0.530000, 0.820000, 0.850001, 0.562520, 0.395705, -1.000000, 0.464920, -1.000000
0.530000, 0.830000, 0.840001, 0.559420, 0.391668, -1.000000, 0.462141, -1.000000
0.530000, 0.839999, 0.830001, 0.556080, 0.387646, -1.000000, 0.459365, -1.000000
0.530000, 0.849999, 0.820001, 0.552500, 0.383639, -1.000000, 0.456592, -1.000000
0.530000, 0.859999, 0.810001, 0.548680, 0.379648, -1.000000, 0.453821, -1.000000
0.530000, 0.869999, 0.800001, 0.544620, 0.375673, -1.000000, 0.451053, -1.000000
0.530000, 0.879999, 0.790001, 0.540320, 0.371715, -1.000000, 0.448287, -1.000000
0.530000, 0.889999, 0.780001, 0.535780, 0.367774, -1.000000, 0.445526, -1.000000
0.530000, 0.899999, 0.770001, 0.531000, 0.363851, -1.000000, 0.442767, -1.000000
0.530000, 0.909999, 0.760001, 0.525981, 0.359945, -1.000000, 0.440012, -1.000000
0.530000, 0.919999, 0.750001, 0.520721, 0.356059, -1.000000, 0.437261, -1.000000
0.530000, 0.929999, 0.740001, 0.515221, 0.352191, -1.000000, 0.434513, -1.000000
0.530000, 0.939999, 0.730001, 0.509481, 0.348342, -1.000000, 0.431770, -1.000000
0.530000, 0.949999, 0.720001, 0.503501, 0.344513, -1.000000, 0.429031, -1.000000
0.530000, 0.959999, 0.710001, 0.497281, 0.340704, -1.000000, 0.426296, -1.000000
0.530000, 0.969999, 0.700001, 0.490821, 0.336915, -1.000000, 0.423566, -1.000000
0.530000, 0.979999, 0.690001, 0.484121, 0.333148, -1.000000, 0.420840, -1.000000
0.530000, 0.989999, 0.680001, 0.477181, 0.329401, -1.000000, 0.418119, -1.000000
0.530000, 0.999999, 0.670001, 0.470001, 0.325676, -1.000000, 0.415403, -1.000000
0.540000, 0.000000, 1.660000, 0.000000, 0.222371, 0.655471, 0.277331, 0.758553
0.540000, 0.010000, 1.650000, 0.016480, 0.227242, -1.000000, 0.281843, -1.000000
0.540000, 0.020000, 1.640000, 0.032720, 0.232188, -1.000000, 0.286399, -1.000000
0.540000, 0.030000, 1.630000, 0.048720, 0.237209, -1.000000, 0.290999, -1.000000
0.540000, 0.040000, 1.620000, 0.064480, 0.242304, -1.000000, 0.295642, -1.000000
0.540000, 0.050000, 1.610000, 0.080000, 0.247473, -1.000000, 0.300328, -1.000000
0.540000, 0.060000, 1.600000, 0.095280, 0.252715, -1.000000, 0.305056, -1.000000
0.540000, 0.070000, 1.590000, 0.110320, 0.258031, -1.000000, 0.309825, -1.000000
0.540000, 0.080000, 1.580000, 0.125120, 0.263418, -1.000000, 0.314635, -1.000000
0.540000, 0.090000, 1.570000, 0.139680, 0.268878, -1.000000, 0.319485, -1.000000
0.540000, 0.100000, 1.560000, 0.154000, 0.274408, -1.000000, 0.324375, -1.000000
0.540000, 0.110000, 1.550000, 0.168080, 0.280009, -1.000000, 0.329303, -1.000000
0.540000, 0.120000, 1.540000, 0.181920, 0.285679, -1.000000, 0.334270, -1.000000
0.540000, 0.130000, 1.530000, 0.195520, 0.291417, -1.000000, 0.339273, -1.000000
0.540000, 0.140000, 1.520000, 0.208880, 0.297223, -1.000000, 0.344312, -1.000000
0.540000, 0.150000, 1.510000, 0.222000, 0.303095, -1.000000, 0.349387, -1.000000
0.540000, 0.160000, 1.500000, 0.234880, 0.309031, -1.000000, 0.354496, -1.000000
0.540000, 0.170000, 1.490000, 0.247520, 0.315032, -1.000000, 0.359638, -1.000000
0.540000, 0.180000, 1.480000, 0.259920, 0.321095, -1.000000, 0.364813, -1.000000
0.540000, 0.190000, 1.470000, 0.272080, 0.327218, -1.000000, 0.370019, -1.000000
0.540000, 0.200000, 1.460000, 0.284000, 0.333400, -1.000000, 0.375255, -1.000000
0.540000, 0.210000, 1.450000, 0.295680, 0.338812, -1.000000, 0.380521, -1.000000
0.540000, 0.220000, 1.440000, 0.307120, 0.344266, -1.000000, 0.385816, -1.000000
0.540000, 0.230000, 1.430000, 0.318320, 0.349761, -1.000000, 0.391137, -1.000000
0.540000, 0.240000, 1.420000, 0.329280, 0.352967, -1.000000, 0.395778, -1.000000
0.540000, 0.250000, 1.410000, 0.340000, 0.355719, -1.000000, 0.399581, -1.000000
0.540000, 0.260000, 1.400000, 0.350480, 0.358482, -1.000000, 0.403396, -1.000000
0.540000, 0.270000, 1.390000, 0.360720, 0.361254, -1.000000, 0.407223, -1.000000
0.540000, 0.280000, 1.380000, 0.370720, 0.364035, -1.000000, 0.411061, -1.000000
0.540000, 0.290000, 1.370000, 0.380480, 0.366825, -1.000000, 0.414910, -1.000000
0.540000, 0.300000, 1.360000, 0.390000, 0.369624, -1.000000, 0.418769, -1.000000
0.540000, 0.310000, 1.350000, 0.399280, 0.372432, -1.000000, 0.422639, -1.000000
0.540000, 0.320000, 1.340000, 0.408320, 0.375248, -1.000000, 0.426517, -1.000000
0.540000, 0.330000, 1.330000, 0.417120, 0.378073, -1.000000, 0.430405, -1.000000
0.540000, 0.340000, 1.320000, 0.425680, 0.380907, -1.000000, 0.434302, -1.000000
0.540000, 0.350000, 1.310000, 0.434000, 0.383748, -1.000000, 0.438207, -1.000000
0.540000, 0.360000, 1.300000, 0.442080, 0.386598, -1.000000, 0.442119, -1.000000
0.540000, 0.370000, 1.290000, 0.449920, 0.389455, -1.000000, 0.446039, -1.000000
0.540000, 0.380000, 1.280000, 0.457520, 0.392320, -1.000000, 0.449965, -1.000000
0.540000, 0.390000, 1.270000, 0.464880, 0.395192, -1.000000, 0.453898, -1.000000
0.540000, 0.400000, 1.260000, 0.472000, 0.398071, -1.000000, 0.457836, -1.000000
0.540000, 0.410000, 1.250000, 0.478880, 0.400958, -1.000000, 0.461779, -1.000000
0.540000, 0.420000, 1.240000, 0.485520, 0.403851, -1.000000, 0.465728, -1.000000
0.540000, 0.430000, 1.230000, 0.491920, 0.406752, -1.000000, 0.469680, -1.000000
0.540000, 0.440000, 1.220000, 0.498080, 0.409658, -1.000000, 0.473637, -1.000000
0.540000, 0.450000, 1.210000, 0.504000, 0.412571, -1.000000, 0.475114, -1.000000
0.540000, 0.460000, 1.200000, 0.509680, 0.415490, -1.000000, 0.475341, -1.000000
0.540000, 0.470000, 1.190000, 0.515120, 0.418415, -1.000000, 0.475568, -1.000000
0.540000, 0.480000, 1.180000, 0.520320, 0.421346, -1.000000, 0.475795, -1.000000
0.540000, 0.490000, 1.170000, 0.525280, 0.424283, -1.000000, 0.476021, -1.000000
0.540000, 0.500000, 1.160000, 0.530000, 0.426192, -1.000000, 0.476248, -1.000000
0.540000, 0.510000, 1.150000, 0.534480, 0.426817, -1.000000, 0.476475, -1.000000
0.540000, 0.520000, 1.140000, 0.538720, 0.427443, -1.000000, 0.476702, -1.000000
0.540000, 0.530000, 1.130000, 0.542720, 0.428069, -1.000000, 0.476929, -1.000000
0.540000, 0.540000, 1.120000, 0.546480, 0.428695, -1.000000, 0.477155, -1.000000
0.540000, 0.550000, 1.110000, 0.550000, 0.429164, -1.000000, 0.477382, -1.000000
0.540000, 0.560000, 1.100001, 0.553280, 0.429177, -1.000000, 0.477609, -1.000000
0.540000, 0.570000, 1.090001, 0.556320, 0.429189, -1.000000, 0.477836, -1.000000
0.540000, 0.580000, 1.080001, 0.559120, 0.429202, -1.000000, 0.478063, -1.000000
0.540000, 0.590000, 1.070001, 0.561680, 0.429215, -1.000000, 0.478290, -1.000000
0.540000, 0.600000, 1.060001, 0.564000, 0.429228, -1.000000, 0.478517, -1.000000
0.540000, 0.610000, 1.050001, 0.566080, 0.429240, -1.000000, 0.478743, -1.000000
0.540000, 0.620000, 1.040001, 0.567920, 0.429253, -1.000000, 0.478970, -1.000000
0.540000, 0.630000, 1.030001, 0.569520, 0.429266, -1.000000, 0.479197, -1.000000
0.540000, 0.640000, 1.020001, 0.570880, 0.429279, -1.000000, 0.479424, -1.000000
0.540000, 0.650000, 1.010001, 0.572000, 0.429291, -1.000000, 0.479651, -1.000000
0.540000, 0.660000, 1.000001, 0.572880, 0.429049, -1.000000, 0.479878, -1.000000
0.540000, 0.670000, 0.990001, 0.573520, 0.427829, -1.000000, 0.480105, -1.000000
0.540000, 0.680000, 0.980001, 0.573920, 0.426609, -1.000000, 0.480332, -1.000000
0.540000, 0.690000, 0.970001, 0.574080, 0.425391, -1.000000, 0.480559, -1.000000
0.540000, 0.700000, 0.960001, 0.574000, 0.424173, -1.000000, 0.480786, -1.000000
0.540000, 0.710000, 0.950001, 0.573680, 0.422956, -1.000000, 0.481013, -1.000000
0.540000, 0.720000, 0.940001, 0.573120, 0.421740, -1.000000, 0.481240, -1.000000
0.540000, 0.730000, 0.930001, 0.572320, 0.420525, -1.000000, 0.481467, -1.000000
0.540000, 0.740000, 0.920001, 0.571280, 0.419311, -1.000000, 0.481694, -1.000000
0.540000, 0.750000, 0.910001, 0.570000, 0.418098, -1.000000, 0.481921, -1.000000
0.540000, 0.760000, 0.900001, 0.568480, 0.416886, -1.000000, 0.481599, -1.000000
0.540000, 0.770000, 0.890001, 0.566720, 0.415675, -1.000000, 0.478810, -1.000000
0.540000, 0.780000, 0.880001, 0.564720, 0.412186, -1.000000, 0.476022, -1.000000
0.540000, 0.790000, 0.870001, 0.562480, 0.408095, -1.000000, 0.473236, -1.000000
0.540000, 0.800000, 0.860001, 0.560000, 0.404016, -1.000000, 0.470452, -1.000000
0.540000, 0.810000, 0.850001, 0.557280, 0.399951, -1.000000, 0.467669, -1.000000
0.540000, 0.820000, 0.840001, 0.554320, 0.395899, -1.000000, 0.464888, -1.000000
0.540000, 0.830000, 0.830001, 0.551120, 0.391862, -1.000000, 0.462110, -1.000000
0.540000, 0.839999, 0.820001, 0.547680, 0.387839, -1.000000, 0.459334, -1.000000
0.540000, 0.849999, 0.810001, 0.544000, 0.383832, -1.000000, 0.456560, -1.000000
0.540000, 0.859999, 0.800001, 0.540080, 0.379840, -1.000000, 0.453789, -1.000000
0.540000, 0.869999, 0.790001, 0.535920, 0.375864, -1.000000, 0.451021, -1.000000
0.540000, 0.879999, 0.780001, 0.531520, 0.371905, -1.000000, 0.448256, -1.000000
0.540000, 0.889999, 0.770001, 0.526881, 0.367964, -1.000000, 0.445494, -1.000000
0.540000, 0.899999, 0.760001, 0.522000, 0.364039, -1.000000, 0.442736, -1.000000
0.540000, 0.909999, 0.750001, 0.516881, 0.360133, -1.000000, 0.439981, -1.000000
0.540000, 0.919999, 0.740001, 0.511521, 0.356245, -1.000000, 0.437230, -1.000000
0.540000, 0.929999, 0.730001, 0.505921, 0.352376, -1.000000, 0.434482, -1.000000
0.540000, 0.939999, 0.720001, 0.500081, 0.348527, -1.000000, 0.431739, -1.000000
0.540000, 0.949999, 0.710001, 0.494001, 0.344697, -1.000000, 0.429000, -1.000000
0.540000, 0.959999, 0.700001, 0.487681, 0.340887, -1.000000, 0.426265, -1.000000
0.540000, 0.969999, 0.690001, 0.481121, 0.337097, -1.000000, 0.423534, -1.000000
0.540000, 0.979999, 0.680001, 0.474321, 0.333329, -1.000000, 0.420809, -1.000000
0.540000, 0.989999, 0.670001, 0.467281, 0.329581, -1.000000, 0.418088, -1.000000
0.540000, 0.999999, 0.660001, 0.460001, 0.325855, -1.000000, 0.415372, -1.000000
0.550000, 0.000000, 1.650000, 0.000000, 0.222269, 0.655476, 0.277312, 0.758547
0.550000, 0.010000, 1.640000, 0.016380, 0.227139, -1.000000, 0.281823, -1.000000
0.550000, 0.020000, 1.630000, 0.032520, 0.232083, -1.000000, 0.286379, -1.000000
0.550000, 0.030000, 1.620000, 0.048420, 0.237102, -1.000000, 0.290979, -1.000000
0.550000, 0.040000, 1.610000, 0.064080, 0.242195, -1.000000, 0.295622, -1.000000
0.550000, 0.050000, 1.600000, 0.079500, 0.247363, -1.000000, 0.300307, -1.000000
0.550000, 0.060000, 1.590000, 0.094680, 0.252604, -1.000000, 0.305035, -1.000000
0.550000, 0.070000, 1.580000, 0.109620, 0.257917, -1.000000, 0.309804, -1.000000
0.550000, 0.080000, 1.570000, 0.124320, 0.263304, -1.000000, 0.314614, -1.000000
0.550000, 0.090000, 1.560000, 0.138780, 0.268762, -1.000000, 0.319464, -1.000000
0.550000, 0.100000, 1.550000, 0.153000, 0.274291, -1.000000, 0.324354, -1.000000
0.550000, 0.110000, 1.540000, 0.166980, 0.279890, -1.000000, 0.329282, -1.000000
0.550000, 0.120000, 1.530000, 0.180720, 0.285558, -1.000000, 0.334248, -1.000000
0.550000, 0.130000, 1.520000, 0.194220, 0.291295, -1.000000, 0.339251, -1.000000
0.550000, 0.140000, 1.510000, 0.207480, 0.297099, -1.000000, 0.344290, -1.000000
0.550000, 0.150000, 1.500000, 0.220500, 0.302970, -1.000000, 0.349364, -1.000000
0.550000, 0.160000, 1.490000, 0.233280, 0.308905, -1.000000, 0.354473, -1.000000
0.550000, 0.170000, 1.480000, 0.245820, 0.314904, -1.000000, 0.359615, -1.000000
0.550000, 0.180000, 1.470000, 0.258120, 0.320966, -1.000000, 0.364790, -1.000000
0.550000, 0.190000, 1.460000, 0.270180, 0.327088, -1.000000, 0.369996, -1.000000
0.550000, 0.200000, 1.450000, 0.282000, 0.333270, -1.000000, 0.375233, -1.000000
0.550000, 0.210000, 1.440000, 0.293580, 0.338728, -1.000000, 0.380498, -1.000000
0.550000, 0.220000, 1.430000, 0.304920, 0.344212, -1.000000, 0.385793, -1.000000
0.550000, 0.230000, 1.420000, 0.316020, 0.349707, -1.000000, 0.391114, -1.000000
0.550000, 0.240000, 1.410000, 0.326880, 0.352962, -1.000000, 0.395801, -1.000000
0.550000, 0.250000, 1.400000, 0.337500, 0.355714, -1.000000, 0.399604, -1.000000
0.550000, 0.260000, 1.390000, 0.347880, 0.358477, -1.000000, 0.403420, -1.000000
0.550000, 0.270000, 1.380000, 0.358020, 0.361248, -1.000000, 0.407246, -1.000000
0.550000, 0.280000, 1.370000, 0.367920, 0.364030, -1.000000, 0.411085, -1.000000
0.550000, 0.290000, 1.360000, 0.377580, 0.366820, -1.000000, 0.414934, -1.000000
0.550000, 0.300000, 1.350000, 0.387000, 0.369619, -1.000000, 0.418793, -1.000000
0.550000, 0.310000, 1.340000, 0.396180, 0.372427, -1.000000, 0.422663, -1.000000
0.550000, 0.320000, 1.330000, 0.405120, 0.375243, -1.000000, 0.426542, -1.000000
0.550000, 0.330000, 1.320000, 0.413820, 0.378068, -1.000000, 0.430430, -1.000000
0.550000, 0.340000, 1.310000, 0.422280, 0.380902, -1.000000, 0.434326, -1.000000
0.550000, 0.350000, 1.300000, 0.430500, 0.383743, -1.000000, 0.438231, -1.000000
0.550000, 0.360000, 1.290000, 0.438480, 0.386592, -1.000000, 0.442144, -1.000000
0.550000, 0.370000, 1.280000, 0.446220, 0.389450, -1.000000, 0.446063, -1.000000
0.550000, 0.380000, 1.270000, 0.453720, 0.392314, -1.000000, 0.449990, -1.000000
0.550000, 0.390000, 1.260000, 0.460980, 0.395187, -1.000000, 0.453922, -1.000000
0.550000, 0.400000, 1.250000, 0.468000, 0.398066, -1.000000, 0.457860, -1.000000
0.550000, 0.410000, 1.240000, 0.474780, 0.400953, -1.000000, 0.461804, -1.000000
0.550000, 0.420000, 1.230000, 0.481320, 0.403846, -1.000000, 0.465752, -1.000000
0.550000, 0.430000, 1.220000, 0.487620, 0.406746, -1.000000, 0.469705, -1.000000
0.550000, 0.440000, 1.210000, 0.493680, 0.409653, -1.000000, 0.473662, -1.000000
0.550000, 0.450000, 1.200000, 0.499500, 0.412566, -1.000000, 0.475071, -1.000000
0.550000, 0.460000, 1.190000, 0.505080, 0.415485, -1.000000, 0.475298, -1.000000
0.550000, 0.470000, 1.180000, 0.510420, 0.418410, -1.000000, 0.475524, -1.000000
0.550000, 0.480000, 1.170000, 0.515520, 0.421341, -1.000000, 0.475751, -1.000000
0.550000, 0.490000, 1.160000, 0.520380, 0.424277, -1.000000, 0.475978, -1.000000
0.550000, 0.500000, 1.150000, 0.525000, 0.426232, -1.000000, 0.476205, -1.000000
0.550000, 0.510000, 1.140000, 0.529380, 0.426858, -1.000000, 0.476432, -1.000000
0.550000, 0.520000, 1.130000, 0.533520, 0.427483, -1.000000, 0.476658, -1.000000
0.550000, 0.530000, 1.120000, 0.537420, 0.428109, -1.000000, 0.476885, -1.000000
0.550000, 0.540000, 1.110000, 0.541080, 0.428735, -1.000000, 0.477112, -1.000000
0.550000, 0.550000, 1.100001, 0.544500, 0.429174, -1.000000, 0.477339, -1.000000
0.550000, 0.560000, 1.090001, 0.547680, 0.429187, -1.000000, 0.477566, -1.000000
0.550000, 0.570000, 1.080001, 0.550620, 0.429199, -1.000000, 0.477793, -1.000000
0.550000, 0.580000, 1.070001, 0.553320, 0.429212, -1.000000, 0.478019, -1.000000
0.550000, 0.590000, 1.060001, 0.555780, 0.429225, -1.000000, 0.478246, -1.000000
0.550000, 0.600000, 1.050001, 0.558000, 0.429238, -1.000000, 0.478473, -1.000000
0.550000, 0.610000, 1.040001, 0.559980, 0.429251, -1.000000, 0.478700, -1.000000
0.550000, 0.620000, 1.030001, 0.561720, 0.429263, -1.000000, 0.478927, -1.000000
0.550000, 0.630000, 1.020001, 0.563220, 0.429276, -1.000000, 0.479154, -1.000000
0.550000, 0.640000, 1.010001, 0.564480, 0.429289, -1.000000, 0.479381, -1.000000
0.550000, 0.650000, 1.000001, 0.565500, 0.429302, -1.000000, 0.479608, -1.000000
0.550000, 0.660000, 0.990001, 0.566280, 0.429098, -1.000000, 0.479835, -1.000000
0.550000, 0.670000, 0.980001, 0.566820, 0.427877, -1.000000, 0.480062, -1.000000
0.550000, 0.680000, 0.970001, 0.567120, 0.426657, -1.000000, 0.480289, -1.000000
0.550000, 0.690000, 0.960001, 0.567180, 0.425439, -1.000000, 0.480515, -1.000000
0.550000, 0.700000, 0.950001, 0.567000, 0.424221, -1.000000, 0.480742, -1.000000
0.550000, 0.710000, 0.940001, 0.566580, 0.423004, -1.000000, 0.480969, -1.000000
0.550000, 0.720000, 0.930001, 0.565920, 0.421788, -1.000000, 0.481196, -1.000000
0.550000, 0.730000, 0.920001, 0.565020, 0.420573, -1.000000, 0.481423, -1.000000
0.550000, 0.740000, 0.910001, 0.563880, 0.419359, -1.000000, 0.481650, -1.000000
0.550000, 0.750000, 0.900001, 0.562500, 0.418146, -1.000000, 0.481877, -1.000000
0.550000, 0.760000, 0.890001, 0.560880, 0.416933, -1.000000, 0.481567, -1.000000
0.550000, 0.770000, 0.880001, 0.559020, 0.415722, -1.000000, 0.478778, -1.000000
0.550000, 0.780000, 0.870001, 0.556920, 0.412384, -1.000000, 0.475990, -1.000000
0.550000, 0.790000, 0.860001, 0.554580, 0.408292, -1.000000, 0.473204, -1.000000
0.550000, 0.800000, 0.850001, 0.552000, 0.404212, -1.000000, 0.470420, -1.000000
0.550000, 0.810000, 0.840001, 0.549180, 0.400146, -1.000000, 0.467637, -1.000000
0.550000, 0.820000, 0.830001, 0.546120, 0.396094, -1.000000, 0.464857, -1.000000
0.550000, 0.830000, 0.820001, 0.542820, 0.392056, -1.000000, 0.462078, -1.000000
0.550000, 0.839999, 0.810001, 0.539280, 0.388032, -1.000000, 0.459302, -1.000000
0.550000, 0.849999, 0.800001, 0.535500, 0.384024, -1.000000, 0.456528, -1.000000
0.550000, 0.859999, 0.790001, 0.531480, 0.380032, -1.000000, 0.453758, -1.000000
0.550000, 0.869999, 0.780001, 0.527220, 0.376055, -1.000000, 0.450990, -1.000000
0.550000, 0.879999, 0.770001, 0.522721, 0.372095, -1.000000, 0.448225, -1.000000
0.550000, 0.889999, 0.760001, 0.517981, 0.368153, -1.000000, 0.445463, -1.000000
0.550000, 0.899999, 0.750001, 0.513000, 0.364228, -1.000000, 0.442704, -1.000000
0.550000, 0.909999, 0.740001, 0.507781, 0.360321, -1.000000, 0.439949, -1.000000
0.550000, 0.919999, 0.730001, 0.502321, 0.356432, -1.000000, 0.437198, -1.000000
0.550000, 0.929999, 0.720001, 0.496621, 0.352562, -1.000000, 0.434451, -1.000000
0.550000, 0.939999, 0.710001, 0.490681, 0.348711, -1.000000, 0.431708, -1.000000
0.550000, 0.949999, 0.700001, 0.484501, 0.344880, -1.000000, 0.428968, -1.000000
0.550000, 0.959999, 0.690001, 0.478081, 0.341070, -1.000000, 0.426234, -1.000000
0.550000, 0.969999, 0.680001, 0.471421, 0.337279, -1.000000, 0.423503, -1.000000
0.550000, 0.979999, 0.670001, 0.464521, 0.333509, -1.000000, 0.420778, -1.000000
0.550000, 0.989999, 0.660001, 0.457381, 0.329761, -1.000000, 0.418057, -1.000000
0.550000, 0.999999, 0.650001, 0.450001, 0.326034, -1.000000, 0.415341, -1.000000
0.560000, 0.000000, 1.640000, 0.000000, 0.222167, 0.655481, 0.277292, 0.758541
0.560000, 0.010000, 1.630000, 0.016280, 0.227035, -1.000000, 0.281803, -1.000000
0.560000, 0.020000, 1.620000, 0.032320, 0.231978, -1.000000, 0.286359, -1.000000
0.560000, 0.030000, 1.610000, 0.048120, 0.236995, -1.000000, 0.290959, -1.000000
0.560000, 0.040000, 1.600000, 0.063680, 0.242087, -1.000000, 0.295601, -1.000000
0.560000, 0.050000, 1.590000, 0.079000, 0.247253, -1.000000, 0.300287, -1.000000
0.560000, 0.060000, 1.580000, 0.094080, 0.252492, -1.000000, 0.305014, -1.000000
0.560000, 0.070000, 1.570000, 0.108920, 0.257804, -1.000000, 0.309783, -1.000000
0.560000, 0.080000, 1.560000, 0.123520, 0.263189, -1.000000, 0.314593, -1.000000
0.560000, 0.090000, 1.550000, 0.137880, 0.268645, -1.000000, 0.319443, -1.000000
0.560000, 0.100000, 1.540000, 0.152000, 0.274173, -1.000000, 0.324332, -1.000000
0.560000, 0.110000, 1.530000, 0.165880, 0.279770, -1.000000, 0.329260, -1.000000
0.560000, 0.120000, 1.520000, 0.179520, 0.285437, -1.000000, 0.334226, -1.000000
0.560000, 0.130000, 1.510000, 0.192920, 0.291173, -1.000000, 0.339229, -1.000000
0.560000, 0.140000, 1.500000, 0.206080, 0.296976, -1.000000, 0.344268, -1.000000
0.560000, 0.150000, 1.490000, 0.219000, 0.302845, -1.000000, 0.349342, -1.000000
0.560000, 0.160000, 1.480000, 0.231680, 0.308779, -1.000000, 0.354451, -1.000000
0.560000, 0.170000, 1.470000, 0.244120, 0.314776, -1.000000, 0.359593, -1.000000
0.560000, 0.180000, 1.460000, 0.256320, 0.320837, -1.000000, 0.364768, -1.000000
0.560000, 0.190000, 1.450000, 0.268280, 0.326958, -1.000000, 0.369974, -1.000000
0.560000, 0.200000, 1.440000, 0.280000, 0.333139, -1.000000, 0.375210, -1.000000
0.560000, 0.210000, 1.430000, 0.291480, 0.338601, -1.000000, 0.380476, -1.000000
0.560000, 0.220000, 1.420000, 0.302720, 0.344089, -1.000000, 0.385770, -1.000000
0.560000, 0.230000, 1.410000, 0.313720, 0.349618, -1.000000, 0.391091, -1.000000
0.560000, 0.240000, 1.400000, 0.324480, 0.352957, -1.000000, 0.395825, -1.000000
0.560000, 0.250000, 1.390000, 0.335000, 0.355709, -1.000000, 0.399628, -1.000000
0.560000, 0.260000, 1.380000, 0.345280, 0.358472, -1.000000, 0.403443, -1.000000
0.560000, 0.270000, 1.370000, 0.355320, 0.361243, -1.000000, 0.407270, -1.000000
0.560000, 0.280000, 1.360000, 0.365120, 0.364024, -1.000000, 0.411109, -1.000000
0.560000, 0.290000, 1.350000, 0.374680, 0.366815, -1.000000, 0.414958, -1.000000
0.560000, 0.300000, 1.340000, 0.384000, 0.369614, -1.000000, 0.418817, -1.000000
0.560000, 0.310000, 1.330000, 0.393080, 0.372422, -1.000000, 0.422687, -1.000000
0.560000, 0.320000, 1.320000, 0.401920, 0.375238, -1.000000, 0.426566, -1.000000
0.560000, 0.330000, 1.310000, 0.410520, 0.378063, -1.000000, 0.430454, -1.000000
0.560000, 0.340000, 1.300000, 0.418880, 0.380896, -1.000000, 0.434351, -1.000000
0.560000, 0.350000, 1.290000, 0.427000, 0.383738, -1.000000, 0.438256, -1.000000
0.560000, 0.360000, 1.280000, 0.434880, 0.386587, -1.000000, 0.442168, -1.000000
0.560000, 0.370000, 1.270000, 0.442520, 0.389444, -1.000000, 0.446088, -1.000000
0.560000, 0.380000, 1.260000, 0.449920, 0.392309, -1.000000, 0.450014, -1.000000
0.560000, 0.390000, 1.250000, 0.457080, 0.395181, -1.000000, 0.453947, -1.000000
0.560000, 0.400000, 1.240000, 0.464000, 0.398061, -1.000000, 0.457885, -1.000000
0.560000, 0.410000, 1.230000, 0.470680, 0.400947, -1.000000, 0.461829, -1.000000
0.560000, 0.420000, 1.220000, 0.477120, 0.403841, -1.000000, 0.465777, -1.000000
0.560000, 0.430000, 1.210000, 0.483320, 0.406741, -1.000000, 0.469730, -1.000000
0.560000, 0.440000, 1.200000, 0.489280, 0.409648, -1.000000, 0.473686, -1.000000
0.560000, 0.450000, 1.190000, 0.495000, 0.412560, -1.000000, 0.475027, -1.000000
0.560000, 0.460000, 1.180000, 0.500480, 0.415480, -1.000000, 0.475254, -1.000000
0.560000, 0.470000, 1.170000, 0.505720, 0.418405, -1.000000, 0.475481, -1.000000
0.560000, 0.480000, 1.160000, 0.510720, 0.421336, -1.000000, 0.475708, -1.000000
0.560000, 0.490000, 1.150000, 0.515480, 0.424272, -1.000000, 0.475934, -1.000000
0.560000, 0.500000, 1.140000, 0.520000, 0.426273, -1.000000, 0.476161, -1.000000
0.560000, 0.510000, 1.130000, 0.524280, 0.426898, -1.000000, 0.476388, -1.000000
0.560000, 0.520000, 1.120000, 0.528320, 0.427524, -1.000000, 0.476615, -1.000000
0.560000, 0.530000, 1.110000, 0.532120, 0.428150, -1.000000, 0.476842, -1.000000
0.560000, 0.540000, 1.100001, 0.535680, 0.428776, -1.000000, 0.477068, -1.000000
0.560000, 0.550000, 1.090001, 0.539000, 0.429184, -1.000000, 0.477295, -1.000000
0.560000, 0.560000, 1.080001, 0.542080, 0.429197, -1.000000, 0.477522, -1.000000
0.560000, 0.570000, 1.070001, 0.544920, 0.429210, -1.000000, 0.477749, -1.000000
0.560000, 0.580000, 1.060001, 0.547520, 0.429222, -1.000000, 0.477976, -1.000000
0.560000, 0.590000, 1.050001, 0.549880, 0.429235, -1.000000, 0.478203, -1.000000
0.560000, 0.600000, 1.040001, 0.552000, 0.429248, -1.000000, 0.478430, -1.000000
0.560000, 0.610000, 1.030001, 0.553880, 0.429261, -1.000000, 0.478657, -1.000000
0.560000, 0.620000, 1.020001, 0.555520, 0.429273, -1.000000, 0.478883, -1.000000
0.560000, 0.630000, 1.010001, 0.556920, 0.429286, -1.000000, 0.479110, -1.000000
0.560000, 0.640000, 1.000001, 0.558080, 0.429299, -1.000000, 0.479337, -1.000000
0.560000, 0.650000, 0.990001, 0.559000, 0.429312, -1.000000, 0.479564, -1.000000
0.560000, 0.660000, 0.980001, 0.559680, 0.429146, -1.000000, 0.479791, -1.000000
0.560000, 0.670000, 0.970001, 0.560120, 0.427925, -1.000000, 0.480018, -1.000000
0.560000, 0.680000, 0.960001, 0.560320, 0.426705, -1.000000, 0.480245, -1.000000
0.560000, 0.690000, 0.950001, 0.560280, 0.425487, -1.000000, 0.480472, -1.000000
0.560000, 0.700000, 0.940001, 0.560000, 0.424269, -1.000000, 0.480699, -1.000000
0.560000, 0.710000, 0.930001, 0.559480, 0.423052, -1.000000, 0.480926, -1.000000
0.560000, 0.720000, 0.920001, 0.558720, 0.421836, -1.000000, 0.481153, -1.000000
0.560000, 0.730000, 0.910001, 0.557720, 0.420621, -1.000000, 0.481380, -1.000000
0.560000, 0.740000, 0.900001, 0.556480, 0.419407, -1.000000, 0.481607, -1.000000
0.560000, 0.750000, 0.890001, 0.555000, 0.418193, -1.000000, 0.481834, -1.000000
0.560000, 0.760000, 0.880001, 0.553280, 0.416981, -1.000000, 0.481535, -1.000000
0.560000, 0.770000, 0.870001, 0.551320, 0.415770, -1.000000, 0.478746, -1.000000
0.560000, 0.780000, 0.860001, 0.549120, 0.412581, -1.000000, 0.475959, -1.000000
0.560000, 0.790000, 0.850001, 0.546680, 0.408488, -1.000000, 0.473173, -1.000000
0.560000, 0.800000, 0.840001, 0.544000, 0.404408, -1.000000, 0.470388, -1.000000
0.560000, 0.810000, 0.830001, 0.541080, 0.400342, -1.000000, 0.467606, -1.000000
0.560000, 0.820000, 0.820001, 0.537920, 0.396289, -1.000000, 0.464825, -1.000000
0.560000, 0.830000, 0.810001, 0.534520, 0.392250, -1.000000, 0.462046, -1.000000
0.560000, 0.839999, 0.800001, 0.530880, 0.388226, -1.000000, 0.459270, -1.000000
0.560000, 0.849999, 0.790001, 0.527000, 0.384217, -1.000000, 0.456497, -1.000000
0.560000, 0.859999, 0.780001, 0.522880, 0.380223, -1.000000, 0.453726, -1.000000
0.560000, 0.869999, 0.770001, 0.518520, 0.376246, -1.000000, 0.450958, -1.000000
0.560000, 0.879999, 0.760001, 0.513920, 0.372286, -1.000000, 0.448193, -1.000000
0.560000, 0.889999, 0.750001, 0.509081, 0.368342, -1.000000, 0.445431, -1.000000
0.560000, 0.899999, 0.740001, 0.504001, 0.364416, -1.000000, 0.442673, -1.000000
0.560000, 0.909999, 0.730001, 0.498681, 0.360508, -1.000000, 0.439918, -1.000000
0.560000, 0.919999, 0.720001, 0.493121, 0.356619, -1.000000, 0.437167, -1.000000
0.560000, 0.929999, 0.710001, 0.487321, 0.352748, -1.000000, 0.434420, -1.000000
0.560000, 0.939999, 0.700001, 0.481281, 0.348896, -1.000000, 0.431676, -1.000000
0.560000, 0.949999, 0.690001, 0.475001, 0.345064, -1.000000, 0.428937, -1.000000
0.560000, 0.959999, 0.680001, 0.468481, 0.341253, -1.000000, 0.426203, -1.000000
0.560000, 0.969999, 0.670001, 0.461721, 0.337461, -1.000000, 0.423472, -1.000000
0.560000, 0.979999, 0.660001, 0.454721, 0.333690, -1.000000, 0.420747, -1.000000
0.560000, 0.989999, 0.650001, 0.447481, 0.329941, -1.000000, 0.418026, -1.000000
0.560000, 0.999999, 0.640001, 0.440001, 0.326213, -1.000000, 0.415310, -1.000000
0.570000, 0.000000, 1.630000, 0.000000, 0.222064, 0.655485, 0.277273, 0.758535
0.570000, 0.010000, 1.620000, 0.016180, 0.226931, -1.000000, 0.281784, -1.000000
0.570000, 0.020000, 1.610000, 0.032120, 0.231872, -1.000000, 0.286339, -1.000000
0.570000, 0.030000, 1.600000, 0.047820, 0.236888, -1.000000, 0.290939, -1.000000
0.570000, 0.040000, 1.590000, 0.063280, 0.241978, -1.000000, 0.295581, -1.000000
0.570000, 0.050000, 1.580000, 0.078500, 0.247143, -1.000000, 0.300266, -1.000000
0.570000, 0.060000, 1.570000, 0.093480, 0.252380, -1.000000, 0.304994, -1.000000
0.570000, 0.070000, 1.560000, 0.108220, 0.257691, -1.000000, 0.309763, -1.000000
0.570000, 0.080000, 1.550000, 0.122720, 0.263074, -1.000000, 0.314572, -1.000000
0.570000, 0.090000, 1.540000, 0.136980, 0.268529, -1.000000, 0.319422, -1.000000
0.570000, 0.100000, 1.530000, 0.151000, 0.274055, -1.000000, 0.324311, -1.000000
0.570000, 0.110000, 1.520000, 0.164780, 0.279651, -1.000000, 0.329239, -1.000000
0.570000, 0.120000, 1.510000, 0.178320, 0.285317, -1.000000, 0.334205, -1.000000
0.570000, 0.130000, 1.500000, 0.191620, 0.291051, -1.000000, 0.339207, -1.000000
0.570000, 0.140000, 1.490000, 0.204680, 0.296852, -1.000000, 0.344246, -1.000000
0.570000, 0.150000, 1.480000, 0.217500, 0.302720, -1.000000, 0.349320, -1.000000
0.570000, 0.160000, 1.470000, 0.230080, 0.308652, -1.000000, 0.354429, -1.000000
0.570000, 0.170000, 1.460000, 0.242420, 0.314649, -1.000000, 0.359571, -1.000000
0.570000, 0.180000, 1.450000, 0.254520, 0.320708, -1.000000, 0.364745, -1.000000
0.570000, 0.190000, 1.440000, 0.266380, 0.326828, -1.000000, 0.369951, -1.000000
0.570000, 0.200000, 1.430000, 0.278000, 0.333007, -1.000000, 0.375187, -1.000000
0.570000, 0.210000, 1.420000, 0.289380, 0.338475, -1.000000, 0.380453, -1.000000
0.570000, 0.220000, 1.410000, 0.300520, 0.343961, -1.000000, 0.385746, -1.000000
0.570000, 0.230000, 1.400000, 0.311420, 0.349490, -1.000000, 0.391068, -1.000000
0.570000, 0.240000, 1.390000, 0.322080, 0.352881, -1.000000, 0.395849, -1.000000
0.570000, 0.250000, 1.380000, 0.332500, 0.355668, -1.000000, 0.399652, -1.000000
0.570000, 0.260000, 1.370000, 0.342680, 0.358464, -1.000000, 0.403467, -1.000000
0.570000, 0.270000, 1.360000, 0.352620, 0.361238, -1.000000, 0.407294, -1.000000
0.570000, 0.280000, 1.350000, 0.362320, 0.364019, -1.000000, 0.411133, -1.000000
0.570000, 0.290000, 1.340000, 0.371780, 0.366809, -1.000000, 0.414982, -1.000000
0.570000, 0.300000, 1.330000, 0.381000, 0.369608, -1.000000, 0.418842, -1.000000
0.570000, 0.310000, 1.320000, 0.389980, 0.372416, -1.000000, 0.422711, -1.000000
0.570000, 0.320000, 1.310000, 0.398720, 0.375233, -1.000000, 0.426590, -1.000000
0.570000, 0.330000, 1.300000, 0.407220, 0.378058, -1.000000, 0.430478, -1.000000
0.570000, 0.340000, 1.290000, 0.415480, 0.380891, -1.000000, 0.434375, -1.000000
0.570000, 0.350000, 1.280000, 0.423500, 0.383733, -1.000000, 0.438280, -1.000000
0.570000, 0.360000, 1.270000, 0.431280, 0.386582, -1.000000, 0.442192, -1.000000
0.570000, 0.370000, 1.260000, 0.438820, 0.389439, -1.000000, 0.446112, -1.000000
0.570000, 0.380000, 1.250000, 0.446120, 0.392304, -1.000000, 0.450039, -1.000000
0.570000, 0.390000, 1.240000, 0.453180, 0.395176, -1.000000, 0.453971, -1.000000
0.570000, 0.400000, 1.230000, 0.460000, 0.398056, -1.000000, 0.457910, -1.000000
0.570000, 0.410000, 1.220000, 0.466580, 0.400942, -1.000000, 0.461853, -1.000000
0.570000, 0.420000, 1.210000, 0.472920, 0.403835, -1.000000, 0.465802, -1.000000
0.570000, 0.430000, 1.200000, 0.479020, 0.406736, -1.000000, 0.469755, -1.000000
0.570000, 0.440000, 1.190000, 0.484880, 0.409642, -1.000000, 0.473711, -1.000000
0.570000, 0.450000, 1.180000, 0.490500, 0.412555, -1.000000, 0.474984, -1.000000
0.570000, 0.460000, 1.170000, 0.495880, 0.415474, -1.000000, 0.475211, -1.000000
0.570000, 0.470000, 1.160000, 0.501020, 0.418399, -1.000000, 0.475437, -1.000000
0.570000, 0.480000, 1.150000, 0.505920, 0.421330, -1.000000, 0.475664, -1.000000
0.570000, 0.490000, 1.140000, 0.510580, 0.424266, -1.000000, 0.475891, -1.000000
0.570000, 0.500000, 1.130000, 0.515000, 0.426314, -1.000000, 0.476118, -1.000000
0.570000, 0.510000, 1.120000, 0.519180, 0.426939, -1.000000, 0.476345, -1.000000
0.570000, 0.520000, 1.110000, 0.523120, 0.427565, -1.000000, 0.476571, -1.000000
0.570000, 0.530000, 1.100001, 0.526820, 0.428191, -1.000000, 0.476798, -1.000000
0.570000, 0.540000, 1.090001, 0.530280, 0.428817, -1.000000, 0.477025, -1.000000
0.570000, 0.550000, 1.080001, 0.533500, 0.429194, -1.000000, 0.477252, -1.000000
0.570000, 0.560000, 1.070001, 0.536480, 0.429207, -1.000000, 0.477479, -1.000000
0.570000, 0.570000, 1.060001, 0.539220, 0.429220, -1.000000, 0.477706, -1.000000
0.570000, 0.580000, 1.050001, 0.541720, 0.429233, -1.000000, 0.477932, -1.000000
0.570000, 0.590000, 1.040001, 0.543980, 0.429245, -1.000000, 0.478159, -1.000000
0.570000, 0.600000, 1.030001, 0.546000, 0.429258, -1.000000, 0.478386, -1.000000
0.570000, 0.610000, 1.020001, 0.547780, 0.429271, -1.000000, 0.478613, -1.000000
0.570000, 0.620000, 1.010001, 0.549320, 0.429284, -1.000000, 0.478840, -1.000000
0.570000, 0.630000, 1.000001, 0.550620, 0.429296, -1.000000, 0.479067, -1.000000
0.570000, 0.640000, 0.990001, 0.551680, 0.429309, -1.000000, 0.479294, -1.000000
0.570000, 0.650000, 0.980001, 0.552500, 0.429322, -1.000000, 0.479521, -1.000000
0.570000, 0.660000, 0.970001, 0.553080, 0.429194, -1.000000, 0.479748, -1.000000
0.570000, 0.670000, 0.960001, 0.553420, 0.427973, -1.000000, 0.479975, -1.000000
0.570000, 0.680000, 0.950001, 0.553520, 0.426753, -1.000000, 0.480202, -1.000000
0.570000, 0.690000, 0.940001, 0.553380, 0.425535, -1.000000, 0.480428, -1.000000
0.570000, 0.700000, 0.930001, 0.553000, 0.424317, -1.000000, 0.480655, -1.000000
0.570000, 0.710000, 0.920001, 0.552380, 0.423100, -1.000000, 0.480882, -1.000000
0.570000, 0.720000, 0.910001, 0.551520, 0.421884, -1.000000, 0.481109, -1.000000
0.570000, 0.730000, 0.900001, 0.550420, 0.420669, -1.000000, 0.481336, -1.000000
0.570000, 0.740000, 0.890001, 0.549080, 0.419454, -1.000000, 0.481563, -1.000000
0.570000, 0.750000, 0.880001, 0.547500, 0.418241, -1.000000, 0.481790, -1.000000
0.570000, 0.760000, 0.870001, 0.545680, 0.417029, -1.000000, 0.481504, -1.000000
0.570000, 0.770000, 0.860001, 0.543620, 0.415818, -1.000000, 0.478715, -1.000000
0.570000, 0.780000, 0.850001, 0.541320, 0.412778, -1.000000, 0.475927, -1.000000
0.570000, 0.790000, 0.840001, 0.538780, 0.408685, -1.000000, 0.473141, -1.000000
0.570000, 0.800000, 0.830001, 0.536000, 0.404604, -1.000000, 0.470356, -1.000000
0.570000, 0.810000, 0.820001, 0.532980, 0.400537, -1.000000, 0.467574, -1.000000
0.570000, 0.820000, 0.810001, 0.529720, 0.396483, -1.000000, 0.464793, -1.000000
0.570000, 0.830000, 0.800001, 0.526220, 0.392444, -1.000000, 0.462015, -1.000000
0.570000, 0.839999, 0.790001, 0.522480, 0.388419, -1.000000, 0.459239, -1.000000
0.570000, 0.849999, 0.780001, 0.518500, 0.384409, -1.000000, 0.456465, -1.000000
0.570000, 0.859999, 0.770001, 0.514280, 0.380415, -1.000000, 0.453694, -1.000000
0.570000, 0.869999, 0.760001, 0.509820, 0.376437, -1.000000, 0.450927, -1.000000
0.570000, 0.879999, 0.750001, 0.505121, 0.372476, -1.000000, 0.448162, -1.000000
0.570000, 0.889999, 0.740001, 0.500181, 0.368532, -1.000000, 0.445400, -1.000000
0.570000, 0.899999, 0.730001, 0.495001, 0.364605, -1.000000, 0.442642, -1.000000
0.570000, 0.909999, 0.720001, 0.489581, 0.360696, -1.000000, 0.439887, -1.000000
0.570000, 0.919999, 0.710001, 0.483921, 0.356805, -1.000000, 0.437136, -1.000000
0.570000, 0.929999, 0.700001, 0.478021, 0.352934, -1.000000, 0.434388, -1.000000
0.570000, 0.939999, 0.690001, 0.471881, 0.349081, -1.000000, 0.431645, -1.000000
0.570000, 0.949999, 0.680001, 0.465501, 0.345248, -1.000000, 0.428906, -1.000000
0.570000, 0.959999, 0.670001, 0.458881, 0.341436, -1.000000, 0.426171, -1.000000
0.570000, 0.969999, 0.660001, 0.452021, 0.337643, -1.000000, 0.423441, -1.000000
0.570000, 0.979999, 0.650001, 0.444921, 0.333871, -1.000000, 0.420716, -1.000000
0.570000, 0.989999, 0.640001, 0.437581, 0.330121, -1.000000, 0.417995, -1.000000
0.570000, 0.999999, 0.630001, 0.430001, 0.326392, -1.000000, 0.415279, -1.000000
0.580000, 0.000000, 1.620000, 0.000000, 0.221962, 0.655490, 0.277253, 0.758529
0.580000, 0.010000, 1.610000, 0.016080, 0.226827, -1.000000, 0.281764, -1.000000
0.580000, 0.020000, 1.600000, 0.031920, 0.231767, -1.000000, 0.286319, -1.000000
0.580000, 0.030000, 1.590000, 0.047520, 0.236781, -1.000000, 0.290918, -1.000000
0.580000, 0.040000, 1.580000, 0.062880, 0.241870, -1.000000, 0.295561, -1.000000
0.580000, 0.050000, 1.570000, 0.078000, 0.247032, -1.000000, 0.300246, -1.000000
0.580000, 0.060000, 1.560000, 0.092880, 0.252269, -1.000000, 0.304973, -1.000000
0.580000, 0.070000, 1.550000, 0.107520, 0.257578, -1.000000, 0.309742, -1.000000
0.580000, 0.080000, 1.540000, 0.121920, 0.262959, -1.000000, 0.314551, -1.000000
0.580000, 0.090000, 1.530000, 0.136080, 0.268413, -1.000000, 0.319401, -1.000000
0.580000, 0.100000, 1.520000, 0.150000, 0.273937, -1.000000, 0.324290, -1.000000
0.580000, 0.110000, 1.510000, 0.163680, 0.279532, -1.000000, 0.329217, -1.000000
0.580000, 0.120000, 1.500000, 0.177120, 0.285196, -1.000000, 0.334183, -1.000000
0.580000, 0.130000, 1.490000, 0.190320, 0.290929, -1.000000, 0.339185, -1.000000
0.580000, 0.140000, 1.480000, 0.203280, 0.296729, -1.000000, 0.344224, -1.000000
0.580000, 0.150000, 1.470000, 0.216000, 0.302595, -1.000000, 0.349298, -1.000000
0.580000, 0.160000, 1.460000, 0.228480, 0.308526, -1.000000, 0.354406, -1.000000
0.580000, 0.170000, 1.450000, 0.240720, 0.314521, -1.000000, 0.359548, -1.000000
0.580000, 0.180000, 1.440000, 0.252720, 0.320579, -1.000000, 0.364722, -1.000000
0.580000, 0.190000, 1.430000, 0.264480, 0.326698, -1.000000, 0.369928, -1.000000
0.580000, 0.200000, 1.420000, 0.276000, 0.332876, -1.000000, 0.375164, -1.000000
0.580000, 0.210000, 1.410000, 0.287280, 0.338348, -1.000000, 0.380430, -1.000000
0.580000, 0.220000, 1.400000, 0.298320, 0.343834, -1.000000, 0.385723, -1.000000
0.580000, 0.230000, 1.390000, 0.309120, 0.349361, -1.000000, 0.391044, -1.000000
0.580000, 0.240000, 1.380000, 0.319680, 0.352804, -1.000000, 0.395872, -1.000000
0.580000, 0.250000, 1.370000, 0.330000, 0.355590, -1.000000, 0.399676, -1.000000
0.580000, 0.260000, 1.360000, 0.340080, 0.358387, -1.000000, 0.403491, -1.000000
0.580000, 0.270000, 1.350000, 0.349920, 0.361193, -1.000000, 0.407318, -1.000000
0.580000, 0.280000, 1.340000, 0.359520, 0.364008, -1.000000, 0.411157, -1.000000
0.580000, 0.290000, 1.330000, 0.368880, 0.366804, -1.000000, 0.415006, -1.000000
0.580000, 0.300000, 1.320000, 0.378000, 0.369603, -1.000000, 0.418866, -1.000000
0.580000, 0.310000, 1.310000, 0.386880, 0.372411, -1.000000, 0.422735, -1.000000
0.580000, 0.320000, 1.300000, 0.395520, 0.375228, -1.000000, 0.426614, -1.000000
0.580000, 0.330000, 1.290000, 0.403920, 0.378053, -1.000000, 0.430503, -1.000000
0.580000, 0.340000, 1.280000, 0.412080, 0.380886, -1.000000, 0.434399, -1.000000
0.580000, 0.350000, 1.270000, 0.420000, 0.383727, -1.000000, 0.438304, -1.000000
0.580000, 0.360000, 1.260000, 0.427680, 0.386577, -1.000000, 0.442217, -1.000000
0.580000, 0.370000, 1.250000, 0.435120, 0.389434, -1.000000, 0.446137, -1.000000
0.580000, 0.380000, 1.240000, 0.442320, 0.392299, -1.000000, 0.450063, -1.000000
0.580000, 0.390000, 1.230000, 0.449280, 0.395171, -1.000000, 0.453996, -1.000000
0.580000, 0.400000, 1.220000, 0.456000, 0.398050, -1.000000, 0.457934, -1.000000
0.580000, 0.410000, 1.210000, 0.462480, 0.400937, -1.000000, 0.461878, -1.000000
0.580000, 0.420000, 1.200000, 0.468720, 0.403830, -1.000000, 0.465826, -1.000000
0.580000, 0.430000, 1.190000, 0.474720, 0.406730, -1.000000, 0.469779, -1.000000
0.580000, 0.440000, 1.180000, 0.480480, 0.409637, -1.000000, 0.473736, -1.000000
0.580000, 0.450000, 1.170000, 0.486000, 0.412550, -1.000000, 0.474941, -1.000000
0.580000, 0.460000, 1.160000, 0.491280, 0.415469, -1.000000, 0.475167, -1.000000
0.580000, 0.470000, 1.150000, 0.496320, 0.418394, -1.000000, 0.475394, -1.000000
0.580000, 0.480000, 1.140000, 0.501120, 0.421325, -1.000000, 0.475621, -1.000000
0.580000, 0.490000, 1.130000, 0.505680, 0.424261, -1.000000, 0.475848, -1.000000
0.580000, 0.500000, 1.120000, 0.510000, 0.426354, -1.000000, 0.476074, -1.000000
0.580000, 0.510000, 1.110000, 0.514080, 0.426980, -1.000000, 0.476301, -1.000000
0.580000, 0.520000, 1.100001, 0.517920, 0.427606, -1.000000, 0.476528, -1.000000
0.580000, 0.530000, 1.090001, 0.521520, 0.428232, -1.000000, 0.476755, -1.000000
0.580000, 0.540000, 1.080001, 0.524880, 0.428858, -1.000000, 0.476982, -1.000000
0.580000, 0.550000, 1.070001, 0.528000, 0.429204, -1.000000, 0.477208, -1.000000
0.580000, 0.560000, 1.060001, 0.530880, 0.429217, -1.000000, 0.477435, -1.000000
0.580000, 0.570000, 1.050001, 0.533520, 0.429230, -1.000000, 0.477662, -1.000000
0.580000, 0.580000, 1.040001, 0.535920, 0.429243, -1.000000, 0.477889, -1.000000
0.580000, 0.590000, 1.030001, 0.538080, 0.429256, -1.000000, 0.478116, -1.000000
0.580000, 0.600000, 1.020001, 0.540000, 0.429268, -1.000000, 0.478343, -1.000000
0.580000, 0.610000, 1.010001, 0.541680, 0.429281, -1.000000, 0.478570, -1.000000
0.580000, 0.620000, 1.000001, 0.543120, 0.429294, -1.000000, 0.478796, -1.000000
0.580000, 0.630000, 0.990001, 0.544320, 0.429307, -1.000000, 0.479023, -1.000000
0.580000, 0.640000, 0.980001, 0.545280, 0.429319, -1.000000, 0.479250, -1.000000
0.580000, 0.650000, 0.970001, 0.546000, 0.429332, -1.000000, 0.479477, -1.000000
0.580000, 0.660000, 0.960001, 0.546480, 0.429242, -1.000000, 0.479704, -1.000000
0.580000, 0.670000, 0.950001, 0.546720, 0.428021, -1.000000, 0.479931, -1.000000
0.580000, 0.680000, 0.940001, 0.546720, 0.426802, -1.000000, 0.480158, -1.000000
0.580000, 0.690000, 0.930001, 0.546480, 0.425583, -1.000000, 0.480385, -1.000000
0.580000, 0.700000, 0.920001, 0.546000, 0.424365, -1.000000, 0.480612, -1.000000
0.580000, 0.710000, 0.910001, 0.545280, 0.423148, -1.000000, 0.480839, -1.000000
0.580000, 0.720000, 0.900001, 0.544320, 0.421932, -1.000000, 0.481066, -1.000000
0.580000, 0.730000, 0.890001, 0.543120, 0.420716, -1.000000, 0.481293, -1.000000
0.580000, 0.740000, 0.880001, 0.541680, 0.419502, -1.000000, 0.481520, -1.000000
0.580000, 0.750000, 0.870001, 0.540000, 0.418289, -1.000000, 0.481747, -1.000000
0.580000, 0.760000, 0.860001, 0.538080, 0.417077, -1.000000, 0.481472, -1.000000
0.580000, 0.770000, 0.850001, 0.535920, 0.415866, -1.000000, 0.478683, -1.000000
0.580000, 0.780000, 0.840001, 0.533520, 0.412975, -1.000000, 0.475895, -1.000000
0.580000, 0.790000, 0.830001, 0.530880, 0.408882, -1.000000, 0.473109, -1.000000
0.580000, 0.800000, 0.820001, 0.528000, 0.404801, -1.000000, 0.470325, -1.000000
0.580000, 0.810000, 0.810001, 0.524880, 0.400733, -1.000000, 0.467542, -1.000000
0.580000, 0.820000, 0.800001, 0.521520, 0.396678, -1.000000, 0.464762, -1.000000
0.580000, 0.830000, 0.790001, 0.517920, 0.392638, -1.000000, 0.461983, -1.000000
0.580000, 0.839999, 0.780001, 0.514080, 0.388612, -1.000000, 0.459207, -1.000000
0.580000, 0.849999, 0.770001, 0.510000, 0.384602, -1.000000, 0.456434, -1.000000
0.580000, 0.859999, 0.760001, 0.505681, 0.380607, -1.000000, 0.453663, -1.000000
0.580000, 0.869999, 0.750001, 0.501121, 0.376628, -1.000000, 0.450895, -1.000000
0.580000, 0.879999, 0.740001, 0.496321, 0.372666, -1.000000, 0.448130, -1.000000
0.580000, 0.889999, 0.730001, 0.491281, 0.368721, -1.000000, 0.445369, -1.000000
0.580000, 0.899999, 0.720001, 0.486001, 0.364793, -1.000000, 0.442610, -1.000000
0.580000, 0.909999, 0.710001, 0.480481, 0.360884, -1.000000, 0.439855, -1.000000
0.580000, 0.919999, 0.700001, 0.474721, 0.356992, -1.000000, 0.437104, -1.000000
0.580000, 0.929999, 0.690001, 0.468721, 0.353120, -1.000000, 0.434357, -1.000000
0.580000, 0.939999, 0.680001, 0.462481, 0.349266, -1.000000, 0.431614, -1.000000
0.580000, 0.949999, 0.670001, 0.456001, 0.345432, -1.000000, 0.428875, -1.000000
0.580000, 0.959999, 0.660001, 0.449281, 0.341619, -1.000000, 0.426140, -1.000000
0.580000, 0.969999, 0.650001, 0.442321, 0.337825, -1.000000, 0.423410, -1.000000
0.580000, 0.979999, 0.640001, 0.435121, 0.334052, -1.000000, 0.420685, -1.000000
0.580000, 0.989999, 0.630001, 0.427681, 0.330301, -1.000000, 0.417964, -1.000000
0.580000, 0.999999, 0.620001, 0.420001, 0.326571, -1.000000, 0.415249, -1.000000
0.590000, 0.000000, 1.610000, 0.000000, 0.221860, 0.655495, 0.277234, 0.758523
0.590000, 0.010000, 1.600000, 0.015980, 0.226723, -1.000000, 0.281744, -1.000000
0.590000, 0.020000, 1.590000, 0.031720, 0.231662, -1.000000, 0.286299, -1.000000
0.590000, 0.030000, 1.580000, 0.047220, 0.236674, -1.000000, 0.290898, -1.000000
0.590000, 0.040000, 1.570000, 0.062480, 0.241761, -1.000000, 0.295541, -1.000000
0.590000, 0.050000, 1.560000, 0.077500, 0.246922, -1.000000, 0.300225, -1.000000
0.590000, 0.060000, 1.550000, 0.092280, 0.252157, -1.000000, 0.304952, -1.000000
0.590000, 0.070000, 1.540000, 0.106820, 0.257465, -1.000000, 0.309721, -1.000000
0.590000, 0.080000, 1.530000, 0.121120, 0.262845, -1.000000, 0.314530, -1.000000
0.590000, 0.090000, 1.520000, 0.135180, 0.268297, -1.000000, 0.319380, -1.000000
0.590000, 0.100000, 1.510000, 0.149000, 0.273820, -1.000000, 0.324268, -1.000000
0.590000, 0.110000, 1.500000, 0.162580, 0.279413, -1.000000, 0.329196, -1.000000
0.590000, 0.120000, 1.490000, 0.175920, 0.285076, -1.000000, 0.334161, -1.000000
0.590000, 0.130000, 1.480000, 0.189020, 0.290807, -1.000000, 0.339164, -1.000000
0.590000, 0.140000, 1.470000, 0.201880, 0.296605, -1.000000, 0.344202, -1.000000
0.590000, 0.150000, 1.460000, 0.214500, 0.302470, -1.000000, 0.349276, -1.000000
0.590000, 0.160000, 1.450000, 0.226880, 0.308400, -1.000000, 0.354384, -1.000000
0.590000, 0.170000, 1.440000, 0.239020, 0.314394, -1.000000, 0.359526, -1.000000
0.590000, 0.180000, 1.430000, 0.250920, 0.320450, -1.000000, 0.364700, -1.000000
0.590000, 0.190000, 1.420000, 0.262580, 0.326567, -1.000000, 0.369905, -1.000000
0.590000, 0.200000, 1.410000, 0.274000, 0.332745, -1.000000, 0.375141, -1.000000
0.590000, 0.210000, 1.400000, 0.285180, 0.338222, -1.000000, 0.380407, -1.000000
0.590000, 0.220000, 1.390000, 0.296120, 0.343706, -1.000000, 0.385700, -1.000000
0.590000, 0.230000, 1.380000, 0.306820, 0.349233, -1.000000, 0.391021, -1.000000
0.590000, 0.240000, 1.370000, 0.317280, 0.352727, -1.000000, 0.395896, -1.000000
0.590000, 0.250000, 1.360000, 0.327500, 0.355513, -1.000000, 0.399699, -1.000000
0.590000, 0.260000, 1.350000, 0.337480, 0.358309, -1.000000, 0.403515, -1.000000
0.590000, 0.270000, 1.340000, 0.347220, 0.361115, -1.000000, 0.407342, -1.000000
0.590000, 0.280000, 1.330000, 0.356720, 0.363930, -1.000000, 0.411181, -1.000000
0.590000, 0.290000, 1.320000, 0.365980, 0.366755, -1.000000, 0.415030, -1.000000
0.590000, 0.300000, 1.310000, 0.375000, 0.369589, -1.000000, 0.418890, -1.000000
0.590000, 0.310000, 1.300000, 0.383780, 0.372406, -1.000000, 0.422760, -1.000000
0.590000, 0.320000, 1.290000, 0.392320, 0.375223, -1.000000, 0.426639, -1.000000
0.590000, 0.330000, 1.280000, 0.400620, 0.378047, -1.000000, 0.430527, -1.000000
0.590000, 0.340000, 1.270000, 0.408680, 0.380881, -1.000000, 0.434424, -1.000000
0.590000, 0.350000, 1.260000, 0.416500, 0.383722, -1.000000, 0.438329, -1.000000
0.590000, 0.360000, 1.250000, 0.424080, 0.386571, -1.000000, 0.442241, -1.000000
0.590000, 0.370000, 1.240000, 0.431420, 0.389429, -1.000000, 0.446161, -1.000000
0.590000, 0.380000, 1.230000, 0.438520, 0.392293, -1.000000, 0.450088, -1.000000
0.590000, 0.390000, 1.220000, 0.445380, 0.395166, -1.000000, 0.454020, -1.000000
0.590000, 0.400000, 1.210000, 0.452000, 0.398045, -1.000000, 0.457959, -1.000000
0.590000, 0.410000, 1.200000, 0.458380, 0.400931, -1.000000, 0.461903, -1.000000
0.590000, 0.420000, 1.190000, 0.464520, 0.403825, -1.000000, 0.465851, -1.000000
0.590000, 0.430000, 1.180000, 0.470420, 0.406725, -1.000000, 0.469804, -1.000000
0.590000, 0.440000, 1.170000, 0.476080, 0.409632, -1.000000, 0.473760, -1.000000
0.590000, 0.450000, 1.160000, 0.481500, 0.412544, -1.000000, 0.474897, -1.000000
0.590000, 0.460000, 1.150000, 0.486680, 0.415464, -1.000000, 0.475124, -1.000000
0.590000, 0.470000, 1.140000, 0.491620, 0.418389, -1.000000, 0.475351, -1.000000
0.590000, 0.480000, 1.130000, 0.496320, 0.421319, -1.000000, 0.475577, -1.000000
0.590000, 0.490000, 1.120000, 0.500780, 0.424256, -1.000000, 0.475804, -1.000000
0.590000, 0.500000, 1.110000, 0.505000, 0.426395, -1.000000, 0.476031, -1.000000
0.590000, 0.510000, 1.100001, 0.508980, 0.427021, -1.000000, 0.476258, -1.000000
0.590000, 0.520000, 1.090001, 0.512720, 0.427646, -1.000000, 0.476484, -1.000000
0.590000, 0.530000, 1.080001, 0.516220, 0.428272, -1.000000, 0.476711, -1.000000
0.590000, 0.540000, 1.070001, 0.519480, 0.428899, -1.000000, 0.476938, -1.000000
0.590000, 0.550000, 1.060001, 0.522500, 0.429215, -1.000000, 0.477165, -1.000000
0.590000, 0.560000, 1.050001, 0.525280, 0.429227, -1.000000, 0.477392, -1.000000
0.590000, 0.570000, 1.040001, 0.527820, 0.429240, -1.000000, 0.477619, -1.000000
0.590000, 0.580000, 1.030001, 0.530120, 0.429253, -1.000000, 0.477845, -1.000000
0.590000, 0.590000, 1.020001, 0.532180, 0.429266, -1.000000, 0.478072, -1.000000
0.590000, 0.600000, 1.010001, 0.534000, 0.429278, -1.000000, 0.478299, -1.000000
0.590000, 0.610000, 1.000001, 0.535580, 0.429291, -1.000000, 0.478526, -1.000000
0.590000, 0.620000, 0.990001, 0.536920, 0.429304, -1.000000, 0.478753, -1.000000
0.590000, 0.630000, 0.980001, 0.538020, 0.429317, -1.000000, 0.478980, -1.000000
0.590000, 0.640000, 0.970001, 0.538880, 0.429330, -1.000000, 0.479207, -1.000000
0.590000, 0.650000, 0.960001, 0.539500, 0.429342, -1.000000, 0.479434, -1.000000
0.590000, 0.660000, 0.950001, 0.539880, 0.429290, -1.000000, 0.479661, -1.000000
0.590000, 0.670000, 0.940001, 0.540020, 0.428069, -1.000000, 0.479888, -1.000000
0.590000, 0.680000, 0.930001, 0.539920, 0.426850, -1.000000, 0.480114, -1.000000
0.590000, 0.690000, 0.920001, 0.539580, 0.425631, -1.000000, 0.480341, -1.000000
0.590000, 0.700000, 0.910001, 0.539000, 0.424413, -1.000000, 0.480568, -1.000000
0.590000, 0.710000, 0.900001, 0.538180, 0.423196, -1.000000, 0.480795, -1.000000
0.590000, 0.720000, 0.890001, 0.537120, 0.421980, -1.000000, 0.481022, -1.000000
0.590000, 0.730000, 0.880001, 0.535820, 0.420764, -1.000000, 0.481249, -1.000000
0.590000, 0.740000, 0.870001, 0.534280, 0.419550, -1.000000, 0.481476, -1.000000
0.590000, 0.750000, 0.860001, 0.532500, 0.418337, -1.000000, 0.481703, -1.000000
0.590000, 0.760000, 0.850001, 0.530480, 0.417125, -1.000000, 0.481440, -1.000000
0.590000, 0.770000, 0.840001, 0.528220, 0.415913, -1.000000, 0.478651, -1.000000
0.590000, 0.780000, 0.830001, 0.525720, 0.413173, -1.000000, 0.475864, -1.000000
0.590000, 0.790000, 0.820001, 0.522980, 0.409079, -1.000000, 0.473077, -1.000000
0.590000, 0.800000, 0.810001, 0.520000, 0.404997, -1.000000, 0.470293, -1.000000
0.590000, 0.810000, 0.800001, 0.516780, 0.400928, -1.000000, 0.467511, -1.000000
0.590000, 0.820000, 0.790001, 0.513320, 0.396873, -1.000000, 0.464730, -1.000000
0.590000, 0.830000, 0.780001, 0.509620, 0.392832, -1.000000, 0.461952, -1.000000
0.590000, 0.839999, 0.770001, 0.505680, 0.388806, -1.000000, 0.459176, -1.000000
0.590000, 0.849999, 0.760001, 0.501500, 0.384795, -1.000000, 0.456402, -1.000000
0.590000, 0.859999, 0.750001, 0.497081, 0.380799, -1.000000, 0.453631, -1.000000
0.590000, 0.869999, 0.740001, 0.492420, 0.376819, -1.000000, 0.450864, -1.000000
0.590000, 0.879999, 0.730001, 0.487521, 0.372857, -1.000000, 0.448099, -1.000000
0.590000, 0.889999, 0.720001, 0.482381, 0.368911, -1.000000, 0.445337, -1.000000
0.590000, 0.899999, 0.710001, 0.477001, 0.364982, -1.000000, 0.442579, -1.000000
0.590000, 0.909999, 0.700001, 0.471381, 0.361071, -1.000000, 0.439824, -1.000000
0.590000, 0.919999, 0.690001, 0.465521, 0.357179, -1.000000, 0.437073, -1.000000
0.590000, 0.929999, 0.680001, 0.459421, 0.353306, -1.000000, 0.434326, -1.000000
0.590000, 0.939999, 0.670001, 0.453081, 0.349451, -1.000000, 0.431583, -1.000000
0.590000, 0.949999, 0.660001, 0.446501, 0.345617, -1.000000, 0.428844, -1.000000
0.590000, 0.959999, 0.650001, 0.439681, 0.341802, -1.000000, 0.426109, -1.000000
0.590000, 0.969999, 0.640001, 0.432621, 0.338007, -1.000000, 0.423379, -1.000000
0.590000, 0.979999, 0.630001, 0.425321, 0.334234, -1.000000, 0.420654, -1.000000
0.590000, 0.989999, 0.620001, 0.417781, 0.330481, -1.000000, 0.417933, -1.000000
0.590000, 0.999999, 0.610001, 0.410001, 0.326750, -1.000000, 0.415218, -1.000000
0.600000, 0.000000, 1.600000, 0.000000, 0.221758, 0.655499, 0.277214, 0.758517
0.600000, 0.010000, 1.590000, 0.015880, 0.226620, -1.000000, 0.281725, -1.000000
0.600000, 0.020000, 1.580000, 0.031520, 0.231556, -1.000000, 0.286280, -1.000000
0.600000, 0.030000, 1.570000, 0.046920, 0.236567, -1.000000, 0.290878, -1.000000
0.600000, 0.040000, 1.560000, 0.062080, 0.241653, -1.000000, 0.295520, -1.000000
0.600000, 0.050000, 1.550000, 0.077000, 0.246812, -1.000000, 0.300205, -1.000000
0.600000, 0.060000, 1.540000, 0.091680, 0.252046, -1.000000, 0.304932, -1.000000
0.600000, 0.070000, 1.530000, 0.106120, 0.257352, -1.000000, 0.309700, -1.000000
0.600000, 0.080000, 1.520000, 0.120320, 0.262730, -1.000000, 0.314509, -1.000000
0.600000, 0.090000, 1.510000, 0.134280, 0.268181, -1.000000, 0.319359, -1.000000
0.600000, 0.100000, 1.500000, 0.148000, 0.273702, -1.000000, 0.324247, -1.000000
0.600000, 0.110000, 1.490000, 0.161480, 0.279294, -1.000000, 0.329174, -1.000000
0.600000, 0.120000, 1.480000, 0.174720, 0.284955, -1.000000, 0.334140, -1.000000
0.600000, 0.130000, 1.470000, 0.187720, 0.290685, -1.000000, 0.339142, -1.000000
0.600000, 0.140000, 1.460000, 0.200480, 0.296482, -1.000000, 0.344180, -1.000000
0.600000, 0.150000, 1.450000, 0.213000, 0.302345, -1.000000, 0.349254, -1.000000
0.600000, 0.160000, 1.440000, 0.225280, 0.308274, -1.000000, 0.354362, -1.000000
0.600000, 0.170000, 1.430000, 0.237320, 0.314266, -1.000000, 0.359503, -1.000000
0.600000, 0.180000, 1.420000, 0.249120, 0.320321, -1.000000, 0.364677, -1.000000
0.600000, 0.190000, 1.410000, 0.260680, 0.326437, -1.000000, 0.369883, -1.000000
0.600000, 0.200000, 1.400000, 0.272000, 0.332613, -1.000000, 0.375119, -1.000000
0.600000, 0.210000, 1.390000, 0.283080, 0.338095, -1.000000, 0.380384, -1.000000
0.600000, 0.220000, 1.380000, 0.293920, 0.343579, -1.000000, 0.385677, -1.000000
0.600000, 0.230000, 1.370000, 0.304520, 0.349104, -1.000000, 0.390998, -1.000000
0.600000, 0.240000, 1.360000, 0.314880, 0.352649, -1.000000, 0.395920, -1.000000
0.600000, 0.250000, 1.350000, 0.325000, 0.355436, -1.000000, 0.399723, -1.000000
0.600000, 0.260000, 1.340000, 0.334880, 0.358231, -1.000000, 0.403539, -1.000000
0.600000, 0.270000, 1.330000, 0.344520, 0.361037, -1.000000, 0.407366, -1.000000
0.600000, 0.280000, 1.320000, 0.353920, 0.363852, -1.000000, 0.411205, -1.000000
0.600000, 0.290000, 1.310000, 0.363080, 0.366677, -1.000000, 0.415054, -1.000000
0.600000, 0.300000, 1.300000, 0.372000, 0.369510, -1.000000, 0.418914, -1.000000
0.600000, 0.310000, 1.290000, 0.380680, 0.372353, -1.000000, 0.422784, -1.000000
0.600000, 0.320000, 1.280000, 0.389120, 0.375204, -1.000000, 0.426663, -1.000000
0.600000, 0.330000, 1.270000, 0.397320, 0.378042, -1.000000, 0.430551, -1.000000
0.600000, 0.340000, 1.260000, 0.405280, 0.380876, -1.000000, 0.434448, -1.000000
0.600000, 0.350000, 1.250000, 0.413000, 0.383717, -1.000000, 0.438353, -1.000000
0.600000, 0.360000, 1.240000, 0.420480, 0.386566, -1.000000, 0.442266, -1.000000
0.600000, 0.370000, 1.230000, 0.427720, 0.389423, -1.000000, 0.446186, -1.000000
0.600000, 0.380000, 1.220000, 0.434720, 0.392288, -1.000000, 0.450112, -1.000000
0.600000, 0.390000, 1.210000, 0.441480, 0.395160, -1.000000, 0.454045, -1.000000
0.600000, 0.400000, 1.200000, 0.448000, 0.398040, -1.000000, 0.457983, -1.000000
0.600000, 0.410000, 1.190000, 0.454280, 0.400926, -1.000000, 0.461927, -1.000000
0.600000, 0.420000, 1.180000, 0.460320, 0.403820, -1.000000, 0.465876, -1.000000
0.600000, 0.430000, 1.170000, 0.466120, 0.406720, -1.000000, 0.469829, -1.000000
0.600000, 0.440000, 1.160000, 0.471680, 0.409626, -1.000000, 0.473785, -1.000000
0.600000, 0.450000, 1.150000, 0.477000, 0.412539, -1.000000, 0.474854, -1.000000
0.600000, 0.460000, 1.140000, 0.482080, 0.415458, -1.000000, 0.475080, -1.000000
0.600000, 0.470000, 1.130000, 0.486920, 0.418383, -1.000000, 0.475307, -1.000000
0.600000, 0.480000, 1.120000, 0.491520, 0.421314, -1.000000, 0.475534, -1.000000
0.600000, 0.490000, 1.110000, 0.495880, 0.424250, -1.000000, 0.475761, -1.000000
0.600000, 0.500000, 1.100001, 0.500000, 0.426436, -1.000000, 0.475987, -1.000000
0.600000, 0.510000, 1.090001, 0.503880, 0.427061, -1.000000, 0.476214, -1.000000
0.600000, 0.520000, 1.080001, 0.507520, 0.427687, -1.000000, 0.476441, -1.000000
0.600000, 0.530000, 1.070001, 0.510920, 0.428313, -1.000000, 0.476668, -1.000000
0.600000, 0.540000, 1.060001, 0.514080, 0.428939, -1.000000, 0.476895, -1.000000
0.600000, 0.550000, 1.050001, 0.517000, 0.429225, -1.000000, 0.477121, -1.000000
0.600000, 0.560000, 1.040001, 0.519680, 0.429238, -1.000000, 0.477348, -1.000000
0.600000, 0.570000, 1.030001, 0.522120, 0.429250, -1.000000, 0.477575, -1.000000
0.600000, 0.580000, 1.020001, 0.524320, 0.429263, -1.000000, 0.477802, -1.000000
0.600000, 0.590000, 1.010001, 0.526280, 0.429276, -1.000000, 0.478029, -1.000000
0.600000, 0.600000, 1.000001, 0.528000, 0.429289, -1.000000, 0.478256, -1.000000
0.600000, 0.610000, 0.990001, 0.529480, 0.429301, -1.000000, 0.478483, -1.000000
0.600000, 0.620000, 0.980001, 0.530720, 0.429314, -1.000000, 0.478709, -1.000000
0.600000, 0.630000, 0.970001, 0.531720, 0.429327, -1.000000, 0.478936, -1.000000
0.600000, 0.640000, 0.960001, 0.532480, 0.429340, -1.000000, 0.479163, -1.000000
0.600000, 0.650000, 0.950001, 0.533000, 0.429352, -1.000000, 0.479390, -1.000000
0.600000, 0.660000, 0.940001, 0.533280, 0.429338, -1.000000, 0.479617, -1.000000
0.600000, 0.670000, 0.930001, 0.533320, 0.428118, -1.000000, 0.479844, -1.000000
0.600000, 0.680000, 0.920001, 0.533120, 0.426898, -1.000000, 0.480071, -1.000000
0.600000, 0.690000, 0.910001, 0.532680, 0.425679, -1.000000, 0.480298, -1.000000
0.600000, 0.700000, 0.900001, 0.532000, 0.424461, -1.000000, 0.480525, -1.000000
0.600000, 0.710000, 0.890001, 0.531080, 0.423244, -1.000000, 0.480752, -1.000000
0.600000, 0.720000, 0.880001, 0.529920, 0.422027, -1.000000, 0.480979, -1.000000
0.600000, 0.730000, 0.870001, 0.528520, 0.420812, -1.000000, 0.481206, -1.000000
0.600000, 0.740000, 0.860001, 0.526880, 0.419598, -1.000000, 0.481433, -1.000000
0.600000, 0.750000, 0.850001, 0.525000, 0.418385, -1.000000, 0.481660, -1.000000
0.600000, 0.760000, 0.840001, 0.522880, 0.417172, -1.000000, 0.481408, -1.000000
0.600000, 0.770000, 0.830001, 0.520520, 0.415961, -1.000000, 0.478619, -1.000000
0.600000, 0.780000, 0.820001, 0.517920, 0.413370, -1.000000, 0.475832, -1.000000
0.600000, 0.790000, 0.810001, 0.515080, 0.409275, -1.000000, 0.473046, -1.000000
0.600000, 0.800000, 0.800001, 0.512000, 0.405193, -1.000000, 0.470261, -1.000000
0.600000, 0.810000, 0.790001, 0.508680, 0.401124, -1.000000, 0.467479, -1.000000
0.600000, 0.820000, 0.780001, 0.505120, 0.397068, -1.000000, 0.464698, -1.000000
0.600000, 0.830000, 0.770001, 0.501320, 0.393026, -1.000000, 0.461920, -1.000000
0.600000, 0.839999, 0.760001, 0.497280, 0.388999, -1.000000, 0.459144, -1.000000
0.600000, 0.849999, 0.750001, 0.493001, 0.384987, -1.000000, 0.456371, -1.000000
0.600000, 0.859999, 0.740001, 0.488481, 0.380991, -1.000000, 0.453600, -1.000000
0.600000, 0.869999, 0.730001, 0.483721, 0.377011, -1.000000, 0.450832, -1.000000
0.600000, 0.879999, 0.720001, 0.478721, 0.373047, -1.000000, 0.448067, -1.000000
0.600000, 0.889999, 0.710001, 0.473481, 0.369100, -1.000000, 0.445306, -1.000000
0.600000, 0.899999, 0.700001, 0.468001, 0.365171, -1.000000, 0.442548, -1.000000
0.600000, 0.909999, 0.690001, 0.462281, 0.361259, -1.000000, 0.439793, -1.000000
0.600000, 0.919999, 0.680001, 0.456321, 0.357366, -1.000000, 0.437042, -1.000000
0.600000, 0.929999, 0.670001, 0.450121, 0.353492, -1.000000, 0.434295, -1.000000
0.600000, 0.939999, 0.660001, 0.443681, 0.349636, -1.000000, 0.431552, -1.000000
0.600000, 0.949999, 0.650001, 0.437001, 0.345801, -1.000000, 0.428813, -1.000000
0.600000, 0.959999, 0.640001, 0.430081, 0.341985, -1.000000, 0.426078, -1.000000
0.600000, 0.969999, 0.630001, 0.422921, 0.338189, -1.000000, 0.423348, -1.000000
0.600000, 0.979999, 0.620001, 0.415521, 0.334415, -1.000000, 0.420623, -1.000000
0.600000, 0.989999, 0.610001, 0.407881, 0.330661, -1.000000, 0.417902, -1.000000
0.600000, 0.999999, 0.600001, 0.400001, 0.326929, -1.000000, 0.415187, -1.000000
0.610000, 0.000000, 1.590000, 0.000000, 0.221656, 0.655504, 0.277195, 0.758511
0.610000, 0.010000, 1.580000, 0.015780, 0.226516, -1.000000, 0.281705, -1.000000
0.610000, 0.020000, 1.570000, 0.031320, 0.231451, -1.000000, 0.286260, -1.000000
0.610000, 0.030000, 1.560000, 0.046620, 0.236461, -1.000000, 0.290858, -1.000000
0.610000, 0.040000, 1.550000, 0.061680, 0.241545, -1.000000, 0.295500, -1.000000
0.610000, 0.050000, 1.540000, 0.076500, 0.246702, -1.000000, 0.300185, -1.000000
0.610000, 0.060000, 1.530000, 0.091080, 0.251934, -1.000000, 0.304911, -1.000000
0.610000, 0.070000, 1.520000, 0.105420, 0.257239, -1.000000, 0.309679, -1.000000
0.610000, 0.080000, 1.510000, 0.119520, 0.262616, -1.000000, 0.314488, -1.000000
0.610000, 0.090000, 1.500000, 0.133380, 0.268064, -1.000000, 0.319337, -1.000000
0.610000, 0.100000, 1.490000, 0.147000, 0.273584, -1.000000, 0.324226, -1.000000
0.610000, 0.110000, 1.480000, 0.160380, 0.279175, -1.000000, 0.329153, -1.000000
0.610000, 0.120000, 1.470000, 0.173520, 0.284834, -1.000000, 0.334118, -1.000000
0.610000, 0.130000, 1.460000, 0.186420, 0.290563, -1.000000, 0.339120, -1.000000
0.610000, 0.140000, 1.450000, 0.199080, 0.296358, -1.000000, 0.344158, -1.000000
0.610000, 0.150000, 1.440000, 0.211500, 0.302220, -1.000000, 0.349232, -1.000000
0.610000, 0.160000, 1.430000, 0.223680, 0.308148, -1.000000, 0.354340, -1.000000
0.610000, 0.170000, 1.420000, 0.235620, 0.314139, -1.000000, 0.359481, -1.000000
0.610000, 0.180000, 1.410000, 0.247320, 0.320192, -1.000000, 0.364655, -1.000000
0.610000, 0.190000, 1.400000, 0.258780, 0.326307, -1.000000, 0.369860, -1.000000
0.610000, 0.200000, 1.390000, 0.270000, 0.332482, -1.000000, 0.375096, -1.000000
0.610000, 0.210000, 1.380000, 0.280980, 0.337969, -1.000000, 0.380361, -1.000000
0.610000, 0.220000, 1.370000, 0.291720, 0.343451, -1.000000, 0.385654, -1.000000
0.610000, 0.230000, 1.360000, 0.302220, 0.348976, -1.000000, 0.390975, -1.000000
0.610000, 0.240000, 1.350000, 0.312480, 0.352572, -1.000000, 0.395943, -1.000000
0.610000, 0.250000, 1.340000, 0.322500, 0.355358, -1.000000, 0.399747, -1.000000
0.610000, 0.260000, 1.330000, 0.332280, 0.358154, -1.000000, 0.403563, -1.000000
0.610000, 0.270000, 1.320000, 0.341820, 0.360959, -1.000000, 0.407390, -1.000000
0.610000, 0.280000, 1.310000, 0.351120, 0.363774, -1.000000, 0.411229, -1.000000
0.610000, 0.290000, 1.300000, 0.360180, 0.366598, -1.000000, 0.415078, -1.000000
0.610000, 0.300000, 1.290000, 0.369000, 0.369431, -1.000000, 0.418938, -1.000000
0.610000, 0.310000, 1.280000, 0.377580, 0.372274, -1.000000, 0.422808, -1.000000
0.610000, 0.320000, 1.270000, 0.385920, 0.375125, -1.000000, 0.426687, -1.000000
0.610000, 0.330000, 1.260000, 0.394020, 0.377985, -1.000000, 0.430576, -1.000000
0.610000, 0.340000, 1.250000, 0.401880, 0.380854, -1.000000, 0.434473, -1.000000
0.610000, 0.350000, 1.240000, 0.409500, 0.383712, -1.000000, 0.438378, -1.000000
0.610000, 0.360000, 1.230000, 0.416880, 0.386561, -1.000000, 0.442290, -1.000000
0.610000, 0.370000, 1.220000, 0.424020, 0.389418, -1.000000, 0.446210, -1.000000
0.610000, 0.380000, 1.210000, 0.430920, 0.392283, -1.000000, 0.450137, -1.000000
0.610000, 0.390000, 1.200000, 0.437580, 0.395155, -1.000000, 0.454070, -1.000000
0.610000, 0.400000, 1.190000, 0.444000, 0.398034, -1.000000, 0.458008, -1.000000
0.610000, 0.410000, 1.180000, 0.450180, 0.400921, -1.000000, 0.461952, -1.000000
0.610000, 0.420000, 1.170000, 0.456120, 0.403814, -1.000000, 0.465900, -1.000000
0.610000, 0.430000, 1.160000, 0.461820, 0.406714, -1.000000, 0.469853, -1.000000
0.610000, 0.440000, 1.150000, 0.467280, 0.409621, -1.000000, 0.473810, -1.000000
0.610000, 0.450000, 1.140000, 0.472500, 0.412534, -1.000000, 0.474810, -1.000000
0.610000, 0.460000, 1.130000, 0.477480, 0.415453, -1.000000, 0.475037, -1.000000
0.610000, 0.470000, 1.120000, 0.482220, 0.418378, -1.000000, 0.475264, -1.000000
0.610000, 0.480000, 1.110000, 0.486720, 0.421309, -1.000000, 0.475490, -1.000000
0.610000, 0.490000, 1.100001, 0.490980, 0.424245, -1.000000, 0.475717, -1.000000
0.610000, 0.500000, 1.090001, 0.495000, 0.426477, -1.000000, 0.475944, -1.000000
0.610000, 0.510000, 1.080001, 0.498780, 0.427102, -1.000000, 0.476171, -1.000000
0.610000, 0.520000, 1.070001, 0.502320, 0.427728, -1.000000, 0.476398, -1.000000
0.610000, 0.530000, 1.060001, 0.505620, 0.428354, -1.000000, 0.476624, -1.000000
0.610000, 0.540000, 1.050001, 0.508680, 0.428980, -1.000000, 0.476851, -1.000000
0.610000, 0.550000, 1.040001, 0.511500, 0.429235, -1.000000, 0.477078, -1.000000
0.610000, 0.560000, 1.030001, 0.514080, 0.429248, -1.000000, 0.477305, -1.000000
0.610000, 0.570000, 1.020001, 0.516420, 0.429260, -1.000000, 0.477532, -1.000000
0.610000, 0.580000, 1.010001, 0.518520, 0.429273, -1.000000, 0.477758, -1.000000
0.610000, 0.590000, 1.000001, 0.520380, 0.429286, -1.000000, 0.477985, -1.000000
0.610000, 0.600000, 0.990001, 0.522000, 0.429299, -1.000000, 0.478212, -1.000000
0.610000, 0.610000, 0.980001, 0.523380, 0.429312, -1.000000, 0.478439, -1.000000
0.610000, 0.620000, 0.970001, 0.524520, 0.429324, -1.000000, 0.478666, -1.000000
0.610000, 0.630000, 0.960001, 0.525420, 0.429337, -1.000000, 0.478893, -1.000000
0.610000, 0.640000, 0.950001, 0.526080, 0.429350, -1.000000, 0.479120, -1.000000
0.610000, 0.650000, 0.940001, 0.526500, 0.429363, -1.000000, 0.479347, -1.000000
0.610000, 0.660000, 0.930001, 0.526680, 0.429375, -1.000000, 0.479574, -1.000000
0.610000, 0.670000, 0.920001, 0.526620, 0.428166, -1.000000, 0.479801, -1.000000
0.610000, 0.680000, 0.910001, 0.526320, 0.426946, -1.000000, 0.480028, -1.000000
0.610000, 0.690000, 0.900001, 0.525780, 0.425727, -1.000000, 0.480255, -1.000000
0.610000, 0.700000, 0.890001, 0.525000, 0.424509, -1.000000, 0.480481, -1.000000
0.610000, 0.710000, 0.880001, 0.523980, 0.423292, -1.000000, 0.480708, -1.000000
0.610000, 0.720000, 0.870001, 0.522720, 0.422075, -1.000000, 0.480935, -1.000000
0.610000, 0.730000, 0.860001, 0.521220, 0.420860, -1.000000, 0.481162, -1.000000
0.610000, 0.740000, 0.850001, 0.519480, 0.419646, -1.000000, 0.481389, -1.000000
0.610000, 0.750000, 0.840001, 0.517500, 0.418432, -1.000000, 0.481616, -1.000000
0.610000, 0.760000, 0.830001, 0.515280, 0.417220, -1.000000, 0.481377, -1.000000
0.610000, 0.770000, 0.820001, 0.512820, 0.416009, -1.000000, 0.478588, -1.000000
0.610000, 0.780000, 0.810001, 0.510120, 0.413568, -1.000000, 0.475800, -1.000000
0.610000, 0.790000, 0.800001, 0.507180, 0.409472, -1.000000, 0.473014, -1.000000
0.610000, 0.800000, 0.790001, 0.504000, 0.405389, -1.000000, 0.470230, -1.000000
0.610000, 0.810000, 0.780001, 0.500580, 0.401319, -1.000000, 0.467447, -1.000000
0.610000, 0.820000, 0.770001, 0.496920, 0.397263, -1.000000, 0.464667, -1.000000
0.610000, 0.830000, 0.760001, 0.493020, 0.393220, -1.000000, 0.461888, -1.000000
0.610000, 0.839999, 0.750001, 0.488881, 0.389193, -1.000000, 0.459112, -1.000000
0.610000, 0.849999, 0.740001, 0.484501, 0.385180, -1.000000, 0.456339, -1.000000
0.610000, 0.859999, 0.730001, 0.479881, 0.381183, -1.000000, 0.453568, -1.000000
0.610000, 0.869999, 0.720001, 0.475021, 0.377202, -1.000000, 0.450801, -1.000000
0.610000, 0.879999, 0.710001, 0.469921, 0.373237, -1.000000, 0.448036, -1.000000
0.610000, 0.889999, 0.700001, 0.464581, 0.369290, -1.000000, 0.445274, -1.000000
0.610000, 0.899999, 0.690001, 0.459001, 0.365359, -1.000000, 0.442516, -1.000000
0.610000, 0.909999, 0.680001, 0.453181, 0.361447, -1.000000, 0.439761, -1.000000
0.610000, 0.919999, 0.670001, 0.447121, 0.357553, -1.000000, 0.437011, -1.000000
0.610000, 0.929999, 0.660001, 0.440821, 0.353678, -1.000000, 0.434263, -1.000000
0.610000, 0.939999, 0.650001, 0.434281, 0.349821, -1.000000, 0.431520, -1.000000
0.610000, 0.949999, 0.640001, 0.427501, 0.345985, -1.000000, 0.428782, -1.000000
0.610000, 0.959999, 0.630001, 0.420481, 0.342168, -1.000000, 0.426047, -1.000000
0.610000, 0.969999, 0.620001, 0.413221, 0.338372, -1.000000, 0.423317, -1.000000
0.610000, 0.979999, 0.610001, 0.405721, 0.334596, -1.000000, 0.420592, -1.000000
0.610000, 0.989999, 0.600001, 0.397981, 0.330841, -1.000000, 0.417871, -1.000000
0.610000, 0.999999, 0.590001, 0.390001, 0.327108, -1.000000, 0.415156, -1.000000
0.620000, 0.000000, 1.580000, 0.000000, 0.221554, 0.655509, 0.277175, 0.758505
0.620000, 0.010000, 1.570000, 0.015680, 0.226412, -1.000000, 0.281685, -1.000000
0.620000, 0.020000, 1.560000, 0.031120, 0.231346, -1.000000, 0.286240, -1.000000
0.620000, 0.030000, 1.550000, 0.046320, 0.236354, -1.000000, 0.290838, -1.000000
0.620000, 0.040000, 1.540000, 0.061280, 0.241436, -1.000000, 0.295480, -1.000000
0.620000, 0.050000, 1.530000, 0.076000, 0.246593, -1.000000, 0.300164, -1.000000
0.620000, 0.060000, 1.520000, 0.090480, 0.251823, -1.000000, 0.304891, -1.000000
0.620000, 0.070000, 1.510000, 0.104720, 0.257125, -1.000000, 0.309658, -1.000000
0.620000, 0.080000, 1.500000, 0.118720, 0.262501, -1.000000, 0.314467, -1.000000
0.620000, 0.090000, 1.490000, 0.132480, 0.267948, -1.000000, 0.319316, -1.000000
0.620000, 0.100000, 1.480000, 0.146000, 0.273467, -1.000000, 0.324205, -1.000000
0.620000, 0.110000, 1.470000, 0.159280, 0.279056, -1.000000, 0.329132, -1.000000
0.620000, 0.120000, 1.460000, 0.172320, 0.284714, -1.000000, 0.334096, -1.000000
0.620000, 0.130000, 1.450000, 0.185120, 0.290441, -1.000000, 0.339098, -1.000000
0.620000, 0.140000, 1.440000, 0.197680, 0.296235, -1.000000, 0.344136, -1.000000
0.620000, 0.150000, 1.430000, 0.210000, 0.302096, -1.000000, 0.349210, -1.000000
0.620000, 0.160000, 1.420000, 0.222080, 0.308021, -1.000000, 0.354317, -1.000000
0.620000, 0.170000, 1.410000, 0.233920, 0.314011, -1.000000, 0.359459, -1.000000
0.620000, 0.180000, 1.400000, 0.245520, 0.320064, -1.000000, 0.364632, -1.000000
0.620000, 0.190000, 1.390000, 0.256880, 0.326177, -1.000000, 0.369837, -1.000000
0.620000, 0.200000, 1.380000, 0.268000, 0.332351, -1.000000, 0.375073, -1.000000
0.620000, 0.210000, 1.370000, 0.278880, 0.337842, -1.000000, 0.380338, -1.000000
0.620000, 0.220000, 1.360000, 0.289520, 0.343324, -1.000000, 0.385631, -1.000000
0.620000, 0.230000, 1.350000, 0.299920, 0.348847, -1.000000, 0.390952, -1.000000
0.620000, 0.240000, 1.340000, 0.310080, 0.352495, -1.000000, 0.395967, -1.000000
0.620000, 0.250000, 1.330000, 0.320000, 0.355281, -1.000000, 0.399771, -1.000000
0.620000, 0.260000, 1.320000, 0.329680, 0.358076, -1.000000, 0.403587, -1.000000
0.620000, 0.270000, 1.310000, 0.339120, 0.360881, -1.000000, 0.407414, -1.000000
0.620000, 0.280000, 1.300000, 0.348320, 0.363696, -1.000000, 0.411253, -1.000000
0.620000, 0.290000, 1.290000, 0.357280, 0.366520, -1.000000, 0.415102, -1.000000
0.620000, 0.300000, 1.280000, 0.366000, 0.369353, -1.000000, 0.418962, -1.000000
0.620000, 0.310000, 1.270000, 0.374480, 0.372195, -1.000000, 0.422832, -1.000000
0.620000, 0.320000, 1.260000, 0.382720, 0.375046, -1.000000, 0.426711, -1.000000
0.620000, 0.330000, 1.250000, 0.390720, 0.377906, -1.000000, 0.430600, -1.000000
0.620000, 0.340000, 1.240000, 0.398480, 0.380774, -1.000000, 0.434497, -1.000000
0.620000, 0.350000, 1.230000, 0.406000, 0.383651, -1.000000, 0.438402, -1.000000
0.620000, 0.360000, 1.220000, 0.413280, 0.386535, -1.000000, 0.442315, -1.000000
0.620000, 0.370000, 1.210000, 0.420320, 0.389413, -1.000000, 0.446235, -1.000000
0.620000, 0.380000, 1.200000, 0.427120, 0.392278, -1.000000, 0.450161, -1.000000
0.620000, 0.390000, 1.190000, 0.433680, 0.395150, -1.000000, 0.454094, -1.000000
0.620000, 0.400000, 1.180000, 0.440000, 0.398029, -1.000000, 0.458033, -1.000000
0.620000, 0.410000, 1.170000, 0.446080, 0.400916, -1.000000, 0.461977, -1.000000
0.620000, 0.420000, 1.160000, 0.451920, 0.403809, -1.000000, 0.465925, -1.000000
0.620000, 0.430000, 1.150000, 0.457520, 0.406709, -1.000000, 0.469878, -1.000000
0.620000, 0.440000, 1.140000, 0.462880, 0.409616, -1.000000, 0.473835, -1.000000
0.620000, 0.450000, 1.130000, 0.468000, 0.412528, -1.000000, 0.474767, -1.000000
0.620000, 0.460000, 1.120000, 0.472880, 0.415448, -1.000000, 0.474993, -1.000000
0.620000, 0.470000, 1.110000, 0.477520, 0.418373, -1.000000, 0.475220, -1.000000
0.620000, 0.480000, 1.100001, 0.481920, 0.421303, -1.000000, 0.475447, -1.000000
0.620000, 0.490000, 1.090001, 0.486080, 0.424239, -1.000000, 0.475674, -1.000000
0.620000, 0.500000, 1.080001, 0.490000, 0.426517, -1.000000, 0.475900, -1.000000
0.620000, 0.510000, 1.070001, 0.493680, 0.427143, -1.000000, 0.476127, -1.000000
0.620000, 0.520000, 1.060001, 0.497120, 0.427769, -1.000000, 0.476354, -1.000000
0.620000, 0.530000, 1.050001, 0.500320, 0.428395, -1.000000, 0.476581, -1.000000
0.620000, 0.540000, 1.040001, 0.503280, 0.429021, -1.000000, 0.476808, -1.000000
0.620000, 0.550000, 1.030001, 0.506000, 0.429245, -1.000000, 0.477035, -1.000000
0.620000, 0.560000, 1.020001, 0.508480, 0.429258, -1.000000, 0.477261, -1.000000
0.620000, 0.570000, 1.010001, 0.510720, 0.429271, -1.000000, 0.477488, -1.000000
0.620000, 0.580000, 1.000001, 0.512720, 0.429283, -1.000000, 0.477715, -1.000000
0.620000, 0.590000, 0.990001, 0.514480, 0.429296, -1.000000, 0.477942, -1.000000
0.620000, 0.600000, 0.980001, 0.516000, 0.429309, -1.000000, 0.478169, -1.000000
0.620000, 0.610000, 0.970001, 0.517280, 0.429322, -1.000000, 0.478396, -1.000000
0.620000, 0.620000, 0.960001, 0.518320, 0.429335, -1.000000, 0.478622, -1.000000
0.620000, 0.630000, 0.950001, 0.519120, 0.429347, -1.000000, 0.478849, -1.000000
0.620000, 0.640000, 0.940001, 0.519680, 0.429360, -1.000000, 0.479076, -1.000000
0.620000, 0.650000, 0.930001, 0.520000, 0.429373, -1.000000, 0.479303, -1.000000
0.620000, 0.660000, 0.920001, 0.520080, 0.429386, -1.000000, 0.479530, -1.000000
0.620000, 0.670000, 0.910001, 0.519920, 0.428214, -1.000000, 0.479757, -1.000000
0.620000, 0.680000, 0.900001, 0.519520, 0.426994, -1.000000, 0.479984, -1.000000
0.620000, 0.690000, 0.890001, 0.518880, 0.425775, -1.000000, 0.480211, -1.000000
0.620000, 0.700000, 0.880001, 0.518000, 0.424557, -1.000000, 0.480438, -1.000000
0.620000, 0.710000, 0.870001, 0.516880, 0.423340, -1.000000, 0.480665, -1.000000
0.620000, 0.720000, 0.860001, 0.515520, 0.422123, -1.000000, 0.480892, -1.000000
0.620000, 0.730000, 0.850001, 0.513920, 0.420908, -1.000000, 0.481119, -1.000000
0.620000, 0.740000, 0.840001, 0.512080, 0.419694, -1.000000, 0.481346, -1.000000
0.620000, 0.750000, 0.830001, 0.510000, 0.418480, -1.000000, 0.481573, -1.000000
0.620000, 0.760000, 0.820001, 0.507680, 0.417268, -1.000000, 0.481345, -1.000000
0.620000, 0.770000, 0.810001, 0.505120, 0.416057, -1.000000, 0.478556, -1.000000
0.620000, 0.780000, 0.800001, 0.502320, 0.413765, -1.000000, 0.475768, -1.000000
0.620000, 0.790000, 0.790001, 0.499280, 0.409669, -1.000000, 0.472982, -1.000000
0.620000, 0.800000, 0.780001, 0.496000, 0.405585, -1.000000, 0.470198, -1.000000
0.620000, 0.810000, 0.770001, 0.492480, 0.401515, -1.000000, 0.467416, -1.000000
0.620000, 0.820000, 0.760001, 0.488720, 0.397458, -1.000000, 0.464635, -1.000000
0.620000, 0.830000, 0.750001, 0.484720, 0.393415, -1.000000, 0.461857, -1.000000
0.620000, 0.839999, 0.740001, 0.480480, 0.389386, -1.000000, 0.459081, -1.000000
0.620000, 0.849999, 0.730001, 0.476000, 0.385373, -1.000000, 0.456308, -1.000000
0.620000, 0.859999, 0.720001, 0.471281, 0.381375, -1.000000, 0.453537, -1.000000
0.620000, 0.869999, 0.710001, 0.466321, 0.377393, -1.000000, 0.450769, -1.000000
0.620000, 0.879999, 0.700001, 0.461121, 0.373428, -1.000000, 0.448004, -1.000000
0.620000, 0.889999, 0.690001, 0.455681, 0.369479, -1.000000, 0.445243, -1.000000
0.620000, 0.899999, 0.680001, 0.450001, 0.365548, -1.000000, 0.442485, -1.000000
0.620000, 0.909999, 0.670001, 0.444081, 0.361635, -1.000000, 0.439730, -1.000000
0.620000, 0.919999, 0.660001, 0.437921, 0.357740, -1.000000, 0.436979, -1.000000
0.620000, 0.929999, 0.650001, 0.431521, 0.353864, -1.000000, 0.434232, -1.000000
0.620000, 0.939999, 0.640001, 0.424881, 0.350007, -1.000000, 0.431489, -1.000000
0.620000, 0.949999, 0.630001, 0.418001, 0.346169, -1.000000, 0.428750, -1.000000
0.620000, 0.959999, 0.620001, 0.410881, 0.342351, -1.000000, 0.426016, -1.000000
0.620000, 0.969999, 0.610001, 0.403521, 0.338554, -1.000000, 0.423286, -1.000000
0.620000, 0.979999, 0.600001, 0.395921, 0.334777, -1.000000, 0.420561, -1.000000
0.620000, 0.989999, 0.590001, 0.388081, 0.331021, -1.000000, 0.417840, -1.000000
0.620000, 0.999999, 0.580001, 0.380001, 0.327287, -1.000000, 0.415125, -1.000000
0.630000, 0.000000, 1.570000, 0.000000, 0.221452, 0.655513, 0.277156, 0.758499
0.630000, 0.010000, 1.560000, 0.015580, 0.226309, -1.000000, 0.281666, -1.000000
0.630000, 0.020000, 1.550000, 0.030920, 0.231241, -1.000000, 0.286220, -1.000000
0.630000, 0.030000, 1.540000, 0.046020, 0.236247, -1.000000, 0.290818, -1.000000
0.630000, 0.040000, 1.530000, 0.060880, 0.241328, -1.000000, 0.295460, -1.000000
0.630000, 0.050000, 1.520000, 0.075500, 0.246483, -1.000000, 0.300144, -1.000000
0.630000, 0.060000, 1.510000, 0.089880, 0.251711, -1.000000, 0.304870, -1.000000
0.630000, 0.070000, 1.500000, 0.104020, 0.257012, -1.000000, 0.309638, -1.000000
0.630000, 0.080000, 1.490000, 0.117920, 0.262387, -1.000000, 0.314446, -1.000000
0.630000, 0.090000, 1.480000, 0.131580, 0.267832, -1.000000, 0.319295, -1.000000
0.630000, 0.100000, 1.470000, 0.145000, 0.273349, -1.000000, 0.324183, -1.000000
0.630000, 0.110000, 1.460000, 0.158180, 0.278937, -1.000000, 0.329110, -1.000000
0.630000, 0.120000, 1.450000, 0.171120, 0.284593, -1.000000, 0.334075, -1.000000
0.630000, 0.130000, 1.440000, 0.183820, 0.290319, -1.000000, 0.339076, -1.000000
0.630000, 0.140000, 1.430000, 0.196280, 0.296112, -1.000000, 0.344114, -1.000000
0.630000, 0.150000, 1.420000, 0.208500, 0.301971, -1.000000, 0.349188, -1.000000
0.630000, 0.160000, 1.410000, 0.220480, 0.307895, -1.000000, 0.354295, -1.000000
0.630000, 0.170000, 1.400000, 0.232220, 0.313884, -1.000000, 0.359436, -1.000000
0.630000, 0.180000, 1.390000, 0.243720, 0.319935, -1.000000, 0.364610, -1.000000
0.630000, 0.190000, 1.380000, 0.254980, 0.326047, -1.000000, 0.369815, -1.000000
0.630000, 0.200000, 1.370000, 0.266000, 0.332219, -1.000000, 0.375050, -1.000000
0.630000, 0.210000, 1.360000, 0.276780, 0.337716, -1.000000, 0.380315, -1.000000
0.630000, 0.220000, 1.350000, 0.287320, 0.343196, -1.000000, 0.385608, -1.000000
0.630000, 0.230000, 1.340000, 0.297620, 0.348719, -1.000000, 0.390929, -1.000000
0.630000, 0.240000, 1.330000, 0.307680, 0.352418, -1.000000, 0.395991, -1.000000
0.630000, 0.250000, 1.320000, 0.317500, 0.355203, -1.000000, 0.399795, -1.000000
0.630000, 0.260000, 1.310000, 0.327080, 0.357998, -1.000000, 0.403610, -1.000000
0.630000, 0.270000, 1.300000, 0.336420, 0.360803, -1.000000, 0.407438, -1.000000
0.630000, 0.280000, 1.290000, 0.345520, 0.363618, -1.000000, 0.411277, -1.000000
0.630000, 0.290000, 1.280000, 0.354380, 0.366441, -1.000000, 0.415126, -1.000000
0.630000, 0.300000, 1.270000, 0.363000, 0.369274, -1.000000, 0.418986, -1.000000
0.630000, 0.310000, 1.260000, 0.371380, 0.372116, -1.000000, 0.422856, -1.000000
0.630000, 0.320000, 1.250000, 0.379520, 0.374967, -1.000000, 0.426736, -1.000000
0.630000, 0.330000, 1.240000, 0.387420, 0.377826, -1.000000, 0.430624, -1.000000
0.630000, 0.340000, 1.230000, 0.395080, 0.380694, -1.000000, 0.434521, -1.000000
0.630000, 0.350000, 1.220000, 0.402500, 0.383571, -1.000000, 0.438426, -1.000000
0.630000, 0.360000, 1.210000, 0.409680, 0.386455, -1.000000, 0.442339, -1.000000
0.630000, 0.370000, 1.200000, 0.416620, 0.389348, -1.000000, 0.446259, -1.000000
0.630000, 0.380000, 1.190000, 0.423320, 0.392248, -1.000000, 0.450186, -1.000000
0.630000, 0.390000, 1.180000, 0.429780, 0.395144, -1.000000, 0.454119, -1.000000
0.630000, 0.400000, 1.170000, 0.436000, 0.398024, -1.000000, 0.458057, -1.000000
0.630000, 0.410000, 1.160000, 0.441980, 0.400910, -1.000000, 0.462001, -1.000000
0.630000, 0.420000, 1.150000, 0.447720, 0.403804, -1.000000, 0.465950, -1.000000
0.630000, 0.430000, 1.140000, 0.453220, 0.406704, -1.000000, 0.469903, -1.000000
0.630000, 0.440000, 1.130000, 0.458480, 0.409610, -1.000000, 0.473859, -1.000000
0.630000, 0.450000, 1.120000, 0.463500, 0.412523, -1.000000, 0.474723, -1.000000
0.630000, 0.460000, 1.110000, 0.468280, 0.415442, -1.000000, 0.474950, -1.000000
0.630000, 0.470000, 1.100001, 0.472820, 0.418367, -1.000000, 0.475177, -1.000000
0.630000, 0.480000, 1.090001, 0.477120, 0.421298, -1.000000, 0.475404, -1.000000
0.630000, 0.490000, 1.080001, 0.481180, 0.424234, -1.000000, 0.475630, -1.000000
0.630000, 0.500000, 1.070001, 0.485000, 0.426558, -1.000000, 0.475857, -1.000000
0.630000, 0.510000, 1.060001, 0.488580, 0.427183, -1.000000, 0.476084, -1.000000
0.630000, 0.520000, 1.050001, 0.491920, 0.427809, -1.000000, 0.476311, -1.000000
0.630000, 0.530000, 1.040001, 0.495020, 0.428435, -1.000000, 0.476537, -1.000000
0.630000, 0.540000, 1.030001, 0.497880, 0.429062, -1.000000, 0.476764, -1.000000
0.630000, 0.550000, 1.020001, 0.500500, 0.429255, -1.000000, 0.476991, -1.000000
0.630000, 0.560000, 1.010001, 0.502880, 0.429268, -1.000000, 0.477218, -1.000000
0.630000, 0.570000, 1.000001, 0.505020, 0.429281, -1.000000, 0.477445, -1.000000
0.630000, 0.580000, 0.990001, 0.506920, 0.429294, -1.000000, 0.477672, -1.000000
0.630000, 0.590000, 0.980001, 0.508580, 0.429306, -1.000000, 0.477898, -1.000000
0.630000, 0.600000, 0.970001, 0.510000, 0.429319, -1.000000, 0.478125, -1.000000
0.630000, 0.610000, 0.960001, 0.511180, 0.429332, -1.000000, 0.478352, -1.000000
0.630000, 0.620000, 0.950001, 0.512120, 0.429345, -1.000000, 0.478579, -1.000000
0.630000, 0.630000, 0.940001, 0.512820, 0.429357, -1.000000, 0.478806, -1.000000
0.630000, 0.640000, 0.930001, 0.513280, 0.429370, -1.000000, 0.479033, -1.000000
0.630000, 0.650000, 0.920001, 0.513500, 0.429383, -1.000000, 0.479260, -1.000000
0.630000, 0.660000, 0.910001, 0.513480, 0.429396, -1.000000, 0.479487, -1.000000
0.630000, 0.670000, 0.900001, 0.513220, 0.428262, -1.000000, 0.479714, -1.000000
0.630000, 0.680000, 0.890001, 0.512720, 0.427042, -1.000000, 0.479941, -1.000000
0.630000, 0.690000, 0.880001, 0.511980, 0.425823, -1.000000, 0.480168, -1.000000
0.630000, 0.700000, 0.870001, 0.511000, 0.424605, -1.000000, 0.480394, -1.000000
0.630000, 0.710000, 0.860001, 0.509780, 0.423388, -1.000000, 0.480621, -1.000000
0.630000, 0.720000, 0.850001, 0.508320, 0.422171, -1.000000, 0.480848, -1.000000
0.630000, 0.730000, 0.840001, 0.506620, 0.420956, -1.000000, 0.481075, -1.000000
0.630000, 0.740000, 0.830001, 0.504680, 0.419742, -1.000000, 0.481302, -1.000000
0.630000, 0.750000, 0.820001, 0.502500, 0.418528, -1.000000, 0.481529, -1.000000
0.630000, 0.760000, 0.810001, 0.500080, 0.417316, -1.000000, 0.481313, -1.000000
0.630000, 0.770000, 0.800001, 0.497420, 0.416104, -1.000000, 0.478524, -1.000000
0.630000, 0.780000, 0.790001, 0.494520, 0.413962, -1.000000, 0.475737, -1.000000
0.630000, 0.790000, 0.780001, 0.491380, 0.409866, -1.000000, 0.472951, -1.000000
0.630000, 0.800000, 0.770001, 0.488000, 0.405782, -1.000000, 0.470166, -1.000000
0.630000, 0.810000, 0.760001, 0.484380, 0.401710, -1.000000, 0.467384, -1.000000
0.630000, 0.820000, 0.750001, 0.480520, 0.397653, -1.000000, 0.464603, -1.000000
0.630000, 0.830000, 0.740001, 0.476421, 0.393609, -1.000000, 0.461825, -1.000000
0.630000, 0.839999, 0.730001, 0.472081, 0.389580, -1.000000, 0.459049, -1.000000
0.630000, 0.849999, 0.720001, 0.467501, 0.385566, -1.000000, 0.456276, -1.000000
0.630000, 0.859999, 0.710001, 0.462681, 0.381567, -1.000000, 0.453505, -1.000000
0.630000, 0.869999, 0.700001, 0.457621, 0.377584, -1.000000, 0.450738, -1.000000
0.630000, 0.879999, 0.690001, 0.452321, 0.373618, -1.000000, 0.447973, -1.000000
0.630000, 0.889999, 0.680001, 0.446781, 0.369669, -1.000000, 0.445211, -1.000000
0.630000, 0.899999, 0.670001, 0.441001, 0.365737, -1.000000, 0.442453, -1.000000
0.630000, 0.909999, 0.660001, 0.434981, 0.361823, -1.000000, 0.439699, -1.000000
0.630000, 0.919999, 0.650001, 0.428721, 0.357927, -1.000000, 0.436948, -1.000000
0.630000, 0.929999, 0.640001, 0.422221, 0.354050, -1.000000, 0.434201, -1.000000
0.630000, 0.939999, 0.630001, 0.415481, 0.350192, -1.000000, 0.431458, -1.000000
0.630000, 0.949999, 0.620001, 0.408501, 0.346353, -1.000000, 0.428719, -1.000000
0.630000, 0.959999, 0.610001, 0.401281, 0.342535, -1.000000, 0.425985, -1.000000
0.630000, 0.969999, 0.600001, 0.393821, 0.338736, -1.000000, 0.423255, -1.000000
0.630000, 0.979999, 0.590001, 0.386121, 0.334958, -1.000000, 0.420530, -1.000000
0.630000, 0.989999, 0.580001, 0.378181, 0.331202, -1.000000, 0.417810, -1.000000
0.630000, 0.999999, 0.570001, 0.370001, 0.327466, -1.000000, 0.415094, -1.000000
0.640000, 0.000000, 1.560000, 0.000000, 0.221350, 0.655518, 0.277136, 0.758494
0.640000, 0.010000, 1.550000, 0.015480, 0.226205, -1.000000, 0.281646, -1.000000
0.640000, 0.020000, 1.540000, 0.030720, 0.231135, -1.000000, 0.286200, -1.000000
0.640000, 0.030000, 1.530000, 0.045720, 0.236140, -1.000000, 0.290798, -1.000000
0.640000, 0.040000, 1.520000, 0.060480, 0.241220, -1.000000, 0.295439, -1.000000
0.640000, 0.050000, 1.510000, 0.075000, 0.246373, -1.000000, 0.300123, -1.000000
0.640000, 0.060000, 1.500000, 0.089280, 0.251600, -1.000000, 0.304849, -1.000000
0.640000, 0.070000, 1.490000, 0.103320, 0.256900, -1.000000, 0.309617, -1.000000
0.640000, 0.080000, 1.480000, 0.117120, 0.262272, -1.000000, 0.314425, -1.000000
0.640000, 0.090000, 1.470000, 0.130680, 0.267716, -1.000000, 0.319274, -1.000000
0.640000, 0.100000, 1.460000, 0.144000, 0.273232, -1.000000, 0.324162, -1.000000
0.640000, 0.110000, 1.450000, 0.157080, 0.278818, -1.000000, 0.329089, -1.000000
0.640000, 0.120000, 1.440000, 0.169920, 0.284473, -1.000000, 0.334053, -1.000000
0.640000, 0.130000, 1.430000, 0.182520, 0.290197, -1.000000, 0.339055, -1.000000
0.640000, 0.140000, 1.420000, 0.194880, 0.295988, -1.000000, 0.344092, -1.000000
0.640000, 0.150000, 1.410000, 0.207000, 0.301846, -1.000000, 0.349165, -1.000000
0.640000, 0.160000, 1.400000, 0.218880, 0.307769, -1.000000, 0.354273, -1.000000
0.640000, 0.170000, 1.390000, 0.230520, 0.313756, -1.000000, 0.359414, -1.000000
0.640000, 0.180000, 1.380000, 0.241920, 0.319806, -1.000000, 0.364587, -1.000000
0.640000, 0.190000, 1.370000, 0.253080, 0.325917, -1.000000, 0.369792, -1.000000
0.640000, 0.200000, 1.360000, 0.264000, 0.332088, -1.000000, 0.375027, -1.000000
0.640000, 0.210000, 1.350000, 0.274680, 0.337589, -1.000000, 0.380292, -1.000000
0.640000, 0.220000, 1.340000, 0.285120, 0.343069, -1.000000, 0.385585, -1.000000
0.640000, 0.230000, 1.330000, 0.295320, 0.348590, -1.000000, 0.390905, -1.000000
0.640000, 0.240000, 1.320000, 0.305280, 0.352341, -1.000000, 0.396015, -1.000000
0.640000, 0.250000, 1.310000, 0.315000, 0.355126, -1.000000, 0.399818, -1.000000
0.640000, 0.260000, 1.300000, 0.324480, 0.357921, -1.000000, 0.403634, -1.000000
0.640000, 0.270000, 1.290000, 0.333720, 0.360725, -1.000000, 0.407462, -1.000000
0.640000, 0.280000, 1.280000, 0.342720, 0.363539, -1.000000, 0.411301, -1.000000
0.640000, 0.290000, 1.270000, 0.351480, 0.366363, -1.000000, 0.415150, -1.000000
0.640000, 0.300000, 1.260000, 0.360000, 0.369196, -1.000000, 0.419010, -1.000000
0.640000, 0.310000, 1.250000, 0.368280, 0.372037, -1.000000, 0.422881, -1.000000
0.640000, 0.320000, 1.240000, 0.376320, 0.374888, -1.000000, 0.426760, -1.000000
0.640000, 0.330000, 1.230000, 0.384120, 0.377747, -1.000000, 0.430649, -1.000000
0.640000, 0.340000, 1.220000, 0.391680, 0.380615, -1.000000, 0.434546, -1.000000
0.640000, 0.350000, 1.210000, 0.399000, 0.383491, -1.000000, 0.438451, -1.000000
0.640000, 0.360000, 1.200000, 0.406080, 0.386375, -1.000000, 0.442364, -1.000000
0.640000, 0.370000, 1.190000, 0.412920, 0.389268, -1.000000, 0.446284, -1.000000
0.640000, 0.380000, 1.180000, 0.419520, 0.392168, -1.000000, 0.450210, -1.000000
0.640000, 0.390000, 1.170000, 0.425880, 0.395075, -1.000000, 0.454143, -1.000000
0.640000, 0.400000, 1.160000, 0.432000, 0.397991, -1.000000, 0.458082, -1.000000
0.640000, 0.410000, 1.150000, 0.437880, 0.400905, -1.000000, 0.462026, -1.000000
0.640000, 0.420000, 1.140000, 0.443520, 0.403798, -1.000000, 0.465974, -1.000000
0.640000, 0.430000, 1.130000, 0.448920, 0.406698, -1.000000, 0.469927, -1.000000
0.640000, 0.440000, 1.120000, 0.454080, 0.409605, -1.000000, 0.473884, -1.000000
0.640000, 0.450000, 1.110000, 0.459000, 0.412518, -1.000000, 0.474680, -1.000000
0.640000, 0.460000, 1.100001, 0.463680, 0.415437, -1.000000, 0.474907, -1.000000
0.640000, 0.470000, 1.090001, 0.468120, 0.418362, -1.000000, 0.475133, -1.000000
0.640000, 0.480000, 1.080001, 0.472320, 0.421293, -1.000000, 0.475360, -1.000000
0.640000, 0.490000, 1.070001, 0.476280, 0.424229, -1.000000, 0.475587, -1.000000
0.640000, 0.500000, 1.060001, 0.480000, 0.426599, -1.000000, 0.475814, -1.000000
0.640000, 0.510000, 1.050001, 0.483480, 0.427224, -1.000000, 0.476040, -1.000000
0.640000, 0.520000, 1.040001, 0.486720, 0.427850, -1.000000, 0.476267, -1.000000
0.640000, 0.530000, 1.030001, 0.489720, 0.428476, -1.000000, 0.476494, -1.000000
0.640000, 0.540000, 1.020001, 0.492480, 0.429102, -1.000000, 0.476721, -1.000000
0.640000, 0.550000, 1.010001, 0.495000, 0.429265, -1.000000, 0.476948, -1.000000
0.640000, 0.560000, 1.000001, 0.497280, 0.429278, -1.000000, 0.477174, -1.000000
0.640000, 0.570000, 0.990001, 0.499320, 0.429291, -1.000000, 0.477401, -1.000000
0.640000, 0.580000, 0.980001, 0.501120, 0.429304, -1.000000, 0.477628, -1.000000
0.640000, 0.590000, 0.970001, 0.502680, 0.429317, -1.000000, 0.477855, -1.000000
0.640000, 0.600000, 0.960001, 0.504000, 0.429329, -1.000000, 0.478082, -1.000000
0.640000, 0.610000, 0.950001, 0.505080, 0.429342, -1.000000, 0.478309, -1.000000
0.640000, 0.620000, 0.940001, 0.505920, 0.429355, -1.000000, 0.478536, -1.000000
0.640000, 0.630000, 0.930001, 0.506520, 0.429368, -1.000000, 0.478762, -1.000000
0.640000, 0.640000, 0.920001, 0.506880, 0.429380, -1.000000, 0.478989, -1.000000
0.640000, 0.650000, 0.910001, 0.507000, 0.429393, -1.000000, 0.479216, -1.000000
0.640000, 0.660000, 0.900001, 0.506880, 0.429406, -1.000000, 0.479443, -1.000000
0.640000, 0.670000, 0.890001, 0.506520, 0.428310, -1.000000, 0.479670, -1.000000
0.640000, 0.680000, 0.880001, 0.505920, 0.427090, -1.000000, 0.479897, -1.000000
0.640000, 0.690000, 0.870001, 0.505080, 0.425871, -1.000000, 0.480124, -1.000000
0.640000, 0.700000, 0.860001, 0.504000, 0.424653, -1.000000, 0.480351, -1.000000
0.640000, 0.710000, 0.850001, 0.502680, 0.423436, -1.000000, 0.480578, -1.000000
0.640000, 0.720000, 0.840001, 0.501120, 0.422219, -1.000000, 0.480805, -1.000000
0.640000, 0.730000, 0.830001, 0.499320, 0.421004, -1.000000, 0.481032, -1.000000
0.640000, 0.740000, 0.820001, 0.497280, 0.419789, -1.000000, 0.481259, -1.000000
0.640000, 0.750000, 0.810001, 0.495000, 0.418576, -1.000000, 0.481486, -1.000000
0.640000, 0.760000, 0.800001, 0.492480, 0.417363, -1.000000, 0.481281, -1.000000
0.640000, 0.770000, 0.790001, 0.489720, 0.416152, -1.000000, 0.478492, -1.000000
0.640000, 0.780000, 0.780001, 0.486720, 0.414160, -1.000000, 0.475705, -1.000000
0.640000, 0.790000, 0.770001, 0.483480, 0.410063, -1.000000, 0.472919, -1.000000
0.640000, 0.800000, 0.760001, 0.480000, 0.405978, -1.000000, 0.470135, -1.000000
0.640000, 0.810000, 0.750001, 0.476280, 0.401906, -1.000000, 0.467352, -1.000000
0.640000, 0.820000, 0.740001, 0.472320, 0.397848, -1.000000, 0.464572, -1.000000
0.640000, 0.830000, 0.730001, 0.468121, 0.393803, -1.000000, 0.461794, -1.000000
0.640000, 0.839999, 0.720001, 0.463681, 0.389773, -1.000000, 0.459018, -1.000000
0.640000, 0.849999, 0.710001, 0.459001, 0.385759, -1.000000, 0.456244, -1.000000
0.640000, 0.859999, 0.700001, 0.454081, 0.381759, -1.000000, 0.453474, -1.000000
0.640000, 0.869999, 0.690001, 0.448921, 0.377776, -1.000000, 0.450706, -1.000000
0.640000, 0.879999, 0.680001, 0.443521, 0.373809, -1.000000, 0.447942, -1.000000
0.640000, 0.889999, 0.670001, 0.437881, 0.369859, -1.000000, 0.445180, -1.000000
0.640000, 0.899999, 0.660001, 0.432001, 0.365926, -1.000000, 0.442422, -1.000000
0.640000, 0.909999, 0.650001, 0.425881, 0.362011, -1.000000, 0.439667, -1.000000
0.640000, 0.919999, 0.640001, 0.419521, 0.358114, -1.000000, 0.436917, -1.000000
0.640000, 0.929999, 0.630001, 0.412921, 0.354236, -1.000000, 0.434170, -1.000000
0.640000, 0.939999, 0.620001, 0.406081, 0.350377, -1.000000, 0.431427, -1.000000
0.640000, 0.949999, 0.610001, 0.399001, 0.346538, -1.000000, 0.428688, -1.000000
0.640000, 0.959999, 0.600001, 0.391681, 0.342718, -1.000000, 0.425954, -1.000000
0.640000, 0.969999, 0.590001, 0.384121, 0.338919, -1.000000, 0.423224, -1.000000
0.640000, 0.979999, 0.580001, 0.376321, 0.335140, -1.000000, 0.420499, -1.000000
0.640000, 0.989999, 0.570001, 0.368281, 0.331382, -1.000000, 0.417778, -1.000000
0.640000, 0.999999, 0.560001, 0.360001, 0.327646, -1.000000, 0.415063, -1.000000
0.650000, 0.000000, 1.550000, 0.000000, 0.221248, 0.655522, 0.277117, 0.758488
0.650000, 0.010000, 1.540000, 0.015380, 0.226102, -1.000000, 0.281626, -1.000000
0.650000, 0.020000, 1.530000, 0.030520, 0.231030, -1.000000, 0.286180, -1.000000
0.650000, 0.030000, 1.520000, 0.045420, 0.236034, -1.000000, 0.290778, -1.000000
0.650000, 0.040000, 1.510000, 0.060080, 0.241111, -1.000000, 0.295419, -1.000000
0.650000, 0.050000, 1.500000, 0.074500, 0.246263, -1.000000, 0.300103, -1.000000
0.650000, 0.060000, 1.490000, 0.088680, 0.251488, -1.000000, 0.304829, -1.000000
0.650000, 0.070000, 1.480000, 0.102620, 0.256787, -1.000000, 0.309596, -1.000000
0.650000, 0.080000, 1.470000, 0.116320, 0.262158, -1.000000, 0.314404, -1.000000
0.650000, 0.090000, 1.460000, 0.129780, 0.267600, -1.000000, 0.319253, -1.000000
0.650000, 0.100000, 1.450000, 0.143000, 0.273114, -1.000000, 0.324141, -1.000000
0.650000, 0.110000, 1.440000, 0.155980, 0.278699, -1.000000, 0.329067, -1.000000
0.650000, 0.120000, 1.430000, 0.168720, 0.284353, -1.000000, 0.334031, -1.000000
0.650000, 0.130000, 1.420000, 0.181220, 0.290075, -1.000000, 0.339033, -1.000000
0.650000, 0.140000, 1.410000, 0.193480, 0.295865, -1.000000, 0.344070, -1.000000
0.650000, 0.150000, 1.400000, 0.205500, 0.301722, -1.000000, 0.349143, -1.000000
0.650000, 0.160000, 1.390000, 0.217280, 0.307643, -1.000000, 0.354251, -1.000000
0.650000, 0.170000, 1.380000, 0.228820, 0.313629, -1.000000, 0.359391, -1.000000
0.650000, 0.180000, 1.370000, 0.240120, 0.319678, -1.000000, 0.364565, -1.000000
0.650000, 0.190000, 1.360000, 0.251180, 0.325787, -1.000000, 0.369769, -1.000000
0.650000, 0.200000, 1.350000, 0.262000, 0.331957, -1.000000, 0.375005, -1.000000
0.650000, 0.210000, 1.340000, 0.272580, 0.337463, -1.000000, 0.380269, -1.000000
0.650000, 0.220000, 1.330000, 0.282920, 0.342941, -1.000000, 0.385562, -1.000000
0.650000, 0.230000, 1.320000, 0.293020, 0.348462, -1.000000, 0.390882, -1.000000
0.650000, 0.240000, 1.310000, 0.302880, 0.352264, -1.000000, 0.396038, -1.000000
0.650000, 0.250000, 1.300000, 0.312500, 0.355049, -1.000000, 0.399842, -1.000000
0.650000, 0.260000, 1.290000, 0.321880, 0.357843, -1.000000, 0.403658, -1.000000
0.650000, 0.270000, 1.280000, 0.331020, 0.360648, -1.000000, 0.407486, -1.000000
0.650000, 0.280000, 1.270000, 0.339920, 0.363461, -1.000000, 0.411325, -1.000000
0.650000, 0.290000, 1.260000, 0.348580, 0.366285, -1.000000, 0.415174, -1.000000
0.650000, 0.300000, 1.250000, 0.357000, 0.369117, -1.000000, 0.419035, -1.000000
0.650000, 0.310000, 1.240000, 0.365180, 0.371958, -1.000000, 0.422905, -1.000000
0.650000, 0.320000, 1.230000, 0.373120, 0.374809, -1.000000, 0.426784, -1.000000
0.650000, 0.330000, 1.220000, 0.380820, 0.377668, -1.000000, 0.430673, -1.000000
0.650000, 0.340000, 1.210000, 0.388280, 0.380535, -1.000000, 0.434570, -1.000000
0.650000, 0.350000, 1.200000, 0.395500, 0.383411, -1.000000, 0.438475, -1.000000
0.650000, 0.360000, 1.190000, 0.402480, 0.386295, -1.000000, 0.442388, -1.000000
0.650000, 0.370000, 1.180000, 0.409220, 0.389187, -1.000000, 0.446308, -1.000000
0.650000, 0.380000, 1.170000, 0.415720, 0.392087, -1.000000, 0.450235, -1.000000
0.650000, 0.390000, 1.160000, 0.421980, 0.394995, -1.000000, 0.454168, -1.000000
0.650000, 0.400000, 1.150000, 0.428000, 0.397910, -1.000000, 0.458106, -1.000000
0.650000, 0.410000, 1.140000, 0.433780, 0.400832, -1.000000, 0.462050, -1.000000
0.650000, 0.420000, 1.130000, 0.439320, 0.403761, -1.000000, 0.465999, -1.000000
0.650000, 0.430000, 1.120000, 0.444620, 0.406693, -1.000000, 0.469952, -1.000000
0.650000, 0.440000, 1.110000, 0.449680, 0.409600, -1.000000, 0.473909, -1.000000
0.650000, 0.450000, 1.100001, 0.454500, 0.412512, -1.000000, 0.474636, -1.000000
0.650000, 0.460000, 1.090001, 0.459080, 0.415431, -1.000000, 0.474863, -1.000000
0.650000, 0.470000, 1.080001, 0.463420, 0.418356, -1.000000, 0.475090, -1.000000
0.650000, 0.480000, 1.070001, 0.467520, 0.421287, -1.000000, 0.475317, -1.000000
0.650000, 0.490000, 1.060001, 0.471380, 0.424223, -1.000000, 0.475543, -1.000000
0.650000, 0.500000, 1.050001, 0.475000, 0.426639, -1.000000, 0.475770, -1.000000
0.650000, 0.510000, 1.040001, 0.478380, 0.427265, -1.000000, 0.475997, -1.000000
0.650000, 0.520000, 1.030001, 0.481520, 0.427891, -1.000000, 0.476224, -1.000000
0.650000, 0.530000, 1.020001, 0.484420, 0.428517, -1.000000, 0.476450, -1.000000
0.650000, 0.540000, 1.010001, 0.487080, 0.429143, -1.000000, 0.476677, -1.000000
0.650000, 0.550000, 1.000001, 0.489500, 0.429276, -1.000000, 0.476904, -1.000000
0.650000, 0.560000, 0.990001, 0.491680, 0.429288, -1.000000, 0.477131, -1.000000
0.650000, 0.570000, 0.980001, 0.493620, 0.429301, -1.000000, 0.477358, -1.000000
0.650000, 0.580000, 0.970001, 0.495320, 0.429314, -1.000000, 0.477585, -1.000000
0.650000, 0.590000, 0.960001, 0.496780, 0.429327, -1.000000, 0.477812, -1.000000
0.650000, 0.600000, 0.950001, 0.498000, 0.429339, -1.000000, 0.478038, -1.000000
0.650000, 0.610000, 0.940001, 0.498980, 0.429352, -1.000000, 0.478265, -1.000000
0.650000, 0.620000, 0.930001, 0.499720, 0.429365, -1.000000, 0.478492, -1.000000
0.650000, 0.630000, 0.920001, 0.500220, 0.429378, -1.000000, 0.478719, -1.000000
0.650000, 0.640000, 0.910001, 0.500480, 0.429391, -1.000000, 0.478946, -1.000000
0.650000, 0.650000, 0.900001, 0.500500, 0.429403, -1.000000, 0.479173, -1.000000
0.650000, 0.660000, 0.890001, 0.500280, 0.429416, -1.000000, 0.479400, -1.000000
0.650000, 0.670000, 0.880001, 0.499820, 0.428358, -1.000000, 0.479627, -1.000000
0.650000, 0.680000, 0.870001, 0.499120, 0.427138, -1.000000, 0.479854, -1.000000
0.650000, 0.690000, 0.860001, 0.498180, 0.425919, -1.000000, 0.480081, -1.000000
0.650000, 0.700000, 0.850001, 0.497000, 0.424701, -1.000000, 0.480307, -1.000000
0.650000, 0.710000, 0.840001, 0.495580, 0.423484, -1.000000, 0.480534, -1.000000
0.650000, 0.720000, 0.830001, 0.493920, 0.422267, -1.000000, 0.480761, -1.000000
0.650000, 0.730000, 0.820001, 0.492020, 0.421052, -1.000000, 0.480988, -1.000000
0.650000, 0.740000, 0.810001, 0.489880, 0.419837, -1.000000, 0.481215, -1.000000
0.650000, 0.750000, 0.800001, 0.487500, 0.418624, -1.000000, 0.481442, -1.000000
0.650000, 0.760000, 0.790001, 0.484880, 0.417411, -1.000000, 0.481250, -1.000000
0.650000, 0.770000, 0.780001, 0.482020, 0.416200, -1.000000, 0.478461, -1.000000
0.650000, 0.780000, 0.770001, 0.478920, 0.414358, -1.000000, 0.475673, -1.000000
0.650000, 0.790000, 0.760001, 0.475580, 0.410260, -1.000000, 0.472887, -1.000000
0.650000, 0.800000, 0.750001, 0.472000, 0.406174, -1.000000, 0.470103, -1.000000
0.650000, 0.810000, 0.740001, 0.468180, 0.402102, -1.000000, 0.467321, -1.000000
0.650000, 0.820000, 0.730001, 0.464120, 0.398043, -1.000000, 0.464540, -1.000000
0.650000, 0.830000, 0.720001, 0.459821, 0.393998, -1.000000, 0.461762, -1.000000
0.650000, 0.839999, 0.710001, 0.455281, 0.389967, -1.000000, 0.458986, -1.000000
0.650000, 0.849999, 0.700001, 0.450501, 0.385951, -1.000000, 0.456213, -1.000000
0.650000, 0.859999, 0.690001, 0.445481, 0.381951, -1.000000, 0.453442, -1.000000
0.650000, 0.869999, 0.680001, 0.440221, 0.377967, -1.000000, 0.450675, -1.000000
0.650000, 0.879999, 0.670001, 0.434721, 0.373999, -1.000000, 0.447910, -1.000000
0.650000, 0.889999, 0.660001, 0.428981, 0.370048, -1.000000, 0.445149, -1.000000
0.650000, 0.899999, 0.650001, 0.423001, 0.366115, -1.000000, 0.442391, -1.000000
0.650000, 0.909999, 0.640001, 0.416781, 0.362199, -1.000000, 0.439636, -1.000000
0.650000, 0.919999, 0.630001, 0.410321, 0.358301, -1.000000, 0.436885, -1.000000
0.650000, 0.929999, 0.620001, 0.403621, 0.354422, -1.000000, 0.434138, -1.000000
0.650000, 0.939999, 0.610001, 0.396681, 0.350562, -1.000000, 0.431396, -1.000000
0.650000, 0.949999, 0.600001, 0.389501, 0.346722, -1.000000, 0.428657, -1.000000
0.650000, 0.959999, 0.590001, 0.382081, 0.342901, -1.000000, 0.425923, -1.000000
0.650000, 0.969999, 0.580001, 0.374421, 0.339101, -1.000000, 0.423193, -1.000000
0.650000, 0.979999, 0.570001, 0.366521, 0.335321, -1.000000, 0.420468, -1.000000
0.650000, 0.989999, 0.560001, 0.358381, 0.331562, -1.000000, 0.417748, -1.000000
0.650000, 0.999999, 0.550001, 0.350001, 0.327825, -1.000000, 0.415032, -1.000000
0.660000, 0.000000, 1.540000, 0.000000, 0.221146, 0.655527, 0.277097, 0.758482
0.660000, 0.010000, 1.530000, 0.015280, 0.225998, -1.000000, 0.281607, -1.000000
0.660000, 0.020000, 1.520000, 0.030320, 0.230925, -1.000000, 0.286160, -1.000000
0.660000, 0.030000, 1.510000, 0.045120, 0.235927, -1.000000, 0.290758, -1.000000
0.660000, 0.040000, 1.500000, 0.059680, 0.241003, -1.000000, 0.295399, -1.000000
0.660000, 0.050000, 1.490000, 0.074000, 0.246153, -1.000000, 0.300082, -1.000000
0.660000, 0.060000, 1.480000, 0.088080, 0.251377, -1.000000, 0.304808, -1.000000
0.660000, 0.070000, 1.470000, 0.101920, 0.256674, -1.000000, 0.309575, -1.000000
0.660000, 0.080000, 1.460000, 0.115520, 0.262043, -1.000000, 0.314383, -1.000000
0.660000, 0.090000, 1.450000, 0.128880, 0.267484, -1.000000, 0.319232, -1.000000
0.660000, 0.100000, 1.440000, 0.142000, 0.272997, -1.000000, 0.324119, -1.000000
0.660000, 0.110000, 1.430000, 0.154880, 0.278580, -1.000000, 0.329046, -1.000000
0.660000, 0.120000, 1.420000, 0.167520, 0.284232, -1.000000, 0.334010, -1.000000
0.660000, 0.130000, 1.410000, 0.179920, 0.289953, -1.000000, 0.339011, -1.000000
0.660000, 0.140000, 1.400000, 0.192080, 0.295742, -1.000000, 0.344048, -1.000000
0.660000, 0.150000, 1.390000, 0.204000, 0.301597, -1.000000, 0.349121, -1.000000
0.660000, 0.160000, 1.380000, 0.215680, 0.307517, -1.000000, 0.354228, -1.000000
0.660000, 0.170000, 1.370000, 0.227120, 0.313502, -1.000000, 0.359369, -1.000000
0.660000, 0.180000, 1.360000, 0.238320, 0.319549, -1.000000, 0.364542, -1.000000
0.660000, 0.190000, 1.350000, 0.249280, 0.325657, -1.000000, 0.369747, -1.000000
0.660000, 0.200000, 1.340000, 0.260000, 0.331826, -1.000000, 0.374982, -1.000000
0.660000, 0.210000, 1.330000, 0.270480, 0.337336, -1.000000, 0.380246, -1.000000
0.660000, 0.220000, 1.320000, 0.280720, 0.342814, -1.000000, 0.385539, -1.000000
0.660000, 0.230000, 1.310000, 0.290720, 0.348334, -1.000000, 0.390859, -1.000000
0.660000, 0.240000, 1.300000, 0.300480, 0.352187, -1.000000, 0.396062, -1.000000
0.660000, 0.250000, 1.290000, 0.310000, 0.354971, -1.000000, 0.399866, -1.000000
0.660000, 0.260000, 1.280000, 0.319280, 0.357766, -1.000000, 0.403682, -1.000000
0.660000, 0.270000, 1.270000, 0.328320, 0.360570, -1.000000, 0.407510, -1.000000
0.660000, 0.280000, 1.260000, 0.337120, 0.363383, -1.000000, 0.411349, -1.000000
0.660000, 0.290000, 1.250000, 0.345680, 0.366206, -1.000000, 0.415199, -1.000000
0.660000, 0.300000, 1.240000, 0.354000, 0.369038, -1.000000, 0.419059, -1.000000
0.660000, 0.310000, 1.230000, 0.362080, 0.371879, -1.000000, 0.422929, -1.000000
0.660000, 0.320000, 1.220000, 0.369920, 0.374730, -1.000000, 0.426808, -1.000000
0.660000, 0.330000, 1.210000, 0.377520, 0.377588, -1.000000, 0.430697, -1.000000
0.660000, 0.340000, 1.200000, 0.384880, 0.380456, -1.000000, 0.434594, -1.000000
0.660000, 0.350000, 1.190000, 0.392000, 0.383331, -1.000000, 0.438500, -1.000000
0.660000, 0.360000, 1.180000, 0.398880, 0.386215, -1.000000, 0.442413, -1.000000
0.660000, 0.370000, 1.170000, 0.405520, 0.389107, -1.000000, 0.446333, -1.000000
0.660000, 0.380000, 1.160000, 0.411920, 0.392007, -1.000000, 0.450259, -1.000000
0.660000, 0.390000, 1.150000, 0.418080, 0.394914, -1.000000, 0.454192, -1.000000
0.660000, 0.400000, 1.140000, 0.424000, 0.397829, -1.000000, 0.458131, -1.000000
0.660000, 0.410000, 1.130000, 0.429680, 0.400751, -1.000000, 0.462075, -1.000000
0.660000, 0.420000, 1.120000, 0.435120, 0.403680, -1.000000, 0.466024, -1.000000
0.660000, 0.430000, 1.110000, 0.440320, 0.406616, -1.000000, 0.469977, -1.000000
0.660000, 0.440000, 1.100001, 0.445280, 0.409559, -1.000000, 0.473934, -1.000000
0.660000, 0.450000, 1.090001, 0.450000, 0.412507, -1.000000, 0.474593, -1.000000
0.660000, 0.460000, 1.080001, 0.454480, 0.415426, -1.000000, 0.474820, -1.000000
0.660000, 0.470000, 1.070001, 0.458720, 0.418351, -1.000000, 0.475046, -1.000000
0.660000, 0.480000, 1.060001, 0.462720, 0.421282, -1.000000, 0.475273, -1.000000
0.660000, 0.490000, 1.050001, 0.466480, 0.424218, -1.000000, 0.475500, -1.000000
0.660000, 0.500000, 1.040001, 0.470000, 0.426680, -1.000000, 0.475727, -1.000000
0.660000, 0.510000, 1.030001, 0.473280, 0.427306, -1.000000, 0.475953, -1.000000
0.660000, 0.520000, 1.020001, 0.476320, 0.427932, -1.000000, 0.476180, -1.000000
0.660000, 0.530000, 1.010001, 0.479120, 0.428558, -1.000000, 0.476407, -1.000000
0.660000, 0.540000, 1.000001, 0.481680, 0.429184, -1.000000, 0.476634, -1.000000
0.660000, 0.550000, 0.990001, 0.484000, 0.429286, -1.000000, 0.476861, -1.000000
0.660000, 0.560000, 0.980001, 0.486080, 0.429299, -1.000000, 0.477087, -1.000000
0.660000, 0.570000, 0.970001, 0.487920, 0.429311, -1.000000, 0.477314, -1.000000
0.660000, 0.580000, 0.960001, 0.489520, 0.429324, -1.000000, 0.477541, -1.000000
0.660000, 0.590000, 0.950001, 0.490880, 0.429337, -1.000000, 0.477768, -1.000000
0.660000, 0.600000, 0.940001, 0.492000, 0.429350, -1.000000, 0.477995, -1.000000
0.660000, 0.610000, 0.930001, 0.492880, 0.429362, -1.000000, 0.478222, -1.000000
0.660000, 0.620000, 0.920001, 0.493520, 0.429375, -1.000000, 0.478449, -1.000000
0.660000, 0.630000, 0.910001, 0.493920, 0.429388, -1.000000, 0.478675, -1.000000
0.660000, 0.640000, 0.900001, 0.494080, 0.429401, -1.000000, 0.478902, -1.000000
0.660000, 0.650000, 0.890001, 0.494000, 0.429413, -1.000000, 0.479129, -1.000000
0.660000, 0.660000, 0.880001, 0.493680, 0.429426, -1.000000, 0.479356, -1.000000
0.660000, 0.670000, 0.870001, 0.493120, 0.428406, -1.000000, 0.479583, -1.000000
0.660000, 0.680000, 0.860001, 0.492320, 0.427186, -1.000000, 0.479810, -1.000000
0.660000, 0.690000, 0.850001, 0.491280, 0.425967, -1.000000, 0.480037, -1.000000
0.660000, 0.700000, 0.840001, 0.490000, 0.424749, -1.000000, 0.480264, -1.000000
0.660000, 0.710000, 0.830001, 0.488480, 0.423532, -1.000000, 0.480491, -1.000000
0.660000, 0.720000, 0.820001, 0.486720, 0.422315, -1.000000, 0.480718, -1.000000
0.660000, 0.730000, 0.810001, 0.484720, 0.421100, -1.000000, 0.480945, -1.000000
0.660000, 0.740000, 0.800001, 0.482480, 0.419885, -1.000000, 0.481172, -1.000000
0.660000, 0.750000, 0.790001, 0.480000, 0.418672, -1.000000, 0.481399, -1.000000
0.660000, 0.760000, 0.780001, 0.477280, 0.417459, -1.000000, 0.481218, -1.000000
0.660000, 0.770000, 0.770001, 0.474320, 0.416248, -1.000000, 0.478429, -1.000000
0.660000, 0.780000, 0.760001, 0.471120, 0.414555, -1.000000, 0.475642, -1.000000
0.660000, 0.790000, 0.750001, 0.467680, 0.410457, -1.000000, 0.472856, -1.000000
0.660000, 0.800000, 0.740001, 0.464000, 0.406371, -1.000000, 0.470071, -1.000000
0.660000, 0.810000, 0.730001, 0.460081, 0.402297, -1.000000, 0.467289, -1.000000
0.660000, 0.820000, 0.720001, 0.455920, 0.398238, -1.000000, 0.464509, -1.000000
0.660000, 0.830000, 0.710001, 0.451521, 0.394192, -1.000000, 0.461730, -1.000000
0.660000, 0.839999, 0.700001, 0.446881, 0.390161, -1.000000, 0.458955, -1.000000
0.660000, 0.849999, 0.690001, 0.442001, 0.386144, -1.000000, 0.456181, -1.000000
0.660000, 0.859999, 0.680001, 0.436881, 0.382143, -1.000000, 0.453411, -1.000000
0.660000, 0.869999, 0.670001, 0.431521, 0.378158, -1.000000, 0.450643, -1.000000
0.660000, 0.879999, 0.660001, 0.425921, 0.374190, -1.000000, 0.447879, -1.000000
0.660000, 0.889999, 0.650001, 0.420081, 0.370238, -1.000000, 0.445117, -1.000000
0.660000, 0.899999, 0.640001, 0.414001, 0.366304, -1.000000, 0.442359, -1.000000
0.660000, 0.909999, 0.630001, 0.407681, 0.362387, -1.000000, 0.439605, -1.000000
0.660000, 0.919999, 0.620001, 0.401121, 0.358488, -1.000000, 0.436854, -1.000000
0.660000, 0.929999, 0.610001, 0.394321, 0.354609, -1.000000, 0.434107, -1.000000
0.660000, 0.939999, 0.600001, 0.387281, 0.350748, -1.000000, 0.431364, -1.000000
0.660000, 0.949999, 0.590001, 0.380001, 0.346906, -1.000000, 0.428626, -1.000000
0.660000, 0.959999, 0.580001, 0.372481, 0.343085, -1.000000, 0.425892, -1.000000
0.660000, 0.969999, 0.570001, 0.364721, 0.339283, -1.000000, 0.423162, -1.000000
0.660000, 0.979999, 0.560001, 0.356721, 0.335503, -1.000000, 0.420437, -1.000000
0.660000, 0.989999, 0.550001, 0.348481, 0.331743, -1.000000, 0.417717, -1.000000
0.660000, 0.999999, 0.540001, 0.340001, 0.328005, -1.000000, 0.415002, -1.000000
0.670000, 0.000000, 1.530000, 0.000000, 0.221044, 0.655532, 0.277078, 0.758476
0.670000, 0.010000, 1.520000, 0.015180, 0.225895, -1.000000, 0.281587, -1.000000
0.670000, 0.020000, 1.510000, 0.030120, 0.230820, -1.000000, 0.286140, -1.000000
0.670000, 0.030000, 1.500000, 0.044820, 0.235820, -1.000000, 0.290738, -1.000000
0.670000, 0.040000, 1.490000, 0.059280, 0.240895, -1.000000, 0.295379, -1.000000
0.670000, 0.050000, 1.480000, 0.073500, 0.246043, -1.000000, 0.300062, -1.000000
0.670000, 0.060000, 1.470000, 0.087480, 0.251265, -1.000000, 0.304787, -1.000000
0.670000, 0.070000, 1.460000, 0.101220, 0.256561, -1.000000, 0.309554, -1.000000
0.670000, 0.080000, 1.450000, 0.114720, 0.261929, -1.000000, 0.314362, -1.000000
0.670000, 0.090000, 1.440000, 0.127980, 0.267368, -1.000000, 0.319210, -1.000000
0.670000, 0.100000, 1.430000, 0.141000, 0.272879, -1.000000, 0.324098, -1.000000
0.670000, 0.110000, 1.420000, 0.153780, 0.278461, -1.000000, 0.329024, -1.000000
0.670000, 0.120000, 1.410000, 0.166320, 0.284112, -1.000000, 0.333988, -1.000000
0.670000, 0.130000, 1.400000, 0.178620, 0.289831, -1.000000, 0.338989, -1.000000
0.670000, 0.140000, 1.390000, 0.190680, 0.295619, -1.000000, 0.344026, -1.000000
0.670000, 0.150000, 1.380000, 0.202500, 0.301472, -1.000000, 0.349099, -1.000000
0.670000, 0.160000, 1.370000, 0.214080, 0.307391, -1.000000, 0.354206, -1.000000
0.670000, 0.170000, 1.360000, 0.225420, 0.313374, -1.000000, 0.359347, -1.000000
0.670000, 0.180000, 1.350000, 0.236520, 0.319420, -1.000000, 0.364520, -1.000000
0.670000, 0.190000, 1.340000, 0.247380, 0.325527, -1.000000, 0.369724, -1.000000
0.670000, 0.200000, 1.330000, 0.258000, 0.331694, -1.000000, 0.374959, -1.000000
0.670000, 0.210000, 1.320000, 0.268380, 0.337210, -1.000000, 0.380223, -1.000000
0.670000, 0.220000, 1.310000, 0.278520, 0.342687, -1.000000, 0.385516, -1.000000
0.670000, 0.230000, 1.300000, 0.288420, 0.348205, -1.000000, 0.390836, -1.000000
0.670000, 0.240000, 1.290000, 0.298080, 0.352110, -1.000000, 0.396086, -1.000000
0.670000, 0.250000, 1.280000, 0.307500, 0.354894, -1.000000, 0.399890, -1.000000
0.670000, 0.260000, 1.270000, 0.316680, 0.357688, -1.000000, 0.403706, -1.000000
0.670000, 0.270000, 1.260000, 0.325620, 0.360492, -1.000000, 0.407534, -1.000000
0.670000, 0.280000, 1.250000, 0.334320, 0.363305, -1.000000, 0.411373, -1.000000
0.670000, 0.290000, 1.240000, 0.342780, 0.366128, -1.000000, 0.415223, -1.000000
0.670000, 0.300000, 1.230000, 0.351000, 0.368960, -1.000000, 0.419083, -1.000000
0.670000, 0.310000, 1.220000, 0.358980, 0.371801, -1.000000, 0.422953, -1.000000
0.670000, 0.320000, 1.210000, 0.366720, 0.374650, -1.000000, 0.426833, -1.000000
0.670000, 0.330000, 1.200000, 0.374220, 0.377509, -1.000000, 0.430721, -1.000000
0.670000, 0.340000, 1.190000, 0.381480, 0.380376, -1.000000, 0.434619, -1.000000
0.670000, 0.350000, 1.180000, 0.388500, 0.383251, -1.000000, 0.438524, -1.000000
0.670000, 0.360000, 1.170000, 0.395280, 0.386135, -1.000000, 0.442437, -1.000000
0.670000, 0.370000, 1.160000, 0.401820, 0.389027, -1.000000, 0.446357, -1.000000
0.670000, 0.380000, 1.150000, 0.408120, 0.391926, -1.000000, 0.450284, -1.000000
0.670000, 0.390000, 1.140000, 0.414180, 0.394833, -1.000000, 0.454217, -1.000000
0.670000, 0.400000, 1.130000, 0.420000, 0.397748, -1.000000, 0.458156, -1.000000
0.670000, 0.410000, 1.120000, 0.425580, 0.400670, -1.000000, 0.462100, -1.000000
0.670000, 0.420000, 1.110000, 0.430920, 0.403599, -1.000000, 0.466048, -1.000000
0.670000, 0.430000, 1.100001, 0.436020, 0.406534, -1.000000, 0.470001, -1.000000
0.670000, 0.440000, 1.090001, 0.440880, 0.409477, -1.000000, 0.473958, -1.000000
0.670000, 0.450000, 1.080001, 0.445500, 0.412426, -1.000000, 0.474549, -1.000000
0.670000, 0.460000, 1.070001, 0.449880, 0.415381, -1.000000, 0.474776, -1.000000
0.670000, 0.470000, 1.060001, 0.454020, 0.418343, -1.000000, 0.475003, -1.000000
0.670000, 0.480000, 1.050001, 0.457920, 0.421276, -1.000000, 0.475230, -1.000000
0.670000, 0.490000, 1.040001, 0.461580, 0.424213, -1.000000, 0.475456, -1.000000
0.670000, 0.500000, 1.030001, 0.465000, 0.426721, -1.000000, 0.475683, -1.000000
0.670000, 0.510000, 1.020001, 0.468180, 0.427346, -1.000000, 0.475910, -1.000000
0.670000, 0.520000, 1.010001, 0.471120, 0.427972, -1.000000, 0.476137, -1.000000
0.670000, 0.530000, 1.000001, 0.473820, 0.428598, -1.000000, 0.476364, -1.000000
0.670000, 0.540000, 0.990001, 0.476280, 0.429225, -1.000000, 0.476590, -1.000000
0.670000, 0.550000, 0.980001, 0.478500, 0.429296, -1.000000, 0.476817, -1.000000
0.670000, 0.560000, 0.970001, 0.480480, 0.429309, -1.000000, 0.477044, -1.000000
0.670000, 0.570000, 0.960001, 0.482220, 0.429322, -1.000000, 0.477271, -1.000000
0.670000, 0.580000, 0.950001, 0.483720, 0.429334, -1.000000, 0.477498, -1.000000
0.670000, 0.590000, 0.940001, 0.484980, 0.429347, -1.000000, 0.477725, -1.000000
0.670000, 0.600000, 0.930001, 0.486000, 0.429360, -1.000000, 0.477951, -1.000000
0.670000, 0.610000, 0.920001, 0.486780, 0.429373, -1.000000, 0.478178, -1.000000
0.670000, 0.620000, 0.910001, 0.487320, 0.429385, -1.000000, 0.478405, -1.000000
0.670000, 0.630000, 0.900001, 0.487620, 0.429398, -1.000000, 0.478632, -1.000000
0.670000, 0.640000, 0.890001, 0.487680, 0.429411, -1.000000, 0.478859, -1.000000
0.670000, 0.650000, 0.880001, 0.487500, 0.429424, -1.000000, 0.479086, -1.000000
0.670000, 0.660000, 0.870001, 0.487080, 0.429436, -1.000000, 0.479313, -1.000000
0.670000, 0.670000, 0.860001, 0.486420, 0.428454, -1.000000, 0.479540, -1.000000
0.670000, 0.680000, 0.850001, 0.485520, 0.427234, -1.000000, 0.479767, -1.000000
0.670000, 0.690000, 0.840001, 0.484380, 0.426015, -1.000000, 0.479994, -1.000000
0.670000, 0.700000, 0.830001, 0.483000, 0.424797, -1.000000, 0.480220, -1.000000
0.670000, 0.710000, 0.820001, 0.481380, 0.423580, -1.000000, 0.480447, -1.000000
0.670000, 0.720000, 0.810001, 0.479520, 0.422363, -1.000000, 0.480674, -1.000000
0.670000, 0.730000, 0.800001, 0.477420, 0.421148, -1.000000, 0.480901, -1.000000
0.670000, 0.740000, 0.790001, 0.475080, 0.419933, -1.000000, 0.481128, -1.000000
0.670000, 0.750000, 0.780001, 0.472500, 0.418719, -1.000000, 0.481355, -1.000000
0.670000, 0.760000, 0.770001, 0.469680, 0.417507, -1.000000, 0.481186, -1.000000
0.670000, 0.770000, 0.760001, 0.466620, 0.416295, -1.000000, 0.478397, -1.000000
0.670000, 0.780000, 0.750001, 0.463320, 0.414753, -1.000000, 0.475610, -1.000000
0.670000, 0.790000, 0.740001, 0.459780, 0.410654, -1.000000, 0.472824, -1.000000
0.670000, 0.800000, 0.730001, 0.456001, 0.406567, -1.000000, 0.470040, -1.000000
0.670000, 0.810000, 0.720001, 0.451980, 0.402493, -1.000000, 0.467257, -1.000000
0.670000, 0.820000, 0.710001, 0.447720, 0.398433, -1.000000, 0.464477, -1.000000
0.670000, 0.830000, 0.700001, 0.443221, 0.394386, -1.000000, 0.461699, -1.000000
0.670000, 0.839999, 0.690001, 0.438481, 0.390354, -1.000000, 0.458923, -1.000000
0.670000, 0.849999, 0.680001, 0.433501, 0.386337, -1.000000, 0.456150, -1.000000
0.670000, 0.859999, 0.670001, 0.428281, 0.382336, -1.000000, 0.453379, -1.000000
0.670000, 0.869999, 0.660001, 0.422821, 0.378350, -1.000000, 0.450612, -1.000000
0.670000, 0.879999, 0.650001, 0.417121, 0.374381, -1.000000, 0.447847, -1.000000
0.670000, 0.889999, 0.640001, 0.411181, 0.370428, -1.000000, 0.445086, -1.000000
0.670000, 0.899999, 0.630001, 0.405001, 0.366493, -1.000000, 0.442328, -1.000000
0.670000, 0.909999, 0.620001, 0.398581, 0.362575, -1.000000, 0.439573, -1.000000
0.670000, 0.919999, 0.610001, 0.391921, 0.358676, -1.000000, 0.436823, -1.000000
0.670000, 0.929999, 0.600001, 0.385021, 0.354795, -1.000000, 0.434076, -1.000000
0.670000, 0.939999, 0.590001, 0.377881, 0.350933, -1.000000, 0.431333, -1.000000
0.670000, 0.949999, 0.580001, 0.370501, 0.347091, -1.000000, 0.428595, -1.000000
0.670000, 0.959999, 0.570001, 0.362881, 0.343268, -1.000000, 0.425861, -1.000000
0.670000, 0.969999, 0.560001, 0.355021, 0.339466, -1.000000, 0.423131, -1.000000
0.670000, 0.979999, 0.550001, 0.346921, 0.335684, -1.000000, 0.420406, -1.000000
0.670000, 0.989999, 0.540001, 0.338581, 0.331923, -1.000000, 0.417686, -1.000000
0.670000, 0.999999, 0.530001, 0.330001, 0.328184, -1.000000, 0.414971, -1.000000
0.680000, 0.000000, 1.520000, 0.000000, 0.220942, 0.655536, 0.277058, 0.758470
0.680000, 0.010000, 1.510000, 0.015080, 0.225791, -1.000000, 0.281567, -1.000000
0.680000, 0.020000, 1.500000, 0.029920, 0.230715, -1.000000, 0.286121, -1.000000
0.680000, 0.030000, 1.490000, 0.044520, 0.235714, -1.000000, 0.290718, -1.000000
0.680000, 0.040000, 1.480000, 0.058880, 0.240787, -1.000000, 0.295358, -1.000000
0.680000, 0.050000, 1.470000, 0.073000, 0.245934, -1.000000, 0.300041, -1.000000
0.680000, 0.060000, 1.460000, 0.086880, 0.251154, -1.000000, 0.304767, -1.000000
0.680000, 0.070000, 1.450000, 0.100520, 0.256448, -1.000000, 0.309534, -1.000000
0.680000, 0.080000, 1.440000, 0.113920, 0.261814, -1.000000, 0.314341, -1.000000
0.680000, 0.090000, 1.430000, 0.127080, 0.267253, -1.000000, 0.319189, -1.000000
0.680000, 0.100000, 1.420000, 0.140000, 0.272762, -1.000000, 0.324077, -1.000000
0.680000, 0.110000, 1.410000, 0.152680, 0.278342, -1.000000, 0.329003, -1.000000
0.680000, 0.120000, 1.400000, 0.165120, 0.283992, -1.000000, 0.333966, -1.000000
0.680000, 0.130000, 1.390000, 0.177320, 0.289710, -1.000000, 0.338967, -1.000000
0.680000, 0.140000, 1.380000, 0.189280, 0.295495, -1.000000, 0.344005, -1.000000
0.680000, 0.150000, 1.370000, 0.201000, 0.301348, -1.000000, 0.349077, -1.000000
0.680000, 0.160000, 1.360000, 0.212480, 0.307265, -1.000000, 0.354184, -1.000000
0.680000, 0.170000, 1.350000, 0.223720, 0.313247, -1.000000, 0.359324, -1.000000
0.680000, 0.180000, 1.340000, 0.234720, 0.319292, -1.000000, 0.364497, -1.000000
0.680000, 0.190000, 1.330000, 0.245480, 0.325398, -1.000000, 0.369701, -1.000000
0.680000, 0.200000, 1.320000, 0.256000, 0.331563, -1.000000, 0.374936, -1.000000
0.680000, 0.210000, 1.310000, 0.266280, 0.337084, -1.000000, 0.380200, -1.000000
0.680000, 0.220000, 1.300000, 0.276320, 0.342559, -1.000000, 0.385493, -1.000000
0.680000, 0.230000, 1.290000, 0.286120, 0.348077, -1.000000, 0.390813, -1.000000
0.680000, 0.240000, 1.280000, 0.295680, 0.352033, -1.000000, 0.396109, -1.000000
0.680000, 0.250000, 1.270000, 0.305000, 0.354817, -1.000000, 0.399914, -1.000000
0.680000, 0.260000, 1.260000, 0.314080, 0.357611, -1.000000, 0.403730, -1.000000
0.680000, 0.270000, 1.250000, 0.322920, 0.360414, -1.000000, 0.407558, -1.000000
0.680000, 0.280000, 1.240000, 0.331520, 0.363227, -1.000000, 0.411397, -1.000000
0.680000, 0.290000, 1.230000, 0.339880, 0.366049, -1.000000, 0.415247, -1.000000
0.680000, 0.300000, 1.220000, 0.348000, 0.368881, -1.000000, 0.419107, -1.000000
0.680000, 0.310000, 1.210000, 0.355880, 0.371722, -1.000000, 0.422977, -1.000000
0.680000, 0.320000, 1.200000, 0.363520, 0.374571, -1.000000, 0.426857, -1.000000
0.680000, 0.330000, 1.190000, 0.370920, 0.377430, -1.000000, 0.430746, -1.000000
0.680000, 0.340000, 1.180000, 0.378080, 0.380296, -1.000000, 0.434643, -1.000000
0.680000, 0.350000, 1.170000, 0.385000, 0.383172, -1.000000, 0.438548, -1.000000
0.680000, 0.360000, 1.160000, 0.391680, 0.386055, -1.000000, 0.442461, -1.000000
0.680000, 0.370000, 1.150000, 0.398120, 0.388946, -1.000000, 0.446382, -1.000000
0.680000, 0.380000, 1.140000, 0.404320, 0.391846, -1.000000, 0.450309, -1.000000
0.680000, 0.390000, 1.130000, 0.410280, 0.394753, -1.000000, 0.454242, -1.000000
0.680000, 0.400000, 1.120000, 0.416000, 0.397667, -1.000000, 0.458180, -1.000000
0.680000, 0.410000, 1.110000, 0.421480, 0.400589, -1.000000, 0.462124, -1.000000
0.680000, 0.420000, 1.100001, 0.426720, 0.403517, -1.000000, 0.466073, -1.000000
0.680000, 0.430000, 1.090001, 0.431720, 0.406453, -1.000000, 0.470026, -1.000000
0.680000, 0.440000, 1.080001, 0.436480, 0.409395, -1.000000, 0.473983, -1.000000
0.680000, 0.450000, 1.070001, 0.441000, 0.412344, -1.000000, 0.474506, -1.000000
0.680000, 0.460000, 1.060001, 0.445280, 0.415299, -1.000000, 0.474733, -1.000000
0.680000, 0.470000, 1.050001, 0.449320, 0.418260, -1.000000, 0.474959, -1.000000
0.680000, 0.480000, 1.040001, 0.453120, 0.421228, -1.000000, 0.475186, -1.000000
0.680000, 0.490000, 1.030001, 0.456680, 0.424200, -1.000000, 0.475413, -1.000000
0.680000, 0.500000, 1.020001, 0.460000, 0.426761, -1.000000, 0.475640, -1.000000
0.680000, 0.510000, 1.010001, 0.463080, 0.427387, -1.000000, 0.475866, -1.000000
0.680000, 0.520000, 1.000001, 0.465920, 0.428013, -1.000000, 0.476093, -1.000000
0.680000, 0.530000, 0.990001, 0.468520, 0.428639, -1.000000, 0.476320, -1.000000
0.680000, 0.540000, 0.980001, 0.470880, 0.429265, -1.000000, 0.476547, -1.000000
0.680000, 0.550000, 0.970001, 0.473000, 0.429306, -1.000000, 0.476774, -1.000000
0.680000, 0.560000, 0.960001, 0.474880, 0.429319, -1.000000, 0.477001, -1.000000
0.680000, 0.570000, 0.950001, 0.476520, 0.429332, -1.000000, 0.477227, -1.000000
0.680000, 0.580000, 0.940001, 0.477920, 0.429344, -1.000000, 0.477454, -1.000000
0.680000, 0.590000, 0.930001, 0.479080, 0.429357, -1.000000, 0.477681, -1.000000
0.680000, 0.600000, 0.920001, 0.480000, 0.429370, -1.000000, 0.477908, -1.000000
0.680000, 0.610000, 0.910001, 0.480680, 0.429383, -1.000000, 0.478135, -1.000000
0.680000, 0.620000, 0.900001, 0.481120, 0.429396, -1.000000, 0.478362, -1.000000
0.680000, 0.630000, 0.890001, 0.481320, 0.429408, -1.000000, 0.478589, -1.000000
0.680000, 0.640000, 0.880001, 0.481280, 0.429421, -1.000000, 0.478815, -1.000000
0.680000, 0.650000, 0.870001, 0.481000, 0.429434, -1.000000, 0.479042, -1.000000
0.680000, 0.660000, 0.860001, 0.480480, 0.429447, -1.000000, 0.479269, -1.000000
0.680000, 0.670000, 0.850001, 0.479720, 0.428503, -1.000000, 0.479496, -1.000000
0.680000, 0.680000, 0.840001, 0.478720, 0.427282, -1.000000, 0.479723, -1.000000
0.680000, 0.690000, 0.830001, 0.477480, 0.426063, -1.000000, 0.479950, -1.000000
0.680000, 0.700000, 0.820001, 0.476000, 0.424845, -1.000000, 0.480177, -1.000000
0.680000, 0.710000, 0.810001, 0.474280, 0.423628, -1.000000, 0.480404, -1.000000
0.680000, 0.720000, 0.800001, 0.472320, 0.422411, -1.000000, 0.480631, -1.000000
0.680000, 0.730000, 0.790001, 0.470120, 0.421196, -1.000000, 0.480858, -1.000000
0.680000, 0.740000, 0.780001, 0.467680, 0.419981, -1.000000, 0.481085, -1.000000
0.680000, 0.750000, 0.770001, 0.465000, 0.418767, -1.000000, 0.481312, -1.000000
0.680000, 0.760000, 0.760001, 0.462080, 0.417555, -1.000000, 0.481154, -1.000000
0.680000, 0.770000, 0.750001, 0.458920, 0.416343, -1.000000, 0.478366, -1.000000
0.680000, 0.780000, 0.740001, 0.455520, 0.414950, -1.000000, 0.475578, -1.000000
0.680000, 0.790000, 0.730001, 0.451880, 0.410851, -1.000000, 0.472792, -1.000000
0.680000, 0.800000, 0.720001, 0.448000, 0.406763, -1.000000, 0.470008, -1.000000
0.680000, 0.810000, 0.710001, 0.443880, 0.402689, -1.000000, 0.467226, -1.000000
0.680000, 0.820000, 0.700001, 0.439521, 0.398628, -1.000000, 0.464445, -1.000000
0.680000, 0.830000, 0.690001, 0.434921, 0.394581, -1.000000, 0.461667, -1.000000
0.680000, 0.839999, 0.680001, 0.430081, 0.390548, -1.000000, 0.458891, -1.000000
0.680000, 0.849999, 0.670001, 0.425001, 0.386530, -1.000000, 0.456118, -1.000000
0.680000, 0.859999, 0.660001, 0.419681, 0.382528, -1.000000, 0.453348, -1.000000
0.680000, 0.869999, 0.650001, 0.414121, 0.378541, -1.000000, 0.450580, -1.000000
0.680000, 0.879999, 0.640001, 0.408321, 0.374571, -1.000000, 0.447816, -1.000000
0.680000, 0.889999, 0.630001, 0.402281, 0.370618, -1.000000, 0.445054, -1.000000
0.680000, 0.899999, 0.620001, 0.396001, 0.366682, -1.000000, 0.442297, -1.000000
0.680000, 0.909999, 0.610001, 0.389481, 0.362763, -1.000000, 0.439542, -1.000000
0.680000, 0.919999, 0.600001, 0.382721, 0.358863, -1.000000, 0.436792, -1.000000
0.680000, 0.929999, 0.590001, 0.375721, 0.354981, -1.000000, 0.434045, -1.000000
0.680000, 0.939999, 0.580001, 0.368481, 0.351119, -1.000000, 0.431302, -1.000000
0.680000, 0.949999, 0.570001, 0.361001, 0.347275, -1.000000, 0.428564, -1.000000
0.680000, 0.959999, 0.560001, 0.353281, 0.343452, -1.000000, 0.425829, -1.000000
0.680000, 0.969999, 0.550001, 0.345321, 0.339648, -1.000000, 0.423100, -1.000000
0.680000, 0.979999, 0.540001, 0.337121, 0.335866, -1.000000, 0.420375, -1.000000
0.680000, 0.989999, 0.530001, 0.328681, 0.332104, -1.000000, 0.417655, -1.000000
0.680000, 0.999999, 0.520001, 0.320001, 0.328363, -1.000000, 0.414940, -1.000000
0.690000, 0.000000, 1.510000, 0.000000, 0.220840, 0.655541, 0.277039, 0.758464
0.690000, 0.010000, 1.500000, 0.014980, 0.225688, -1.000000, 0.281548, -1.000000
0.690000, 0.020000, 1.490000, 0.029720, 0.230610, -1.000000, 0.286101, -1.000000
0.690000, 0.030000, 1.480000, 0.044220, 0.235607, -1.000000, 0.290698, -1.000000
0.690000, 0.040000, 1.470000, 0.058480, 0.240678, -1.000000, 0.295338, -1.000000
0.690000, 0.050000, 1.460000, 0.072500, 0.245824, -1.000000, 0.300021, -1.000000
0.690000, 0.060000, 1.450000, 0.086280, 0.251043, -1.000000, 0.304746, -1.000000
0.690000, 0.070000, 1.440000, 0.099820, 0.256335, -1.000000, 0.309513, -1.000000
0.690000, 0.080000, 1.430000, 0.113120, 0.261700, -1.000000, 0.314320, -1.000000
0.690000, 0.090000, 1.420000, 0.126180, 0.267137, -1.000000, 0.319168, -1.000000
0.690000, 0.100000, 1.410000, 0.139000, 0.272645, -1.000000, 0.324055, -1.000000
0.690000, 0.110000, 1.400000, 0.151580, 0.278223, -1.000000, 0.328981, -1.000000
0.690000, 0.120000, 1.390000, 0.163920, 0.283871, -1.000000, 0.333945, -1.000000
0.690000, 0.130000, 1.380000, 0.176020, 0.289588, -1.000000, 0.338946, -1.000000
0.690000, 0.140000, 1.370000, 0.187880, 0.295372, -1.000000, 0.343983, -1.000000
0.690000, 0.150000, 1.360000, 0.199500, 0.301223, -1.000000, 0.349055, -1.000000
0.690000, 0.160000, 1.350000, 0.210880, 0.307139, -1.000000, 0.354162, -1.000000
0.690000, 0.170000, 1.340000, 0.222020, 0.313120, -1.000000, 0.359302, -1.000000
0.690000, 0.180000, 1.330000, 0.232920, 0.319163, -1.000000, 0.364474, -1.000000
0.690000, 0.190000, 1.320000, 0.243580, 0.325268, -1.000000, 0.369679, -1.000000
0.690000, 0.200000, 1.310000, 0.254000, 0.331432, -1.000000, 0.374913, -1.000000
0.690000, 0.210000, 1.300000, 0.264180, 0.336957, -1.000000, 0.380177, -1.000000
0.690000, 0.220000, 1.290000, 0.274120, 0.342432, -1.000000, 0.385470, -1.000000
0.690000, 0.230000, 1.280000, 0.283820, 0.347949, -1.000000, 0.390789, -1.000000
0.690000, 0.240000, 1.270000, 0.293280, 0.351956, -1.000000, 0.396133, -1.000000
0.690000, 0.250000, 1.260000, 0.302500, 0.354740, -1.000000, 0.399937, -1.000000
0.690000, 0.260000, 1.250000, 0.311480, 0.357533, -1.000000, 0.403754, -1.000000
0.690000, 0.270000, 1.240000, 0.320220, 0.360336, -1.000000, 0.407582, -1.000000
0.690000, 0.280000, 1.230000, 0.328720, 0.363149, -1.000000, 0.411421, -1.000000
0.690000, 0.290000, 1.220000, 0.336980, 0.365971, -1.000000, 0.415271, -1.000000
0.690000, 0.300000, 1.210000, 0.345000, 0.368802, -1.000000, 0.419131, -1.000000
0.690000, 0.310000, 1.200000, 0.352780, 0.371643, -1.000000, 0.423001, -1.000000
0.690000, 0.320000, 1.190000, 0.360320, 0.374492, -1.000000, 0.426881, -1.000000
0.690000, 0.330000, 1.180000, 0.367620, 0.377350, -1.000000, 0.430770, -1.000000
0.690000, 0.340000, 1.170000, 0.374680, 0.380217, -1.000000, 0.434667, -1.000000
0.690000, 0.350000, 1.160000, 0.381500, 0.383092, -1.000000, 0.438573, -1.000000
0.690000, 0.360000, 1.150000, 0.388080, 0.385975, -1.000000, 0.442486, -1.000000
0.690000, 0.370000, 1.140000, 0.394420, 0.388866, -1.000000, 0.446406, -1.000000
0.690000, 0.380000, 1.130000, 0.400520, 0.391765, -1.000000, 0.450333, -1.000000
0.690000, 0.390000, 1.120000, 0.406380, 0.394672, -1.000000, 0.454266, -1.000000
0.690000, 0.400000, 1.110000, 0.412000, 0.397586, -1.000000, 0.458205, -1.000000
0.690000, 0.410000, 1.100001, 0.417380, 0.400508, -1.000000, 0.462149, -1.000000
0.690000, 0.420000, 1.090001, 0.422520, 0.403436, -1.000000, 0.466098, -1.000000
0.690000, 0.430000, 1.080001, 0.427420, 0.406372, -1.000000, 0.470051, -1.000000
0.690000, 0.440000, 1.070001, 0.432080, 0.409314, -1.000000, 0.474008, -1.000000
0.690000, 0.450000, 1.060001, 0.436500, 0.412262, -1.000000, 0.474463, -1.000000
0.690000, 0.460000, 1.050001, 0.440680, 0.415217, -1.000000, 0.474689, -1.000000
0.690000, 0.470000, 1.040001, 0.444620, 0.418178, -1.000000, 0.474916, -1.000000
0.690000, 0.480000, 1.030001, 0.448320, 0.421145, -1.000000, 0.475143, -1.000000
0.690000, 0.490000, 1.020001, 0.451780, 0.424118, -1.000000, 0.475370, -1.000000
0.690000, 0.500000, 1.010001, 0.455000, 0.426755, -1.000000, 0.475596, -1.000000
0.690000, 0.510000, 1.000001, 0.457980, 0.427417, -1.000000, 0.475823, -1.000000
0.690000, 0.520000, 0.990001, 0.460720, 0.428054, -1.000000, 0.476050, -1.000000
0.690000, 0.530000, 0.980001, 0.463220, 0.428680, -1.000000, 0.476277, -1.000000
0.690000, 0.540000, 0.970001, 0.465480, 0.429304, -1.000000, 0.476503, -1.000000
0.690000, 0.550000, 0.960001, 0.467500, 0.429316, -1.000000, 0.476730, -1.000000
0.690000, 0.560000, 0.950001, 0.469280, 0.429329, -1.000000, 0.476957, -1.000000
0.690000, 0.570000, 0.940001, 0.470820, 0.429342, -1.000000, 0.477184, -1.000000
0.690000, 0.580000, 0.930001, 0.472120, 0.429355, -1.000000, 0.477411, -1.000000
0.690000, 0.590000, 0.920001, 0.473180, 0.429367, -1.000000, 0.477638, -1.000000
0.690000, 0.600000, 0.910001, 0.474000, 0.429380, -1.000000, 0.477864, -1.000000
0.690000, 0.610000, 0.900001, 0.474580, 0.429393, -1.000000, 0.478091, -1.000000
0.690000, 0.620000, 0.890001, 0.474920, 0.429406, -1.000000, 0.478318, -1.000000
0.690000, 0.630000, 0.880001, 0.475020, 0.429419, -1.000000, 0.478545, -1.000000
0.690000, 0.640000, 0.870001, 0.474880, 0.429431, -1.000000, 0.478772, -1.000000
0.690000, 0.650000, 0.860001, 0.474500, 0.429444, -1.000000, 0.478999, -1.000000
0.690000, 0.660000, 0.850001, 0.473880, 0.429457, -1.000000, 0.479226, -1.000000
0.690000, 0.670000, 0.840001, 0.473020, 0.428551, -1.000000, 0.479453, -1.000000
0.690000, 0.680000, 0.830001, 0.471920, 0.427331, -1.000000, 0.479680, -1.000000
0.690000, 0.690000, 0.820001, 0.470580, 0.426111, -1.000000, 0.479907, -1.000000
0.690000, 0.700000, 0.810001, 0.469000, 0.424893, -1.000000, 0.480133, -1.000000
0.690000, 0.710000, 0.800001, 0.467180, 0.423676, -1.000000, 0.480360, -1.000000
0.690000, 0.720000, 0.790001, 0.465120, 0.422459, -1.000000, 0.480587, -1.000000
0.690000, 0.730000, 0.780001, 0.462820, 0.421243, -1.000000, 0.480814, -1.000000
0.690000, 0.740000, 0.770001, 0.460280, 0.420029, -1.000000, 0.481041, -1.000000
0.690000, 0.750000, 0.760001, 0.457500, 0.418815, -1.000000, 0.481268, -1.000000
0.690000, 0.760000, 0.750001, 0.454480, 0.417602, -1.000000, 0.481123, -1.000000
0.690000, 0.770000, 0.740001, 0.451220, 0.416391, -1.000000, 0.478334, -1.000000
0.690000, 0.780000, 0.730001, 0.447720, 0.415148, -1.000000, 0.475546, -1.000000
0.690000, 0.790000, 0.720001, 0.443980, 0.411048, -1.000000, 0.472760, -1.000000
0.690000, 0.800000, 0.710001, 0.440001, 0.406960, -1.000000, 0.469976, -1.000000
0.690000, 0.810000, 0.700001, 0.435781, 0.402885, -1.000000, 0.467194, -1.000000
0.690000, 0.820000, 0.690001, 0.431321, 0.398823, -1.000000, 0.464414, -1.000000
0.690000, 0.830000, 0.680001, 0.426621, 0.394775, -1.000000, 0.461636, -1.000000
0.690000, 0.839999, 0.670001, 0.421681, 0.390742, -1.000000, 0.458860, -1.000000
0.690000, 0.849999, 0.660001, 0.416501, 0.386723, -1.000000, 0.456087, -1.000000
0.690000, 0.859999, 0.650001, 0.411081, 0.382720, -1.000000, 0.453316, -1.000000
0.690000, 0.869999, 0.640001, 0.405421, 0.378733, -1.000000, 0.450549, -1.000000
0.690000, 0.879999, 0.630001, 0.399521, 0.374762, -1.000000, 0.447784, -1.000000
0.690000, 0.889999, 0.620001, 0.393381, 0.370808, -1.000000, 0.445023, -1.000000
0.690000, 0.899999, 0.610001, 0.387001, 0.366871, -1.000000, 0.442265, -1.000000
0.690000, 0.909999, 0.600001, 0.380381, 0.362951, -1.000000, 0.439511, -1.000000
0.690000, 0.919999, 0.590001, 0.373521, 0.359050, -1.000000, 0.436760, -1.000000
0.690000, 0.929999, 0.580001, 0.366421, 0.355168, -1.000000, 0.434014, -1.000000
0.690000, 0.939999, 0.570001, 0.359081, 0.351304, -1.000000, 0.431271, -1.000000
0.690000, 0.949999, 0.560001, 0.351501, 0.347460, -1.000000, 0.428532, -1.000000
0.690000, 0.959999, 0.550001, 0.343681, 0.343635, -1.000000, 0.425798, -1.000000
0.690000, 0.969999, 0.540001, 0.335621, 0.339831, -1.000000, 0.423069, -1.000000
0.690000, 0.979999, 0.530001, 0.327321, 0.336047, -1.000000, 0.420344, -1.000000
0.690000, 0.989999, 0.520001, 0.318781, 0.332285, -1.000000, 0.417624, -1.000000
0.690000, 0.999999, 0.510001, 0.310001, 0.328543, -1.000000, 0.414909, -1.000000
0.700000, 0.000000, 1.500000, 0.000000, 0.220739, 0.655546, 0.277019, 0.758458
0.700000, 0.010000, 1.490000, 0.014880, 0.225584, -1.000000, 0.281528, -1.000000
0.700000, 0.020000, 1.480000, 0.029520, 0.230505, -1.000000, 0.286081, -1.000000
0.700000, 0.030000, 1.470001, 0.043920, 0.235500, -1.000000, 0.290678, -1.000000
0.700000, 0.040000, 1.460000, 0.058080, 0.240570, -1.000000, 0.295318, -1.000000
0.700000, 0.050000, 1.450000, 0.072000, 0.245714, -1.000000, 0.300001, -1.000000
0.700000, 0.060000, 1.440000, 0.085680, 0.250932, -1.000000, 0.304726, -1.000000
0.700000, 0.070000, 1.430000, 0.099120, 0.256222, -1.000000, 0.309492, -1.000000
0.700000, 0.080000, 1.420000, 0.112320, 0.261586, -1.000000, 0.314299, -1.000000
0.700000, 0.090000, 1.410000, 0.125280, 0.267021, -1.000000, 0.319147, -1.000000
0.700000, 0.100000, 1.400000, 0.138000, 0.272527, -1.000000, 0.324034, -1.000000
0.700000, 0.110000, 1.390000, 0.150480, 0.278104, -1.000000, 0.328960, -1.000000
0.700000, 0.120000, 1.380000, 0.162720, 0.283751, -1.000000, 0.333923, -1.000000
0.700000, 0.130000, 1.370000, 0.174720, 0.289466, -1.000000, 0.338924, -1.000000
0.700000, 0.140000, 1.360000, 0.186480, 0.295249, -1.000000, 0.343961, -1.000000
0.700000, 0.150000, 1.350000, 0.198000, 0.301099, -1.000000, 0.349033, -1.000000
0.700000, 0.160000, 1.340000, 0.209280, 0.307014, -1.000000, 0.354139, -1.000000
0.700000, 0.170000, 1.330000, 0.220320, 0.312993, -1.000000, 0.359279, -1.000000
0.700000, 0.180000, 1.320000, 0.231120, 0.319034, -1.000000, 0.364452, -1.000000
0.700000, 0.190000, 1.310000, 0.241680, 0.325138, -1.000000, 0.369656, -1.000000
0.700000, 0.200000, 1.300000, 0.252000, 0.331301, -1.000000, 0.374890, -1.000000
0.700000, 0.210000, 1.290000, 0.262080, 0.336831, -1.000000, 0.380155, -1.000000
0.700000, 0.220000, 1.280000, 0.271920, 0.342304, -1.000000, 0.385447, -1.000000
0.700000, 0.230000, 1.270000, 0.281520, 0.347820, -1.000000, 0.390766, -1.000000
0.700000, 0.240000, 1.260000, 0.290880, 0.351879, -1.000000, 0.396112, -1.000000
0.700000, 0.250000, 1.250000, 0.300000, 0.354662, -1.000000, 0.399961, -1.000000
0.700000, 0.260000, 1.240000, 0.308880, 0.357455, -1.000000, 0.403777, -1.000000
0.700000, 0.270000, 1.230000, 0.317520, 0.360258, -1.000000, 0.407606, -1.000000
0.700000, 0.280000, 1.220000, 0.325920, 0.363071, -1.000000, 0.411445, -1.000000
0.700000, 0.290000, 1.210000, 0.334080, 0.365893, -1.000000, 0.415295, -1.000000
0.700000, 0.300000, 1.200000, 0.342000, 0.368724, -1.000000, 0.419155, -1.000000
0.700000, 0.310000, 1.190000, 0.349680, 0.371564, -1.000000, 0.423026, -1.000000
0.700000, 0.320000, 1.180000, 0.357120, 0.374413, -1.000000, 0.426906, -1.000000
0.700000, 0.330000, 1.170000, 0.364320, 0.377271, -1.000000, 0.430794, -1.000000
0.700000, 0.340000, 1.160000, 0.371280, 0.380137, -1.000000, 0.434692, -1.000000
0.700000, 0.350000, 1.150000, 0.378000, 0.383012, -1.000000, 0.438597, -1.000000
0.700000, 0.360000, 1.140000, 0.384480, 0.385895, -1.000000, 0.442510, -1.000000
0.700000, 0.370000, 1.130000, 0.390720, 0.388786, -1.000000, 0.446431, -1.000000
0.700000, 0.380000, 1.120000, 0.396720, 0.391685, -1.000000, 0.450358, -1.000000
0.700000, 0.390000, 1.110000, 0.402480, 0.394591, -1.000000, 0.454291, -1.000000
0.700000, 0.400000, 1.100001, 0.408000, 0.397505, -1.000000, 0.458230, -1.000000
0.700000, 0.410000, 1.090001, 0.413280, 0.400426, -1.000000, 0.462174, -1.000000
0.700000, 0.420000, 1.080001, 0.418320, 0.403355, -1.000000, 0.466122, -1.000000
0.700000, 0.430000, 1.070001, 0.423120, 0.406290, -1.000000, 0.470076, -1.000000
0.700000, 0.440000, 1.060001, 0.427680, 0.409232, -1.000000, 0.474032, -1.000000
0.700000, 0.450000, 1.050001, 0.432000, 0.412180, -1.000000, 0.474419, -1.000000
0.700000, 0.460000, 1.040001, 0.436080, 0.415135, -1.000000, 0.474646, -1.000000
0.700000, 0.470000, 1.030001, 0.439920, 0.418096, -1.000000, 0.474873, -1.000000
0.700000, 0.480000, 1.020001, 0.443520, 0.421063, -1.000000, 0.475099, -1.000000
0.700000, 0.490000, 1.010001, 0.446880, 0.424036, -1.000000, 0.475326, -1.000000
0.700000, 0.500000, 1.000001, 0.450000, 0.426718, -1.000000, 0.475553, -1.000000
0.700000, 0.510000, 0.990001, 0.452880, 0.427381, -1.000000, 0.475780, -1.000000
0.700000, 0.520000, 0.980001, 0.455520, 0.428043, -1.000000, 0.476006, -1.000000
0.700000, 0.530000, 0.970001, 0.457920, 0.428706, -1.000000, 0.476233, -1.000000
0.700000, 0.540000, 0.960001, 0.460080, 0.429314, -1.000000, 0.476460, -1.000000
0.700000, 0.550000, 0.950001, 0.462000, 0.429327, -1.000000, 0.476687, -1.000000
0.700000, 0.560000, 0.940001, 0.463680, 0.429339, -1.000000, 0.476914, -1.000000
0.700000, 0.570000, 0.930001, 0.465120, 0.429352, -1.000000, 0.477140, -1.000000
0.700000, 0.580000, 0.920001, 0.466320, 0.429365, -1.000000, 0.477367, -1.000000
0.700000, 0.590000, 0.910001, 0.467280, 0.429378, -1.000000, 0.477594, -1.000000
0.700000, 0.600000, 0.900001, 0.468000, 0.429390, -1.000000, 0.477821, -1.000000
0.700000, 0.610000, 0.890001, 0.468480, 0.429403, -1.000000, 0.478048, -1.000000
0.700000, 0.620000, 0.880001, 0.468720, 0.429416, -1.000000, 0.478275, -1.000000
0.700000, 0.630000, 0.870001, 0.468720, 0.429429, -1.000000, 0.478502, -1.000000
0.700000, 0.640000, 0.860001, 0.468480, 0.429441, -1.000000, 0.478728, -1.000000
0.700000, 0.650000, 0.850001, 0.468000, 0.429454, -1.000000, 0.478955, -1.000000
0.700000, 0.660000, 0.840001, 0.467280, 0.429467, -1.000000, 0.479182, -1.000000
0.700000, 0.670000, 0.830001, 0.466320, 0.428599, -1.000000, 0.479409, -1.000000
0.700000, 0.680000, 0.820001, 0.465120, 0.427379, -1.000000, 0.479636, -1.000000
0.700000, 0.690000, 0.810001, 0.463680, 0.426159, -1.000000, 0.479863, -1.000000
0.700000, 0.700000, 0.800001, 0.462000, 0.424941, -1.000000, 0.480090, -1.000000
0.700000, 0.710000, 0.790001, 0.460080, 0.423723, -1.000000, 0.480317, -1.000000
0.700000, 0.720000, 0.780001, 0.457920, 0.422507, -1.000000, 0.480544, -1.000000
0.700000, 0.730000, 0.770001, 0.455520, 0.421291, -1.000000, 0.480771, -1.000000
0.700000, 0.740000, 0.760001, 0.452880, 0.420077, -1.000000, 0.480998, -1.000000
0.700000, 0.750000, 0.750001, 0.450000, 0.418863, -1.000000, 0.481225, -1.000000
0.700000, 0.760000, 0.740001, 0.446880, 0.417650, -1.000000, 0.481091, -1.000000
0.700000, 0.770000, 0.730001, 0.443520, 0.416439, -1.000000, 0.478302, -1.000000
0.700000, 0.780000, 0.720001, 0.439920, 0.415228, -1.000000, 0.475515, -1.000000
0.700000, 0.790000, 0.710001, 0.436081, 0.411245, -1.000000, 0.472729, -1.000000
0.700000, 0.800000, 0.700001, 0.432001, 0.407156, -1.000000, 0.469945, -1.000000
0.700000, 0.810000, 0.690001, 0.427681, 0.403081, -1.000000, 0.467162, -1.000000
0.700000, 0.820000, 0.680001, 0.423121, 0.399018, -1.000000, 0.464382, -1.000000
0.700000, 0.830000, 0.670001, 0.418321, 0.394970, -1.000000, 0.461604, -1.000000
0.700000, 0.839999, 0.660001, 0.413281, 0.390936, -1.000000, 0.458828, -1.000000
0.700000, 0.849999, 0.650001, 0.408001, 0.386916, -1.000000, 0.456055, -1.000000
0.700000, 0.859999, 0.640001, 0.402481, 0.382912, -1.000000, 0.453285, -1.000000
0.700000, 0.869999, 0.630001, 0.396721, 0.378924, -1.000000, 0.450517, -1.000000
0.700000, 0.879999, 0.620001, 0.390721, 0.374953, -1.000000, 0.447753, -1.000000
0.700000, 0.889999, 0.610001, 0.384481, 0.370998, -1.000000, 0.444992, -1.000000
0.700000, 0.899999, 0.600001, 0.378001, 0.367060, -1.000000, 0.442234, -1.000000
0.700000, 0.909999, 0.590001, 0.371281, 0.363140, -1.000000, 0.439480, -1.000000
0.700000, 0.919999, 0.580001, 0.364321, 0.359238, -1.000000, 0.436729, -1.000000
0.700000, 0.929999, 0.570001, 0.357121, 0.355354, -1.000000, 0.433982, -1.000000
0.700000, 0.939999, 0.560001, 0.349681, 0.351490, -1.000000, 0.431240, -1.000000
0.700000, 0.949999, 0.550001, 0.342001, 0.347644, -1.000000, 0.428501, -1.000000
0.700000, 0.959999, 0.540001, 0.334081, 0.343819, -1.000000, 0.425767, -1.000000
0.700000, 0.969999, 0.530001, 0.325921, 0.340014, -1.000000, 0.423038, -1.000000
0.700000, 0.979999, 0.520001, 0.317521, 0.336229, -1.000000, 0.420313, -1.000000
0.700000, 0.989999, 0.510001, 0.308881, 0.332465, -1.000000, 0.417593, -1.000000
0.700000, 0.999999, 0.500001, 0.300001, 0.328723, -1.000000, 0.414878, -1.000000
0.710000, 0.000000, 1.490000, 0.000000, 0.220637, 0.655550, 0.277000, 0.758452
0.710000, 0.010000, 1.480000, 0.014780, 0.225481, -1.000000, 0.281508, -1.000000
0.710000, 0.020000, 1.470001, 0.029320, 0.230400, -1.000000, 0.286061, -1.000000
0.710000, 0.030000, 1.460001, 0.043620, 0.235394, -1.000000, 0.290658, -1.000000
0.710000, 0.040000, 1.450000, 0.057680, 0.240462, -1.000000, 0.295297, -1.000000
0.710000, 0.050000, 1.440000, 0.071500, 0.245605, -1.000000, 0.299980, -1.000000
0.710000, 0.060000, 1.430000, 0.085080, 0.250821, -1.000000, 0.304705, -1.000000
0.710000, 0.070000, 1.420000, 0.098420, 0.256110, -1.000000, 0.309471, -1.000000
0.710000, 0.080000, 1.410000, 0.111520, 0.261471, -1.000000, 0.314279, -1.000000
0.710000, 0.090000, 1.400000, 0.124380, 0.266905, -1.000000, 0.319126, -1.000000
0.710000, 0.100000, 1.390000, 0.137000, 0.272410, -1.000000, 0.324013, -1.000000
0.710000, 0.110000, 1.380000, 0.149380, 0.277986, -1.000000, 0.328938, -1.000000
0.710000, 0.120000, 1.370000, 0.161520, 0.283631, -1.000000, 0.333902, -1.000000
0.710000, 0.130000, 1.360000, 0.173420, 0.289345, -1.000000, 0.338902, -1.000000
0.710000, 0.140000, 1.350000, 0.185080, 0.295126, -1.000000, 0.343939, -1.000000
0.710000, 0.150000, 1.340000, 0.196500, 0.300974, -1.000000, 0.349011, -1.000000
0.710000, 0.160000, 1.330000, 0.207680, 0.306888, -1.000000, 0.354117, -1.000000
0.710000, 0.170000, 1.320000, 0.218620, 0.312865, -1.000000, 0.359257, -1.000000
0.710000, 0.180000, 1.310000, 0.229320, 0.318906, -1.000000, 0.364429, -1.000000
0.710000, 0.190000, 1.300000, 0.239780, 0.325008, -1.000000, 0.369633, -1.000000
0.710000, 0.200000, 1.290000, 0.250000, 0.331170, -1.000000, 0.374868, -1.000000
0.710000, 0.210000, 1.280000, 0.259980, 0.336705, -1.000000, 0.380132, -1.000000
0.710000, 0.220000, 1.270000, 0.269720, 0.342177, -1.000000, 0.385424, -1.000000
0.710000, 0.230000, 1.260000, 0.279220, 0.347692, -1.000000, 0.390743, -1.000000
0.710000, 0.240000, 1.250000, 0.288480, 0.351802, -1.000000, 0.396089, -1.000000
0.710000, 0.250000, 1.240000, 0.297500, 0.354585, -1.000000, 0.399985, -1.000000
0.710000, 0.260000, 1.230000, 0.306280, 0.357378, -1.000000, 0.403801, -1.000000
0.710000, 0.270000, 1.220000, 0.314820, 0.360180, -1.000000, 0.407629, -1.000000
0.710000, 0.280000, 1.210000, 0.323120, 0.362993, -1.000000, 0.411469, -1.000000
0.710000, 0.290000, 1.200000, 0.331180, 0.365814, -1.000000, 0.415319, -1.000000
0.710000, 0.300000, 1.190000, 0.339000, 0.368645, -1.000000, 0.419179, -1.000000
0.710000, 0.310000, 1.180000, 0.346580, 0.371485, -1.000000, 0.423050, -1.000000
0.710000, 0.320000, 1.170000, 0.353920, 0.374334, -1.000000, 0.426930, -1.000000
0.710000, 0.330000, 1.160000, 0.361020, 0.377192, -1.000000, 0.430819, -1.000000
0.710000, 0.340000, 1.150000, 0.367880, 0.380058, -1.000000, 0.434716, -1.000000
0.710000, 0.350000, 1.140000, 0.374500, 0.382932, -1.000000, 0.438622, -1.000000
0.710000, 0.360000, 1.130000, 0.380880, 0.385815, -1.000000, 0.442535, -1.000000
0.710000, 0.370000, 1.120000, 0.387020, 0.388706, -1.000000, 0.446455, -1.000000
0.710000, 0.380000, 1.110000, 0.392920, 0.391604, -1.000000, 0.450382, -1.000000
0.710000, 0.390000, 1.100001, 0.398580, 0.394511, -1.000000, 0.454315, -1.000000
0.710000, 0.400000, 1.090001, 0.404000, 0.397424, -1.000000, 0.458254, -1.000000
0.710000, 0.410000, 1.080001, 0.409180, 0.400345, -1.000000, 0.462198, -1.000000
0.710000, 0.420000, 1.070001, 0.414120, 0.403273, -1.000000, 0.466147, -1.000000
0.710000, 0.430000, 1.060001, 0.418820, 0.406209, -1.000000, 0.470100, -1.000000
0.710000, 0.440000, 1.050001, 0.423280, 0.409150, -1.000000, 0.474057, -1.000000
0.710000, 0.450000, 1.040001, 0.427500, 0.412099, -1.000000, 0.474376, -1.000000
0.710000, 0.460000, 1.030001, 0.431480, 0.415053, -1.000000, 0.474602, -1.000000
0.710000, 0.470000, 1.020001, 0.435220, 0.418014, -1.000000, 0.474829, -1.000000
0.710000, 0.480000, 1.010001, 0.438720, 0.420981, -1.000000, 0.475056, -1.000000
0.710000, 0.490000, 1.000001, 0.441980, 0.423953, -1.000000, 0.475283, -1.000000
0.710000, 0.500000, 0.990001, 0.445000, 0.426682, -1.000000, 0.475509, -1.000000
0.710000, 0.510000, 0.980001, 0.447780, 0.427344, -1.000000, 0.475736, -1.000000
0.710000, 0.520000, 0.970001, 0.450320, 0.428007, -1.000000, 0.475963, -1.000000
0.710000, 0.530000, 0.960001, 0.452620, 0.428670, -1.000000, 0.476190, -1.000000
0.710000, 0.540000, 0.950001, 0.454680, 0.429301, -1.000000, 0.476416, -1.000000
0.710000, 0.550000, 0.940001, 0.456500, 0.429329, -1.000000, 0.476643, -1.000000
0.710000, 0.560000, 0.930001, 0.458080, 0.429349, -1.000000, 0.476870, -1.000000
0.710000, 0.570000, 0.920001, 0.459420, 0.429362, -1.000000, 0.477097, -1.000000
0.710000, 0.580000, 0.910001, 0.460520, 0.429375, -1.000000, 0.477324, -1.000000
0.710000, 0.590000, 0.900001, 0.461380, 0.429388, -1.000000, 0.477551, -1.000000
0.710000, 0.600000, 0.890001, 0.462000, 0.429401, -1.000000, 0.477777, -1.000000
0.710000, 0.610000, 0.880001, 0.462380, 0.429413, -1.000000, 0.478004, -1.000000
0.710000, 0.620000, 0.870001, 0.462520, 0.429426, -1.000000, 0.478231, -1.000000
0.710000, 0.630000, 0.860001, 0.462420, 0.429439, -1.000000, 0.478458, -1.000000
0.710000, 0.640000, 0.850001, 0.462080, 0.429452, -1.000000, 0.478685, -1.000000
0.710000, 0.650000, 0.840001, 0.461500, 0.429464, -1.000000, 0.478912, -1.000000
0.710000, 0.660000, 0.830001, 0.460680, 0.429477, -1.000000, 0.479139, -1.000000
0.710000, 0.670000, 0.820001, 0.459620, 0.428647, -1.000000, 0.479366, -1.000000
0.710000, 0.680000, 0.810001, 0.458320, 0.427427, -1.000000, 0.479593, -1.000000
0.710000, 0.690000, 0.800001, 0.456780, 0.426207, -1.000000, 0.479820, -1.000000
0.710000, 0.700000, 0.790001, 0.455000, 0.424989, -1.000000, 0.480047, -1.000000
0.710000, 0.710000, 0.780001, 0.452980, 0.423772, -1.000000, 0.480273, -1.000000
0.710000, 0.720000, 0.770001, 0.450720, 0.422555, -1.000000, 0.480500, -1.000000
0.710000, 0.730000, 0.760001, 0.448220, 0.421339, -1.000000, 0.480727, -1.000000
0.710000, 0.740000, 0.750001, 0.445480, 0.420125, -1.000000, 0.480954, -1.000000
0.710000, 0.750000, 0.740001, 0.442500, 0.418911, -1.000000, 0.481181, -1.000000
0.710000, 0.760000, 0.730001, 0.439280, 0.417698, -1.000000, 0.481059, -1.000000
0.710000, 0.770000, 0.720001, 0.435820, 0.416486, -1.000000, 0.478270, -1.000000
0.710000, 0.780000, 0.710001, 0.432120, 0.415276, -1.000000, 0.475483, -1.000000
0.710000, 0.790000, 0.700001, 0.428181, 0.411442, -1.000000, 0.472697, -1.000000
0.710000, 0.800000, 0.690001, 0.424001, 0.407353, -1.000000, 0.469913, -1.000000
0.710000, 0.810000, 0.680001, 0.419581, 0.403276, -1.000000, 0.467131, -1.000000
0.710000, 0.820000, 0.670001, 0.414921, 0.399213, -1.000000, 0.464350, -1.000000
0.710000, 0.830000, 0.660001, 0.410021, 0.395164, -1.000000, 0.461572, -1.000000
0.710000, 0.839999, 0.650001, 0.404881, 0.391130, -1.000000, 0.458797, -1.000000
0.710000, 0.849999, 0.640001, 0.399501, 0.387110, -1.000000, 0.456024, -1.000000
0.710000, 0.859999, 0.630001, 0.393881, 0.383105, -1.000000, 0.453253, -1.000000
0.710000, 0.869999, 0.620001, 0.388021, 0.379116, -1.000000, 0.450486, -1.000000
0.710000, 0.879999, 0.610001, 0.381921, 0.375143, -1.000000, 0.447721, -1.000000
0.710000, 0.889999, 0.600001, 0.375581, 0.371188, -1.000000, 0.444960, -1.000000
0.710000, 0.899999, 0.590001, 0.369001, 0.367249, -1.000000, 0.442202, -1.000000
0.710000, 0.909999, 0.580001, 0.362181, 0.363328, -1.000000, 0.439448, -1.000000
0.710000, 0.919999, 0.570001, 0.355121, 0.359425, -1.000000, 0.436698, -1.000000
0.710000, 0.929999, 0.560001, 0.347821, 0.355541, -1.000000, 0.433951, -1.000000
0.710000, 0.939999, 0.550001, 0.340281, 0.351675, -1.000000, 0.431209, -1.000000
0.710000, 0.949999, 0.540001, 0.332501, 0.347829, -1.000000, 0.428470, -1.000000
0.710000, 0.959999, 0.530001, 0.324481, 0.344003, -1.000000, 0.425736, -1.000000
0.710000, 0.969999, 0.520001, 0.316221, 0.340196, -1.000000, 0.423007, -1.000000
0.710000, 0.979999, 0.510001, 0.307721, 0.336411, -1.000000, 0.420282, -1.000000
0.710000, 0.989999, 0.500001, 0.298981, 0.332646, -1.000000, 0.417562, -1.000000
0.710000, 0.999999, 0.490001, 0.290001, 0.328902, -1.000000, 0.414847, -1.000000
0.720000, 0.000000, 1.480000, 0.000000, 0.220535, 0.655555, 0.276980, 0.758446
0.720000, 0.010000, 1.470001, 0.014680, 0.225378, -1.000000, 0.281488, -1.000000
0.720000, 0.020000, 1.460001, 0.029120, 0.230295, -1.000000, 0.286041, -1.000000
0.720000, 0.030000, 1.450001, 0.043320, 0.235288, -1.000000, 0.290637, -1.000000
0.720000, 0.040000, 1.440000, 0.057280, 0.240354, -1.000000, 0.295277, -1.000000
0.720000, 0.050000, 1.430000, 0.071000, 0.245495, -1.000000, 0.299960, -1.000000
0.720000, 0.060000, 1.420000, 0.084480, 0.250709, -1.000000, 0.304684, -1.000000
0.720000, 0.070000, 1.410000, 0.097720, 0.255997, -1.000000, 0.309451, -1.000000
0.720000, 0.080000, 1.400000, 0.110720, 0.261357, -1.000000, 0.314258, -1.000000
0.720000, 0.090000, 1.390000, 0.123480, 0.266789, -1.000000, 0.319105, -1.000000
0.720000, 0.100000, 1.380000, 0.136000, 0.272293, -1.000000, 0.323991, -1.000000
0.720000, 0.110000, 1.370000, 0.148280, 0.277867, -1.000000, 0.328917, -1.000000
0.720000, 0.120000, 1.360000, 0.160320, 0.283511, -1.000000, 0.333880, -1.000000
0.720000, 0.130000, 1.350000, 0.172120, 0.289223, -1.000000, 0.338880, -1.000000
0.720000, 0.140000, 1.340000, 0.183680, 0.295003, -1.000000, 0.343917, -1.000000
0.720000, 0.150000, 1.330000, 0.195000, 0.300850, -1.000000, 0.348989, -1.000000
0.720000, 0.160000, 1.320000, 0.206080, 0.306762, -1.000000, 0.354095, -1.000000
0.720000, 0.170000, 1.310000, 0.216920, 0.312738, -1.000000, 0.359235, -1.000000
0.720000, 0.180000, 1.300000, 0.227520, 0.318777, -1.000000, 0.364407, -1.000000
0.720000, 0.190000, 1.290000, 0.237880, 0.324878, -1.000000, 0.369611, -1.000000
0.720000, 0.200000, 1.280000, 0.248000, 0.331039, -1.000000, 0.374845, -1.000000
0.720000, 0.210000, 1.270000, 0.257880, 0.336578, -1.000000, 0.380109, -1.000000
0.720000, 0.220000, 1.260000, 0.267520, 0.342050, -1.000000, 0.385401, -1.000000
0.720000, 0.230000, 1.250000, 0.276920, 0.347564, -1.000000, 0.390720, -1.000000
0.720000, 0.240000, 1.240000, 0.286080, 0.351725, -1.000000, 0.396065, -1.000000
0.720000, 0.250000, 1.230000, 0.295000, 0.354508, -1.000000, 0.400009, -1.000000
0.720000, 0.260000, 1.220000, 0.303680, 0.357300, -1.000000, 0.403825, -1.000000
0.720000, 0.270000, 1.210000, 0.312120, 0.360103, -1.000000, 0.407653, -1.000000
0.720000, 0.280000, 1.200000, 0.320320, 0.362915, -1.000000, 0.411493, -1.000000
0.720000, 0.290000, 1.190000, 0.328280, 0.365736, -1.000000, 0.415343, -1.000000
0.720000, 0.300000, 1.180000, 0.336000, 0.368567, -1.000000, 0.419204, -1.000000
0.720000, 0.310000, 1.170000, 0.343480, 0.371406, -1.000000, 0.423074, -1.000000
0.720000, 0.320000, 1.160000, 0.350720, 0.374255, -1.000000, 0.426954, -1.000000
0.720000, 0.330000, 1.150000, 0.357720, 0.377112, -1.000000, 0.430843, -1.000000
0.720000, 0.340000, 1.140000, 0.364480, 0.379978, -1.000000, 0.434740, -1.000000
0.720000, 0.350000, 1.130000, 0.371000, 0.382852, -1.000000, 0.438646, -1.000000
0.720000, 0.360000, 1.120000, 0.377280, 0.385735, -1.000000, 0.442559, -1.000000
0.720000, 0.370000, 1.110000, 0.383320, 0.388625, -1.000000, 0.446480, -1.000000
0.720000, 0.380000, 1.100001, 0.389120, 0.391524, -1.000000, 0.450407, -1.000000
0.720000, 0.390000, 1.090001, 0.394680, 0.394430, -1.000000, 0.454340, -1.000000
0.720000, 0.400000, 1.080001, 0.400000, 0.397343, -1.000000, 0.458279, -1.000000
0.720000, 0.410000, 1.070001, 0.405080, 0.400264, -1.000000, 0.462223, -1.000000
0.720000, 0.420000, 1.060001, 0.409920, 0.403192, -1.000000, 0.466172, -1.000000
0.720000, 0.430000, 1.050001, 0.414520, 0.406127, -1.000000, 0.470125, -1.000000
0.720000, 0.440000, 1.040001, 0.418880, 0.409069, -1.000000, 0.474082, -1.000000
0.720000, 0.450000, 1.030001, 0.423000, 0.412017, -1.000000, 0.474332, -1.000000
0.720000, 0.460000, 1.020001, 0.426880, 0.414971, -1.000000, 0.474559, -1.000000
0.720000, 0.470000, 1.010001, 0.430520, 0.417932, -1.000000, 0.474786, -1.000000
0.720000, 0.480000, 1.000001, 0.433920, 0.420898, -1.000000, 0.475012, -1.000000
0.720000, 0.490000, 0.990001, 0.437080, 0.423871, -1.000000, 0.475239, -1.000000
0.720000, 0.500000, 0.980001, 0.440000, 0.426645, -1.000000, 0.475466, -1.000000
0.720000, 0.510000, 0.970001, 0.442680, 0.427308, -1.000000, 0.475693, -1.000000
0.720000, 0.520000, 0.960001, 0.445120, 0.427970, -1.000000, 0.475919, -1.000000
0.720000, 0.530000, 0.950001, 0.447320, 0.428633, -1.000000, 0.476146, -1.000000
0.720000, 0.540000, 0.940001, 0.449280, 0.429279, -1.000000, 0.476373, -1.000000
0.720000, 0.550000, 0.930001, 0.451000, 0.429307, -1.000000, 0.476600, -1.000000
0.720000, 0.560000, 0.920001, 0.452480, 0.429335, -1.000000, 0.476827, -1.000000
0.720000, 0.570000, 0.910001, 0.453720, 0.429363, -1.000000, 0.477053, -1.000000
0.720000, 0.580000, 0.900001, 0.454720, 0.429385, -1.000000, 0.477280, -1.000000
0.720000, 0.590000, 0.890001, 0.455480, 0.429398, -1.000000, 0.477507, -1.000000
0.720000, 0.600000, 0.880001, 0.456000, 0.429411, -1.000000, 0.477734, -1.000000
0.720000, 0.610000, 0.870001, 0.456280, 0.429423, -1.000000, 0.477961, -1.000000
0.720000, 0.620000, 0.860001, 0.456320, 0.429436, -1.000000, 0.478188, -1.000000
0.720000, 0.630000, 0.850001, 0.456120, 0.429449, -1.000000, 0.478415, -1.000000
0.720000, 0.640000, 0.840001, 0.455680, 0.429462, -1.000000, 0.478642, -1.000000
0.720000, 0.650000, 0.830001, 0.455000, 0.429475, -1.000000, 0.478868, -1.000000
0.720000, 0.660000, 0.820001, 0.454080, 0.429487, -1.000000, 0.479095, -1.000000
0.720000, 0.670000, 0.810001, 0.452920, 0.428695, -1.000000, 0.479322, -1.000000
0.720000, 0.680000, 0.800001, 0.451520, 0.427475, -1.000000, 0.479549, -1.000000
0.720000, 0.690000, 0.790001, 0.449880, 0.426256, -1.000000, 0.479776, -1.000000
0.720000, 0.700000, 0.780001, 0.448000, 0.425037, -1.000000, 0.480003, -1.000000
0.720000, 0.710000, 0.770001, 0.445880, 0.423819, -1.000000, 0.480230, -1.000000
0.720000, 0.720000, 0.760001, 0.443520, 0.422603, -1.000000, 0.480457, -1.000000
0.720000, 0.730000, 0.750001, 0.440920, 0.421387, -1.000000, 0.480684, -1.000000
0.720000, 0.740000, 0.740001, 0.438080, 0.420172, -1.000000, 0.480911, -1.000000
0.720000, 0.750000, 0.730001, 0.435000, 0.418959, -1.000000, 0.481138, -1.000000
0.720000, 0.760000, 0.720001, 0.431680, 0.417746, -1.000000, 0.481027, -1.000000
0.720000, 0.770000, 0.710001, 0.428120, 0.416534, -1.000000, 0.478239, -1.000000
0.720000, 0.780000, 0.700001, 0.424320, 0.415323, -1.000000, 0.475451, -1.000000
0.720000, 0.790000, 0.690001, 0.420281, 0.411639, -1.000000, 0.472665, -1.000000
0.720000, 0.800000, 0.680001, 0.416001, 0.407549, -1.000000, 0.469881, -1.000000
0.720000, 0.810000, 0.670001, 0.411481, 0.403472, -1.000000, 0.467099, -1.000000
0.720000, 0.820000, 0.660001, 0.406721, 0.399409, -1.000000, 0.464319, -1.000000
0.720000, 0.830000, 0.650001, 0.401721, 0.395359, -1.000000, 0.461541, -1.000000
0.720000, 0.839999, 0.640001, 0.396481, 0.391323, -1.000000, 0.458765, -1.000000
0.720000, 0.849999, 0.630001, 0.391001, 0.387303, -1.000000, 0.455992, -1.000000
0.720000, 0.859999, 0.620001, 0.385281, 0.383297, -1.000000, 0.453222, -1.000000
0.720000, 0.869999, 0.610001, 0.379321, 0.379308, -1.000000, 0.450454, -1.000000
0.720000, 0.879999, 0.600001, 0.373121, 0.375334, -1.000000, 0.447690, -1.000000
0.720000, 0.889999, 0.590001, 0.366681, 0.371378, -1.000000, 0.444929, -1.000000
0.720000, 0.899999, 0.580001, 0.360001, 0.367438, -1.000000, 0.442171, -1.000000
0.720000, 0.909999, 0.570001, 0.353081, 0.363516, -1.000000, 0.439417, -1.000000
0.720000, 0.919999, 0.560001, 0.345921, 0.359612, -1.000000, 0.436666, -1.000000
0.720000, 0.929999, 0.550001, 0.338521, 0.355727, -1.000000, 0.433920, -1.000000
0.720000, 0.939999, 0.540001, 0.330881, 0.351861, -1.000000, 0.431177, -1.000000
0.720000, 0.949999, 0.530001, 0.323001, 0.348014, -1.000000, 0.428439, -1.000000
0.720000, 0.959999, 0.520001, 0.314881, 0.344186, -1.000000, 0.425705, -1.000000
0.720000, 0.969999, 0.510001, 0.306521, 0.340379, -1.000000, 0.422976, -1.000000
0.720000, 0.979999, 0.500001, 0.297921, 0.336592, -1.000000, 0.420251, -1.000000
0.720000, 0.989999, 0.490001, 0.289081, 0.332827, -1.000000, 0.417531, -1.000000
0.720000, 0.999999, 0.480001, 0.280001, 0.329082, -1.000000, 0.414816, -1.000000
0.730000, 0.000000, 1.470001, 0.000000, 0.220433, 0.655560, 0.276961, 0.758440
0.730000, 0.010000, 1.460001, 0.014580, 0.225274, -1.000000, 0.281469, -1.000000
0.730000, 0.020000, 1.450001, 0.028920, 0.230190, -1.000000, 0.286021, -1.000000
0.730000, 0.030000, 1.440001, 0.043020, 0.235181, -1.000000, 0.290617, -1.000000
0.730000, 0.040000, 1.430000, 0.056880, 0.240246, -1.000000, 0.295257, -1.000000
0.730000, 0.050000, 1.420000, 0.070500, 0.245385, -1.000000, 0.299939, -1.000000
0.730000, 0.060000, 1.410000, 0.083880, 0.250598, -1.000000, 0.304664, -1.000000
0.730000, 0.070000, 1.400000, 0.097020, 0.255884, -1.000000, 0.309430, -1.000000
0.730000, 0.080000, 1.390000, 0.109920, 0.261243, -1.000000, 0.314237, -1.000000
0.730000, 0.090000, 1.380000, 0.122580, 0.266674, -1.000000, 0.319084, -1.000000
0.730000, 0.100000, 1.370000, 0.135000, 0.272176, -1.000000, 0.323970, -1.000000
0.730000, 0.110000, 1.360000, 0.147180, 0.277748, -1.000000, 0.328895, -1.000000
0.730000, 0.120000, 1.350000, 0.159120, 0.283390, -1.000000, 0.333858, -1.000000
0.730000, 0.130000, 1.340000, 0.170820, 0.289101, -1.000000, 0.338858, -1.000000
0.730000, 0.140000, 1.330000, 0.182280, 0.294880, -1.000000, 0.343895, -1.000000
0.730000, 0.150000, 1.320000, 0.193500, 0.300725, -1.000000, 0.348966, -1.000000
0.730000, 0.160000, 1.310000, 0.204480, 0.306636, -1.000000, 0.354073, -1.000000
0.730000, 0.170000, 1.300000, 0.215220, 0.312611, -1.000000, 0.359212, -1.000000
0.730000, 0.180000, 1.290000, 0.225720, 0.318649, -1.000000, 0.364384, -1.000000
0.730000, 0.190000, 1.280000, 0.235980, 0.324748, -1.000000, 0.369588, -1.000000
0.730000, 0.200000, 1.270000, 0.246000, 0.330908, -1.000000, 0.374822, -1.000000
0.730000, 0.210000, 1.260000, 0.255780, 0.336452, -1.000000, 0.380086, -1.000000
0.730000, 0.220000, 1.250000, 0.265320, 0.341923, -1.000000, 0.385378, -1.000000
0.730000, 0.230000, 1.240000, 0.274620, 0.347436, -1.000000, 0.390697, -1.000000
0.730000, 0.240000, 1.230000, 0.283680, 0.351648, -1.000000, 0.396042, -1.000000
0.730000, 0.250000, 1.220000, 0.292500, 0.354430, -1.000000, 0.400032, -1.000000
0.730000, 0.260000, 1.210000, 0.301080, 0.357223, -1.000000, 0.403849, -1.000000
0.730000, 0.270000, 1.200000, 0.309420, 0.360025, -1.000000, 0.407677, -1.000000
0.730000, 0.280000, 1.190000, 0.317520, 0.362837, -1.000000, 0.411517, -1.000000
0.730000, 0.290000, 1.180000, 0.325380, 0.365658, -1.000000, 0.415367, -1.000000
0.730000, 0.300000, 1.170000, 0.333000, 0.368488, -1.000000, 0.419228, -1.000000
0.730000, 0.310000, 1.160000, 0.340380, 0.371327, -1.000000, 0.423098, -1.000000
0.730000, 0.320000, 1.150000, 0.347520, 0.374176, -1.000000, 0.426978, -1.000000
0.730000, 0.330000, 1.140000, 0.354420, 0.377033, -1.000000, 0.430867, -1.000000
0.730000, 0.340000, 1.130000, 0.361080, 0.379899, -1.000000, 0.434765, -1.000000
0.730000, 0.350000, 1.120000, 0.367500, 0.382773, -1.000000, 0.438670, -1.000000
0.730000, 0.360000, 1.110000, 0.373680, 0.385655, -1.000000, 0.442584, -1.000000
0.730000, 0.370000, 1.100001, 0.379620, 0.388545, -1.000000, 0.446504, -1.000000
0.730000, 0.380000, 1.090001, 0.385320, 0.391443, -1.000000, 0.450431, -1.000000
0.730000, 0.390000, 1.080001, 0.390780, 0.394349, -1.000000, 0.454364, -1.000000
0.730000, 0.400000, 1.070001, 0.396000, 0.397263, -1.000000, 0.458303, -1.000000
0.730000, 0.410000, 1.060001, 0.400980, 0.400183, -1.000000, 0.462248, -1.000000
0.730000, 0.420000, 1.050001, 0.405720, 0.403111, -1.000000, 0.466196, -1.000000
0.730000, 0.430000, 1.040001, 0.410220, 0.406046, -1.000000, 0.470150, -1.000000
0.730000, 0.440000, 1.030001, 0.414480, 0.408987, -1.000000, 0.474062, -1.000000
0.730000, 0.450000, 1.020001, 0.418500, 0.411935, -1.000000, 0.474289, -1.000000
0.730000, 0.460000, 1.010001, 0.422280, 0.414889, -1.000000, 0.474516, -1.000000
0.730000, 0.470000, 1.000001, 0.425820, 0.417850, -1.000000, 0.474742, -1.000000
0.730000, 0.480000, 0.990001, 0.429120, 0.420816, -1.000000, 0.474969, -1.000000
0.730000, 0.490000, 0.980001, 0.432180, 0.423788, -1.000000, 0.475196, -1.000000
0.730000, 0.500000, 0.970001, 0.435000, 0.426609, -1.000000, 0.475422, -1.000000
0.730000, 0.510000, 0.960001, 0.437580, 0.427271, -1.000000, 0.475649, -1.000000
0.730000, 0.520000, 0.950001, 0.439920, 0.427934, -1.000000, 0.475876, -1.000000
0.730000, 0.530000, 0.940001, 0.442020, 0.428597, -1.000000, 0.476103, -1.000000
0.730000, 0.540000, 0.930001, 0.443880, 0.429257, -1.000000, 0.476330, -1.000000
0.730000, 0.550000, 0.920001, 0.445500, 0.429285, -1.000000, 0.476556, -1.000000
0.730000, 0.560000, 0.910001, 0.446880, 0.429313, -1.000000, 0.476783, -1.000000
0.730000, 0.570000, 0.900001, 0.448020, 0.429341, -1.000000, 0.477010, -1.000000
0.730000, 0.580000, 0.890001, 0.448920, 0.429369, -1.000000, 0.477237, -1.000000
0.730000, 0.590000, 0.880001, 0.449580, 0.429397, -1.000000, 0.477464, -1.000000
0.730000, 0.600000, 0.870001, 0.450000, 0.429421, -1.000000, 0.477691, -1.000000
0.730000, 0.610000, 0.860001, 0.450180, 0.429434, -1.000000, 0.477917, -1.000000
0.730000, 0.620000, 0.850001, 0.450120, 0.429446, -1.000000, 0.478144, -1.000000
0.730000, 0.630000, 0.840001, 0.449820, 0.429459, -1.000000, 0.478371, -1.000000
0.730000, 0.640000, 0.830001, 0.449280, 0.429472, -1.000000, 0.478598, -1.000000
0.730000, 0.650000, 0.820001, 0.448500, 0.429485, -1.000000, 0.478825, -1.000000
0.730000, 0.660000, 0.810001, 0.447480, 0.429497, -1.000000, 0.479052, -1.000000
0.730000, 0.670000, 0.800001, 0.446220, 0.428743, -1.000000, 0.479279, -1.000000
0.730000, 0.680000, 0.790001, 0.444720, 0.427523, -1.000000, 0.479506, -1.000000
0.730000, 0.690000, 0.780001, 0.442980, 0.426304, -1.000000, 0.479733, -1.000000
0.730000, 0.700000, 0.770001, 0.441000, 0.425085, -1.000000, 0.479960, -1.000000
0.730000, 0.710000, 0.760001, 0.438780, 0.423867, -1.000000, 0.480186, -1.000000
0.730000, 0.720000, 0.750001, 0.436320, 0.422651, -1.000000, 0.480413, -1.000000
0.730000, 0.730000, 0.740001, 0.433620, 0.421435, -1.000000, 0.480640, -1.000000
0.730000, 0.740000, 0.730001, 0.430680, 0.420220, -1.000000, 0.480867, -1.000000
0.730000, 0.750000, 0.720001, 0.427500, 0.419007, -1.000000, 0.481094, -1.000000
0.730000, 0.760000, 0.710001, 0.424080, 0.417794, -1.000000, 0.480996, -1.000000
0.730000, 0.770000, 0.700001, 0.420421, 0.416582, -1.000000, 0.478207, -1.000000
0.730000, 0.780000, 0.690001, 0.416521, 0.415371, -1.000000, 0.475420, -1.000000
0.730000, 0.790000, 0.680001, 0.412381, 0.411836, -1.000000, 0.472634, -1.000000
0.730000, 0.800000, 0.670001, 0.408001, 0.407746, -1.000000, 0.469850, -1.000000
0.730000, 0.810000, 0.660001, 0.403381, 0.403668, -1.000000, 0.467067, -1.000000
0.730000, 0.820000, 0.650001, 0.398521, 0.399604, -1.000000, 0.464287, -1.000000
0.730000, 0.830000, 0.640001, 0.393421, 0.395554, -1.000000, 0.461509, -1.000000
0.730000, 0.839999, 0.630001, 0.388081, 0.391517, -1.000000, 0.458734, -1.000000
0.730000, 0.849999, 0.620001, 0.382501, 0.387496, -1.000000, 0.455961, -1.000000
0.730000, 0.859999, 0.610001, 0.376681, 0.383490, -1.000000, 0.453190, -1.000000
0.730000, 0.869999, 0.600001, 0.370621, 0.379499, -1.000000, 0.450423, -1.000000
0.730000, 0.879999, 0.590001, 0.364321, 0.375525, -1.000000, 0.447658, -1.000000
0.730000, 0.889999, 0.580001, 0.357781, 0.371568, -1.000000, 0.444897, -1.000000
0.730000, 0.899999, 0.570001, 0.351001, 0.367627, -1.000000, 0.442140, -1.000000
0.730000, 0.909999, 0.560001, 0.343981, 0.363705, -1.000000, 0.439385, -1.000000
0.730000, 0.919999, 0.550001, 0.336721, 0.359800, -1.000000, 0.436635, -1.000000
0.730000, 0.929999, 0.540001, 0.329221, 0.355914, -1.000000, 0.433889, -1.000000
0.730000, 0.939999, 0.530001, 0.321481, 0.352046, -1.000000, 0.431146, -1.000000
0.730000, 0.949999, 0.520001, 0.313501, 0.348198, -1.000000, 0.428408, -1.000000
0.730000, 0.959999, 0.510001, 0.305281, 0.344370, -1.000000, 0.425674, -1.000000
0.730000, 0.969999, 0.500001, 0.296821, 0.340562, -1.000000, 0.422945, -1.000000
0.730000, 0.979999, 0.490001, 0.288121, 0.336774, -1.000000, 0.420220, -1.000000
0.730000, 0.989999, 0.480001, 0.279181, 0.333007, -1.000000, 0.417500, -1.000000
0.730000, 0.999999, 0.470001, 0.270001, 0.329262, -1.000000, 0.414785, -1.000000
0.740000, 0.000000, 1.460001, 0.000000, 0.220332, 0.655564, 0.276941, 0.758434
0.740000, 0.010000, 1.450001, 0.014480, 0.225171, -1.000000, 0.281449, -1.000000
0.740000, 0.020000, 1.440001, 0.028720, 0.230086, -1.000000, 0.286001, -1.000000
0.740000, 0.030000, 1.430001, 0.042720, 0.235075, -1.000000, 0.290597, -1.000000
0.740000, 0.040000, 1.420000, 0.056480, 0.240138, -1.000000, 0.295237, -1.000000
0.740000, 0.050000, 1.410000, 0.070000, 0.245276, -1.000000, 0.299919, -1.000000
0.740000, 0.060000, 1.400000, 0.083280, 0.250487, -1.000000, 0.304643, -1.000000
0.740000, 0.070000, 1.390000, 0.096320, 0.255772, -1.000000, 0.309409, -1.000000
0.740000, 0.080000, 1.380000, 0.109120, 0.261129, -1.000000, 0.314216, -1.000000
0.740000, 0.090000, 1.370000, 0.121680, 0.266558, -1.000000, 0.319062, -1.000000
0.740000, 0.100000, 1.360000, 0.134000, 0.272058, -1.000000, 0.323949, -1.000000
0.740000, 0.110000, 1.350000, 0.146080, 0.277630, -1.000000, 0.328874, -1.000000
0.740000, 0.120000, 1.340000, 0.157920, 0.283270, -1.000000, 0.333837, -1.000000
0.740000, 0.130000, 1.330000, 0.169520, 0.288980, -1.000000, 0.338837, -1.000000
0.740000, 0.140000, 1.320000, 0.180880, 0.294757, -1.000000, 0.343873, -1.000000
0.740000, 0.150000, 1.310000, 0.192000, 0.300601, -1.000000, 0.348944, -1.000000
0.740000, 0.160000, 1.300000, 0.202880, 0.306510, -1.000000, 0.354050, -1.000000
0.740000, 0.170000, 1.290000, 0.213520, 0.312484, -1.000000, 0.359190, -1.000000
0.740000, 0.180000, 1.280000, 0.223920, 0.318521, -1.000000, 0.364362, -1.000000
0.740000, 0.190000, 1.270000, 0.234080, 0.324619, -1.000000, 0.369565, -1.000000
0.740000, 0.200000, 1.260000, 0.244000, 0.330777, -1.000000, 0.374799, -1.000000
0.740000, 0.210000, 1.250000, 0.253680, 0.336326, -1.000000, 0.380063, -1.000000
0.740000, 0.220000, 1.240000, 0.263120, 0.341795, -1.000000, 0.385355, -1.000000
0.740000, 0.230000, 1.230000, 0.272320, 0.347308, -1.000000, 0.390674, -1.000000
0.740000, 0.240000, 1.220000, 0.281280, 0.351571, -1.000000, 0.396019, -1.000000
0.740000, 0.250000, 1.210000, 0.290000, 0.354353, -1.000000, 0.400056, -1.000000
0.740000, 0.260000, 1.200000, 0.298480, 0.357145, -1.000000, 0.403873, -1.000000
0.740000, 0.270000, 1.190000, 0.306720, 0.359947, -1.000000, 0.407701, -1.000000
0.740000, 0.280000, 1.180000, 0.314720, 0.362758, -1.000000, 0.411541, -1.000000
0.740000, 0.290000, 1.170000, 0.322480, 0.365579, -1.000000, 0.415391, -1.000000
0.740000, 0.300000, 1.160000, 0.330000, 0.368409, -1.000000, 0.419252, -1.000000
0.740000, 0.310000, 1.150000, 0.337280, 0.371249, -1.000000, 0.423122, -1.000000
0.740000, 0.320000, 1.140000, 0.344320, 0.374097, -1.000000, 0.427003, -1.000000
0.740000, 0.330000, 1.130000, 0.351120, 0.376954, -1.000000, 0.430892, -1.000000
0.740000, 0.340000, 1.120000, 0.357680, 0.379819, -1.000000, 0.434789, -1.000000
0.740000, 0.350000, 1.110000, 0.364000, 0.382693, -1.000000, 0.438695, -1.000000
0.740000, 0.360000, 1.100001, 0.370080, 0.385575, -1.000000, 0.442608, -1.000000
0.740000, 0.370000, 1.090001, 0.375920, 0.388465, -1.000000, 0.446529, -1.000000
0.740000, 0.380000, 1.080001, 0.381520, 0.391363, -1.000000, 0.450456, -1.000000
0.740000, 0.390000, 1.070001, 0.386880, 0.394269, -1.000000, 0.454389, -1.000000
0.740000, 0.400000, 1.060001, 0.392000, 0.397182, -1.000000, 0.458328, -1.000000
0.740000, 0.410000, 1.050001, 0.396880, 0.400102, -1.000000, 0.462272, -1.000000
0.740000, 0.420000, 1.040001, 0.401520, 0.403030, -1.000000, 0.466221, -1.000000
0.740000, 0.430000, 1.030001, 0.405920, 0.405964, -1.000000, 0.470174, -1.000000
0.740000, 0.440000, 1.020001, 0.410080, 0.408906, -1.000000, 0.474019, -1.000000
0.740000, 0.450000, 1.010001, 0.414000, 0.411853, -1.000000, 0.474245, -1.000000
0.740000, 0.460000, 1.000001, 0.417680, 0.414807, -1.000000, 0.474472, -1.000000
0.740000, 0.470000, 0.990001, 0.421120, 0.417768, -1.000000, 0.474699, -1.000000
0.740000, 0.480000, 0.980001, 0.424320, 0.420734, -1.000000, 0.474926, -1.000000
0.740000, 0.490000, 0.970001, 0.427280, 0.423706, -1.000000, 0.475152, -1.000000
0.740000, 0.500000, 0.960001, 0.430000, 0.426572, -1.000000, 0.475379, -1.000000
0.740000, 0.510000, 0.950001, 0.432480, 0.427235, -1.000000, 0.475606, -1.000000
0.740000, 0.520000, 0.940001, 0.434720, 0.427897, -1.000000, 0.475833, -1.000000
0.740000, 0.530000, 0.930001, 0.436720, 0.428560, -1.000000, 0.476059, -1.000000
0.740000, 0.540000, 0.920001, 0.438480, 0.429223, -1.000000, 0.476286, -1.000000
0.740000, 0.550000, 0.910001, 0.440000, 0.429263, -1.000000, 0.476513, -1.000000
0.740000, 0.560000, 0.900001, 0.441280, 0.429291, -1.000000, 0.476740, -1.000000
0.740000, 0.570000, 0.890001, 0.442320, 0.429319, -1.000000, 0.476967, -1.000000
0.740000, 0.580000, 0.880001, 0.443120, 0.429347, -1.000000, 0.477193, -1.000000
0.740000, 0.590000, 0.870001, 0.443680, 0.429375, -1.000000, 0.477420, -1.000000
0.740000, 0.600000, 0.860001, 0.444000, 0.429404, -1.000000, 0.477647, -1.000000
0.740000, 0.610000, 0.850001, 0.444080, 0.429432, -1.000000, 0.477874, -1.000000
0.740000, 0.620000, 0.840001, 0.443920, 0.429457, -1.000000, 0.478101, -1.000000
0.740000, 0.630000, 0.830001, 0.443520, 0.429469, -1.000000, 0.478328, -1.000000
0.740000, 0.640000, 0.820001, 0.442880, 0.429482, -1.000000, 0.478555, -1.000000
0.740000, 0.650000, 0.810001, 0.442000, 0.429495, -1.000000, 0.478781, -1.000000
0.740000, 0.660000, 0.800001, 0.440880, 0.429508, -1.000000, 0.479008, -1.000000
0.740000, 0.670000, 0.790001, 0.439520, 0.428791, -1.000000, 0.479235, -1.000000
0.740000, 0.680000, 0.780001, 0.437920, 0.427571, -1.000000, 0.479462, -1.000000
0.740000, 0.690000, 0.770001, 0.436080, 0.426352, -1.000000, 0.479689, -1.000000
0.740000, 0.700000, 0.760001, 0.434000, 0.425133, -1.000000, 0.479916, -1.000000
0.740000, 0.710000, 0.750001, 0.431680, 0.423915, -1.000000, 0.480143, -1.000000
0.740000, 0.720000, 0.740001, 0.429120, 0.422699, -1.000000, 0.480370, -1.000000
0.740000, 0.730000, 0.730001, 0.426320, 0.421483, -1.000000, 0.480597, -1.000000
0.740000, 0.740000, 0.720001, 0.423280, 0.420268, -1.000000, 0.480824, -1.000000
0.740000, 0.750000, 0.710001, 0.420000, 0.419054, -1.000000, 0.481051, -1.000000
0.740000, 0.760000, 0.700001, 0.416480, 0.417841, -1.000000, 0.480964, -1.000000
0.740000, 0.770000, 0.690001, 0.412721, 0.416630, -1.000000, 0.478175, -1.000000
0.740000, 0.780000, 0.680001, 0.408721, 0.415419, -1.000000, 0.475388, -1.000000
0.740000, 0.790000, 0.670001, 0.404481, 0.412033, -1.000000, 0.472602, -1.000000
0.740000, 0.800000, 0.660001, 0.400001, 0.407942, -1.000000, 0.469818, -1.000000
0.740000, 0.810000, 0.650001, 0.395281, 0.403864, -1.000000, 0.467036, -1.000000
0.740000, 0.820000, 0.640001, 0.390321, 0.399799, -1.000000, 0.464255, -1.000000
0.740000, 0.830000, 0.630001, 0.385121, 0.395748, -1.000000, 0.461478, -1.000000
0.740000, 0.839999, 0.620001, 0.379681, 0.391711, -1.000000, 0.458702, -1.000000
0.740000, 0.849999, 0.610001, 0.374001, 0.387689, -1.000000, 0.455929, -1.000000
0.740000, 0.859999, 0.600001, 0.368081, 0.383682, -1.000000, 0.453159, -1.000000
0.740000, 0.869999, 0.590001, 0.361921, 0.379691, -1.000000, 0.450391, -1.000000
0.740000, 0.879999, 0.580001, 0.355521, 0.375716, -1.000000, 0.447627, -1.000000
0.740000, 0.889999, 0.570001, 0.348881, 0.371758, -1.000000, 0.444866, -1.000000
0.740000, 0.899999, 0.560001, 0.342001, 0.367817, -1.000000, 0.442108, -1.000000
0.740000, 0.909999, 0.550001, 0.334881, 0.363893, -1.000000, 0.439354, -1.000000
0.740000, 0.919999, 0.540001, 0.327521, 0.359987, -1.000000, 0.436604, -1.000000
0.740000, 0.929999, 0.530001, 0.319921, 0.356100, -1.000000, 0.433857, -1.000000
0.740000, 0.939999, 0.520001, 0.312081, 0.352232, -1.000000, 0.431115, -1.000000
0.740000, 0.949999, 0.510001, 0.304001, 0.348383, -1.000000, 0.428377, -1.000000
0.740000, 0.959999, 0.500001, 0.295681, 0.344554, -1.000000, 0.425643, -1.000000
0.740000, 0.969999, 0.490001, 0.287121, 0.340745, -1.000000, 0.422914, -1.000000
0.740000, 0.979999, 0.480001, 0.278321, 0.336956, -1.000000, 0.420189, -1.000000
0.740000, 0.989999, 0.470001, 0.269281, 0.333188, -1.000000, 0.417469, -1.000000
0.740000, 0.999999, 0.460001, 0.260001, 0.329441, -1.000000, 0.414755, -1.000000
0.750000, 0.000000, 1.450001, 0.000000, 0.220230, 0.655569, 0.276922, 0.758428
0.750000, 0.010000, 1.440001, 0.014380, 0.225068, -1.000000, 0.281429, -1.000000
0.750000, 0.020000, 1.430001, 0.028520, 0.229981, -1.000000, 0.285981, -1.000000
0.750000, 0.030000, 1.420001, 0.042420, 0.234968, -1.000000, 0.290577, -1.000000
0.750000, 0.040000, 1.410000, 0.056080, 0.240030, -1.000000, 0.295216, -1.000000
0.750000, 0.050000, 1.400000, 0.069500, 0.245166, -1.000000, 0.299898, -1.000000
0.750000, 0.060000, 1.390000, 0.082680, 0.250376, -1.000000, 0.304623, -1.000000
0.750000, 0.070000, 1.380000, 0.095620, 0.255659, -1.000000, 0.309388, -1.000000
0.750000, 0.080000, 1.370000, 0.108320, 0.261015, -1.000000, 0.314195, -1.000000
0.750000, 0.090000, 1.360000, 0.120780, 0.266442, -1.000000, 0.319041, -1.000000
0.750000, 0.100000, 1.350001, 0.133000, 0.271941, -1.000000, 0.323927, -1.000000
0.750000, 0.110000, 1.340000, 0.144980, 0.277511, -1.000000, 0.328852, -1.000000
0.750000, 0.120000, 1.330000, 0.156720, 0.283150, -1.000000, 0.333815, -1.000000
0.750000, 0.130000, 1.320000, 0.168220, 0.288858, -1.000000, 0.338815, -1.000000
0.750000, 0.140000, 1.310000, 0.179480, 0.294634, -1.000000, 0.343851, -1.000000
0.750000, 0.150000, 1.300000, 0.190500, 0.300476, -1.000000, 0.348922, -1.000000
0.750000, 0.160000, 1.290000, 0.201280, 0.306384, -1.000000, 0.354028, -1.000000
0.750000, 0.170000, 1.280000, 0.211820, 0.312357, -1.000000, 0.359167, -1.000000
0.750000, 0.180000, 1.270000, 0.222120, 0.318392, -1.000000, 0.364339, -1.000000
0.750000, 0.190000, 1.260000, 0.232180, 0.324489, -1.000000, 0.369543, -1.000000
0.750000, 0.200000, 1.250000, 0.242000, 0.330646, -1.000000, 0.374777, -1.000000
0.750000, 0.210000, 1.240000, 0.251580, 0.336200, -1.000000, 0.380040, -1.000000
0.750000, 0.220000, 1.230000, 0.260920, 0.341668, -1.000000, 0.385332, -1.000000
0.750000, 0.230000, 1.220000, 0.270020, 0.347179, -1.000000, 0.390650, -1.000000
0.750000, 0.240000, 1.210000, 0.278880, 0.351494, -1.000000, 0.395996, -1.000000
0.750000, 0.250000, 1.200000, 0.287500, 0.354276, -1.000000, 0.400080, -1.000000
0.750000, 0.260000, 1.190000, 0.295880, 0.357068, -1.000000, 0.403897, -1.000000
0.750000, 0.270000, 1.180000, 0.304020, 0.359869, -1.000000, 0.407725, -1.000000
0.750000, 0.280000, 1.170000, 0.311920, 0.362680, -1.000000, 0.411565, -1.000000
0.750000, 0.290000, 1.160000, 0.319580, 0.365501, -1.000000, 0.415415, -1.000000
0.750000, 0.300000, 1.150000, 0.327000, 0.368331, -1.000000, 0.419276, -1.000000
0.750000, 0.310000, 1.140000, 0.334180, 0.371170, -1.000000, 0.423147, -1.000000
0.750000, 0.320000, 1.130000, 0.341120, 0.374018, -1.000000, 0.427027, -1.000000
0.750000, 0.330000, 1.120000, 0.347820, 0.376874, -1.000000, 0.430916, -1.000000
0.750000, 0.340000, 1.110000, 0.354280, 0.379739, -1.000000, 0.434814, -1.000000
0.750000, 0.350000, 1.100001, 0.360500, 0.382613, -1.000000, 0.438719, -1.000000
0.750000, 0.360000, 1.090001, 0.366480, 0.385495, -1.000000, 0.442633, -1.000000
0.750000, 0.370000, 1.080001, 0.372220, 0.388385, -1.000000, 0.446553, -1.000000
0.750000, 0.380000, 1.070001, 0.377720, 0.391283, -1.000000, 0.450480, -1.000000
0.750000, 0.390000, 1.060001, 0.382980, 0.394188, -1.000000, 0.454414, -1.000000
0.750000, 0.400000, 1.050001, 0.388000, 0.397101, -1.000000, 0.458353, -1.000000
0.750000, 0.410000, 1.040001, 0.392780, 0.400021, -1.000000, 0.462297, -1.000000
0.750000, 0.420000, 1.030001, 0.397320, 0.402949, -1.000000, 0.466246, -1.000000
0.750000, 0.430000, 1.020001, 0.401620, 0.405883, -1.000000, 0.470199, -1.000000
0.750000, 0.440000, 1.010001, 0.405680, 0.408824, -1.000000, 0.473975, -1.000000
0.750000, 0.450000, 1.000001, 0.409500, 0.411771, -1.000000, 0.474202, -1.000000
0.750000, 0.460000, 0.990001, 0.413080, 0.414725, -1.000000, 0.474429, -1.000000
0.750000, 0.470000, 0.980001, 0.416420, 0.417685, -1.000000, 0.474655, -1.000000
0.750000, 0.480000, 0.970001, 0.419520, 0.420651, -1.000000, 0.474882, -1.000000
0.750000, 0.490000, 0.960001, 0.422380, 0.423623, -1.000000, 0.475109, -1.000000
0.750000, 0.500000, 0.950001, 0.425000, 0.426536, -1.000000, 0.475336, -1.000000
0.750000, 0.510000, 0.940001, 0.427380, 0.427198, -1.000000, 0.475562, -1.000000
0.750000, 0.520000, 0.930001, 0.429520, 0.427861, -1.000000, 0.475789, -1.000000
0.750000, 0.530000, 0.920001, 0.431420, 0.428524, -1.000000, 0.476016, -1.000000
0.750000, 0.540000, 0.910001, 0.433080, 0.429187, -1.000000, 0.476243, -1.000000
0.750000, 0.550000, 0.900001, 0.434500, 0.429241, -1.000000, 0.476469, -1.000000
0.750000, 0.560000, 0.890001, 0.435680, 0.429269, -1.000000, 0.476696, -1.000000
0.750000, 0.570000, 0.880001, 0.436620, 0.429297, -1.000000, 0.476923, -1.000000
0.750000, 0.580000, 0.870001, 0.437320, 0.429325, -1.000000, 0.477150, -1.000000
0.750000, 0.590000, 0.860001, 0.437780, 0.429354, -1.000000, 0.477377, -1.000000
0.750000, 0.600000, 0.850001, 0.438000, 0.429382, -1.000000, 0.477604, -1.000000
0.750000, 0.610000, 0.840001, 0.437980, 0.429410, -1.000000, 0.477830, -1.000000
0.750000, 0.620000, 0.830001, 0.437720, 0.429438, -1.000000, 0.478057, -1.000000
0.750000, 0.630000, 0.820001, 0.437220, 0.429466, -1.000000, 0.478284, -1.000000
0.750000, 0.640000, 0.810001, 0.436480, 0.429492, -1.000000, 0.478511, -1.000000
0.750000, 0.650000, 0.800001, 0.435500, 0.429505, -1.000000, 0.478738, -1.000000
0.750000, 0.660000, 0.790001, 0.434280, 0.429518, -1.000000, 0.478965, -1.000000
0.750000, 0.670000, 0.780001, 0.432820, 0.428839, -1.000000, 0.479192, -1.000000
0.750000, 0.680000, 0.770001, 0.431120, 0.427619, -1.000000, 0.479419, -1.000000
0.750000, 0.690000, 0.760001, 0.429180, 0.426400, -1.000000, 0.479646, -1.000000
0.750000, 0.700000, 0.750001, 0.427000, 0.425181, -1.000000, 0.479873, -1.000000
0.750000, 0.710000, 0.740001, 0.424580, 0.423963, -1.000000, 0.480100, -1.000000
0.750000, 0.720000, 0.730001, 0.421920, 0.422747, -1.000000, 0.480326, -1.000000
0.750000, 0.730000, 0.720001, 0.419020, 0.421531, -1.000000, 0.480553, -1.000000
0.750000, 0.740000, 0.710001, 0.415880, 0.420316, -1.000000, 0.480780, -1.000000
0.750000, 0.750000, 0.700001, 0.412501, 0.419102, -1.000000, 0.481007, -1.000000
0.750000, 0.760000, 0.690001, 0.408880, 0.417889, -1.000000, 0.480932, -1.000000
0.750000, 0.770000, 0.680001, 0.405021, 0.416677, -1.000000, 0.478143, -1.000000
0.750000, 0.780000, 0.670001, 0.400921, 0.415466, -1.000000, 0.475356, -1.000000
0.750000, 0.790000, 0.660001, 0.396581, 0.412230, -1.000000, 0.472570, -1.000000
0.750000, 0.800000, 0.650001, 0.392001, 0.408139, -1.000000, 0.469786, -1.000000
0.750000, 0.810000, 0.640001, 0.387181, 0.404060, -1.000000, 0.467004, -1.000000
0.750000, 0.820000, 0.630001, 0.382121, 0.399995, -1.000000, 0.464224, -1.000000
0.750000, 0.830000, 0.620001, 0.376821, 0.395943, -1.000000, 0.461446, -1.000000
0.750000, 0.839999, 0.610001, 0.371281, 0.391905, -1.000000, 0.458670, -1.000000
0.750000, 0.849999, 0.600001, 0.365501, 0.387882, -1.000000, 0.455897, -1.000000
0.750000, 0.859999, 0.590001, 0.359481, 0.383875, -1.000000, 0.453127, -1.000000
0.750000, 0.869999, 0.580001, 0.353221, 0.379883, -1.000000, 0.450360, -1.000000
0.750000, 0.879999, 0.570001, 0.346721, 0.375907, -1.000000, 0.447596, -1.000000
0.750000, 0.889999, 0.560001, 0.339981, 0.371948, -1.000000, 0.444835, -1.000000
0.750000, 0.899999, 0.550001, 0.333001, 0.368006, -1.000000, 0.442077, -1.000000
0.750000, 0.909999, 0.540001, 0.325781, 0.364081, -1.000000, 0.439323, -1.000000
0.750000, 0.919999, 0.530001, 0.318321, 0.360175, -1.000000, 0.436572, -1.000000
0.750000, 0.929999, 0.520001, 0.310621, 0.356287, -1.000000, 0.433826, -1.000000
0.750000, 0.939999, 0.510001, 0.302681, 0.352418, -1.000000, 0.431084, -1.000000
0.750000, 0.949999, 0.500001, 0.294501, 0.348568, -1.000000, 0.428346, -1.000000
0.750000, 0.959999, 0.490001, 0.286081, 0.344738, -1.000000, 0.425612, -1.000000
0.750000, 0.969999, 0.480001, 0.277421, 0.340928, -1.000000, 0.422883, -1.000000
0.750000, 0.979999, 0.470001, 0.268521, 0.337138, -1.000000, 0.420158, -1.000000
0.750000, 0.989999, 0.460001, 0.259381, 0.333369, -1.000000, 0.417438, -1.000000
0.750000, 0.999999, 0.450001, 0.250001, 0.329621, -1.000000, 0.414724, -1.000000
0.760000, 0.000000, 1.440001, 0.000000, 0.220129, 0.655573, 0.276902, 0.758422
0.760000, 0.010000, 1.430001, 0.014280, 0.224965, -1.000000, 0.281410, -1.000000
0.760000, 0.020000, 1.420001, 0.028320, 0.229876, -1.000000, 0.285962, -1.000000
0.760000, 0.030000, 1.410001, 0.042120, 0.234862, -1.000000, 0.290557, -1.000000
0.760000, 0.040000, 1.400000, 0.055680, 0.239922, -1.000000, 0.295196, -1.000000
0.760000, 0.050000, 1.390000, 0.069000, 0.245057, -1.000000, 0.299878, -1.000000
0.760000, 0.060000, 1.380000, 0.082080, 0.250265, -1.000000, 0.304602, -1.000000
0.760000, 0.070000, 1.370000, 0.094920, 0.255546, -1.000000, 0.309367, -1.000000
0.760000, 0.080000, 1.360000, 0.107520, 0.260901, -1.000000, 0.314174, -1.000000
0.760000, 0.090000, 1.350001, 0.119880, 0.266327, -1.000000, 0.319020, -1.000000
0.760000, 0.100000, 1.340001, 0.132000, 0.271824, -1.000000, 0.323906, -1.000000
0.760000, 0.110000, 1.330000, 0.143880, 0.277392, -1.000000, 0.328831, -1.000000
0.760000, 0.120000, 1.320000, 0.155520, 0.283030, -1.000000, 0.333793, -1.000000
0.760000, 0.130000, 1.310000, 0.166920, 0.288737, -1.000000, 0.338793, -1.000000
0.760000, 0.140000, 1.300000, 0.178080, 0.294511, -1.000000, 0.343829, -1.000000
0.760000, 0.150000, 1.290000, 0.189000, 0.300352, -1.000000, 0.348900, -1.000000
0.760000, 0.160000, 1.280000, 0.199680, 0.306259, -1.000000, 0.354006, -1.000000
0.760000, 0.170000, 1.270000, 0.210120, 0.312230, -1.000000, 0.359145, -1.000000
0.760000, 0.180000, 1.260000, 0.220320, 0.318264, -1.000000, 0.364317, -1.000000
0.760000, 0.190000, 1.250000, 0.230280, 0.324359, -1.000000, 0.369520, -1.000000
0.760000, 0.200000, 1.240000, 0.240000, 0.330515, -1.000000, 0.374754, -1.000000
0.760000, 0.210000, 1.230000, 0.249480, 0.336073, -1.000000, 0.380017, -1.000000
0.760000, 0.220000, 1.220001, 0.258720, 0.341541, -1.000000, 0.385308, -1.000000
0.760000, 0.230000, 1.210000, 0.267720, 0.347051, -1.000000, 0.390627, -1.000000
0.760000, 0.240000, 1.200000, 0.276480, 0.351417, -1.000000, 0.395972, -1.000000
0.760000, 0.250000, 1.190000, 0.285000, 0.354199, -1.000000, 0.400104, -1.000000
0.760000, 0.260000, 1.180000, 0.293280, 0.356990, -1.000000, 0.403921, -1.000000
0.760000, 0.270000, 1.170000, 0.301320, 0.359792, -1.000000, 0.407749, -1.000000
0.760000, 0.280000, 1.160000, 0.309120, 0.362602, -1.000000, 0.411589, -1.000000
0.760000, 0.290000, 1.150000, 0.316680, 0.365423, -1.000000, 0.415439, -1.000000
0.760000, 0.300000, 1.140000, 0.324000, 0.368252, -1.000000, 0.419300, -1.000000
0.760000, 0.310000, 1.130000, 0.331080, 0.371091, -1.000000, 0.423171, -1.000000
0.760000, 0.320000, 1.120000, 0.337920, 0.373939, -1.000000, 0.427051, -1.000000
0.760000, 0.330000, 1.110000, 0.344520, 0.376795, -1.000000, 0.430940, -1.000000
0.760000, 0.340000, 1.100001, 0.350880, 0.379660, -1.000000, 0.434838, -1.000000
0.760000, 0.350000, 1.090001, 0.357000, 0.382533, -1.000000, 0.438744, -1.000000
0.760000, 0.360000, 1.080001, 0.362880, 0.385415, -1.000000, 0.442657, -1.000000
0.760000, 0.370000, 1.070001, 0.368520, 0.388305, -1.000000, 0.446578, -1.000000
0.760000, 0.380000, 1.060001, 0.373920, 0.391202, -1.000000, 0.450505, -1.000000
0.760000, 0.390000, 1.050001, 0.379080, 0.394107, -1.000000, 0.454438, -1.000000
0.760000, 0.400000, 1.040001, 0.384000, 0.397020, -1.000000, 0.458377, -1.000000
0.760000, 0.410000, 1.030001, 0.388680, 0.399940, -1.000000, 0.462321, -1.000000
0.760000, 0.420000, 1.020001, 0.393120, 0.402867, -1.000000, 0.466270, -1.000000
0.760000, 0.430000, 1.010001, 0.397320, 0.405801, -1.000000, 0.470224, -1.000000
0.760000, 0.440000, 1.000001, 0.401280, 0.408742, -1.000000, 0.473932, -1.000000
0.760000, 0.450000, 0.990001, 0.405000, 0.411690, -1.000000, 0.474158, -1.000000
0.760000, 0.460000, 0.980001, 0.408480, 0.414643, -1.000000, 0.474385, -1.000000
0.760000, 0.470000, 0.970001, 0.411720, 0.417603, -1.000000, 0.474612, -1.000000
0.760000, 0.480000, 0.960001, 0.414720, 0.420569, -1.000000, 0.474839, -1.000000
0.760000, 0.490000, 0.950001, 0.417480, 0.423541, -1.000000, 0.475065, -1.000000
0.760000, 0.500000, 0.940001, 0.420000, 0.426499, -1.000000, 0.475292, -1.000000
0.760000, 0.510000, 0.930001, 0.422280, 0.427162, -1.000000, 0.475519, -1.000000
0.760000, 0.520000, 0.920001, 0.424320, 0.427824, -1.000000, 0.475746, -1.000000
0.760000, 0.530000, 0.910001, 0.426120, 0.428487, -1.000000, 0.475972, -1.000000
0.760000, 0.540000, 0.900001, 0.427680, 0.429150, -1.000000, 0.476199, -1.000000
0.760000, 0.550000, 0.890001, 0.429000, 0.429219, -1.000000, 0.476426, -1.000000
0.760000, 0.560000, 0.880001, 0.430080, 0.429247, -1.000000, 0.476653, -1.000000
0.760000, 0.570000, 0.870001, 0.430920, 0.429275, -1.000000, 0.476880, -1.000000
0.760000, 0.580000, 0.860001, 0.431520, 0.429303, -1.000000, 0.477106, -1.000000
0.760000, 0.590000, 0.850001, 0.431880, 0.429332, -1.000000, 0.477333, -1.000000
0.760000, 0.600000, 0.840001, 0.432000, 0.429360, -1.000000, 0.477560, -1.000000
0.760000, 0.610000, 0.830001, 0.431880, 0.429388, -1.000000, 0.477787, -1.000000
0.760000, 0.620000, 0.820001, 0.431520, 0.429416, -1.000000, 0.478014, -1.000000
0.760000, 0.630000, 0.810001, 0.430920, 0.429444, -1.000000, 0.478241, -1.000000
0.760000, 0.640000, 0.800001, 0.430080, 0.429472, -1.000000, 0.478468, -1.000000
0.760000, 0.650000, 0.790001, 0.429000, 0.429500, -1.000000, 0.478694, -1.000000
0.760000, 0.660000, 0.780001, 0.427680, 0.429528, -1.000000, 0.478921, -1.000000
0.760000, 0.670000, 0.770001, 0.426120, 0.428888, -1.000000, 0.479148, -1.000000
0.760000, 0.680000, 0.760001, 0.424320, 0.427667, -1.000000, 0.479375, -1.000000
0.760000, 0.690000, 0.750001, 0.422280, 0.426448, -1.000000, 0.479602, -1.000000
0.760000, 0.700000, 0.740001, 0.420000, 0.425229, -1.000000, 0.479829, -1.000000
0.760000, 0.710000, 0.730001, 0.417480, 0.424011, -1.000000, 0.480056, -1.000000
0.760000, 0.720000, 0.720001, 0.414720, 0.422795, -1.000000, 0.480283, -1.000000
0.760000, 0.730000, 0.710001, 0.411720, 0.421579, -1.000000, 0.480510, -1.000000
0.760000, 0.740000, 0.700001, 0.408480, 0.420364, -1.000000, 0.480737, -1.000000
0.760000, 0.750000, 0.690001, 0.405001, 0.419150, -1.000000, 0.480964, -1.000000
0.760000, 0.760000, 0.680001, 0.401281, 0.417937, -1.000000, 0.480900, -1.000000
0.760000, 0.770000, 0.670001, 0.397321, 0.416725, -1.000000, 0.478112, -1.000000
0.760000, 0.780000, 0.660001, 0.393121, 0.415514, -1.000000, 0.475324, -1.000000
0.760000, 0.790000, 0.650001, 0.388681, 0.412428, -1.000000, 0.472539, -1.000000
0.760000, 0.800000, 0.640001, 0.384001, 0.408336, -1.000000, 0.469755, -1.000000
0.760000, 0.810000, 0.630001, 0.379081, 0.404256, -1.000000, 0.466972, -1.000000
0.760000, 0.820000, 0.620001, 0.373921, 0.400190, -1.000000, 0.464192, -1.000000
0.760000, 0.830000, 0.610001, 0.368521, 0.396138, -1.000000, 0.461414, -1.000000
0.760000, 0.839999, 0.600001, 0.362881, 0.392099, -1.000000, 0.458639, -1.000000
0.760000, 0.849999, 0.590001, 0.357001, 0.388076, -1.000000, 0.455866, -1.000000
0.760000, 0.859999, 0.580001, 0.350881, 0.384067, -1.000000, 0.453096, -1.000000
0.760000, 0.869999, 0.570001, 0.344521, 0.380075, -1.000000, 0.450328, -1.000000
0.760000, 0.879999, 0.560001, 0.337921, 0.376098, -1.000000, 0.447564, -1.000000
0.760000, 0.889999, 0.550001, 0.331081, 0.372138, -1.000000, 0.444803, -1.000000
0.760000, 0.899999, 0.540001, 0.324001, 0.368195, -1.000000, 0.442046, -1.000000
0.760000, 0.909999, 0.530001, 0.316681, 0.364270, -1.000000, 0.439292, -1.000000
0.760000, 0.919999, 0.520001, 0.309121, 0.360363, -1.000000, 0.436541, -1.000000
0.760000, 0.929999, 0.510001, 0.301321, 0.356474, -1.000000, 0.433795, -1.000000
0.760000, 0.939999, 0.500001, 0.293281, 0.352604, -1.000000, 0.431053, -1.000000
0.760000, 0.949999, 0.490001, 0.285001, 0.348753, -1.000000, 0.428314, -1.000000
0.760000, 0.959999, 0.480001, 0.276481, 0.344922, -1.000000, 0.425581, -1.000000
0.760000, 0.969999, 0.470001, 0.267721, 0.341111, -1.000000, 0.422852, -1.000000
0.760000, 0.979999, 0.460001, 0.258721, 0.337320, -1.000000, 0.420127, -1.000000
0.760000, 0.989999, 0.450001, 0.249481, 0.333550, -1.000000, 0.417407, -1.000000
0.760000, 0.999999, 0.440001, 0.240001, 0.329801, -1.000000, 0.414693, -1.000000
0.770000, 0.000000, 1.430001, 0.000000, 0.220027, 0.655578, 0.276883, 0.758417
0.770000, 0.010000, 1.420001, 0.014180, 0.224862, -1.000000, 0.281390, -1.000000
0.770000, 0.020000, 1.410001, 0.028120, 0.229771, -1.000000, 0.285942, -1.000000
0.770000, 0.030000, 1.400001, 0.041820, 0.234756, -1.000000, 0.290537, -1.000000
0.770000, 0.040000, 1.390000, 0.055280, 0.239814, -1.000000, 0.295176, -1.000000
0.770000, 0.050000, 1.380000, 0.068500, 0.244947, -1.000000, 0.299858, -1.000000
0.770000, 0.060000, 1.370000, 0.081480, 0.250154, -1.000000, 0.304581, -1.000000
0.770000, 0.070000, 1.360000, 0.094220, 0.255434, -1.000000, 0.309347, -1.000000
0.770000, 0.080000, 1.350001, 0.106720, 0.260787, -1.000000, 0.314153, -1.000000
0.770000, 0.090000, 1.340001, 0.118980, 0.266211, -1.000000, 0.318999, -1.000000
0.770000, 0.100000, 1.330001, 0.131000, 0.271707, -1.000000, 0.323885, -1.000000
0.770000, 0.110000, 1.320000, 0.142780, 0.277274, -1.000000, 0.328809, -1.000000
0.770000, 0.120000, 1.310000, 0.154320, 0.282910, -1.000000, 0.333772, -1.000000
0.770000, 0.130000, 1.300000, 0.165620, 0.288615, -1.000000, 0.338771, -1.000000
0.770000, 0.140000, 1.290000, 0.176680, 0.294388, -1.000000, 0.343807, -1.000000
0.770000, 0.150000, 1.280000, 0.187500, 0.300228, -1.000000, 0.348878, -1.000000
0.770000, 0.160000, 1.270000, 0.198080, 0.306133, -1.000000, 0.353984, -1.000000
0.770000, 0.170000, 1.260000, 0.208420, 0.312103, -1.000000, 0.359123, -1.000000
0.770000, 0.180000, 1.250000, 0.218520, 0.318135, -1.000000, 0.364294, -1.000000
0.770000, 0.190000, 1.240000, 0.228380, 0.324230, -1.000000, 0.369497, -1.000000
0.770000, 0.200000, 1.230000, 0.238000, 0.330384, -1.000000, 0.374731, -1.000000
0.770000, 0.210000, 1.220001, 0.247380, 0.335947, -1.000000, 0.379994, -1.000000
0.770000, 0.220000, 1.210001, 0.256520, 0.341414, -1.000000, 0.385285, -1.000000
0.770000, 0.230000, 1.200000, 0.265420, 0.346923, -1.000000, 0.390604, -1.000000
0.770000, 0.240000, 1.190000, 0.274080, 0.351340, -1.000000, 0.395949, -1.000000
0.770000, 0.250000, 1.180000, 0.282500, 0.354121, -1.000000, 0.400128, -1.000000
0.770000, 0.260000, 1.170000, 0.290680, 0.356913, -1.000000, 0.403945, -1.000000
0.770000, 0.270000, 1.160000, 0.298620, 0.359714, -1.000000, 0.407773, -1.000000
0.770000, 0.280000, 1.150000, 0.306320, 0.362524, -1.000000, 0.411613, -1.000000
0.770000, 0.290000, 1.140000, 0.313780, 0.365344, -1.000000, 0.415463, -1.000000
0.770000, 0.300000, 1.130000, 0.321000, 0.368174, -1.000000, 0.419324, -1.000000
0.770000, 0.310000, 1.120000, 0.327980, 0.371012, -1.000000, 0.423195, -1.000000
0.770000, 0.320000, 1.110000, 0.334720, 0.373860, -1.000000, 0.427075, -1.000000
0.770000, 0.330000, 1.100001, 0.341220, 0.376716, -1.000000, 0.430965, -1.000000
0.770000, 0.340000, 1.090001, 0.347480, 0.379580, -1.000000, 0.434862, -1.000000
0.770000, 0.350000, 1.080001, 0.353500, 0.382454, -1.000000, 0.438768, -1.000000
0.770000, 0.360000, 1.070001, 0.359280, 0.385335, -1.000000, 0.442682, -1.000000
0.770000, 0.370000, 1.060001, 0.364820, 0.388224, -1.000000, 0.446602, -1.000000
0.770000, 0.380000, 1.050001, 0.370120, 0.391122, -1.000000, 0.450529, -1.000000
0.770000, 0.390000, 1.040001, 0.375180, 0.394027, -1.000000, 0.454463, -1.000000
0.770000, 0.400000, 1.030001, 0.380000, 0.396939, -1.000000, 0.458402, -1.000000
0.770000, 0.410000, 1.020001, 0.384580, 0.399859, -1.000000, 0.462346, -1.000000
0.770000, 0.420000, 1.010001, 0.388920, 0.402786, -1.000000, 0.466295, -1.000000
0.770000, 0.430000, 1.000001, 0.393020, 0.405720, -1.000000, 0.470248, -1.000000
0.770000, 0.440000, 0.990001, 0.396880, 0.408661, -1.000000, 0.473888, -1.000000
0.770000, 0.450000, 0.980001, 0.400500, 0.411608, -1.000000, 0.474115, -1.000000
0.770000, 0.460000, 0.970001, 0.403880, 0.414561, -1.000000, 0.474342, -1.000000
0.770000, 0.470000, 0.960001, 0.407020, 0.417521, -1.000000, 0.474568, -1.000000
0.770000, 0.480000, 0.950001, 0.409920, 0.420487, -1.000000, 0.474795, -1.000000
0.770000, 0.490000, 0.940001, 0.412580, 0.423458, -1.000000, 0.475022, -1.000000
0.770000, 0.500000, 0.930001, 0.415000, 0.426435, -1.000000, 0.475249, -1.000000
0.770000, 0.510000, 0.920001, 0.417180, 0.427125, -1.000000, 0.475475, -1.000000
0.770000, 0.520000, 0.910001, 0.419120, 0.427788, -1.000000, 0.475702, -1.000000
0.770000, 0.530000, 0.900001, 0.420820, 0.428450, -1.000000, 0.475929, -1.000000
0.770000, 0.540000, 0.890001, 0.422280, 0.429114, -1.000000, 0.476156, -1.000000
0.770000, 0.550000, 0.880001, 0.423500, 0.429197, -1.000000, 0.476382, -1.000000
0.770000, 0.560000, 0.870001, 0.424480, 0.429225, -1.000000, 0.476609, -1.000000
0.770000, 0.570000, 0.860001, 0.425220, 0.429253, -1.000000, 0.476836, -1.000000
0.770000, 0.580000, 0.850001, 0.425720, 0.429282, -1.000000, 0.477063, -1.000000
0.770000, 0.590000, 0.840001, 0.425980, 0.429310, -1.000000, 0.477290, -1.000000
0.770000, 0.600000, 0.830001, 0.426000, 0.429338, -1.000000, 0.477517, -1.000000
0.770000, 0.610000, 0.820001, 0.425780, 0.429366, -1.000000, 0.477743, -1.000000
0.770000, 0.620000, 0.810001, 0.425320, 0.429394, -1.000000, 0.477970, -1.000000
0.770000, 0.630000, 0.800001, 0.424620, 0.429422, -1.000000, 0.478197, -1.000000
0.770000, 0.640000, 0.790001, 0.423680, 0.429450, -1.000000, 0.478424, -1.000000
0.770000, 0.650000, 0.780001, 0.422500, 0.429478, -1.000000, 0.478651, -1.000000
0.770000, 0.660000, 0.770001, 0.421080, 0.429506, -1.000000, 0.478878, -1.000000
0.770000, 0.670000, 0.760001, 0.419420, 0.428919, -1.000000, 0.479105, -1.000000
0.770000, 0.680000, 0.750001, 0.417520, 0.427714, -1.000000, 0.479332, -1.000000
0.770000, 0.690000, 0.740001, 0.415380, 0.426496, -1.000000, 0.479559, -1.000000
0.770000, 0.700000, 0.730001, 0.413000, 0.425277, -1.000000, 0.479786, -1.000000
0.770000, 0.710000, 0.720001, 0.410380, 0.424059, -1.000000, 0.480012, -1.000000
0.770000, 0.720000, 0.710001, 0.407520, 0.422843, -1.000000, 0.480239, -1.000000
0.770000, 0.730000, 0.700001, 0.404420, 0.421627, -1.000000, 0.480466, -1.000000
0.770000, 0.740000, 0.690001, 0.401080, 0.420412, -1.000000, 0.480693, -1.000000
0.770000, 0.750000, 0.680001, 0.397501, 0.419198, -1.000000, 0.480920, -1.000000
0.770000, 0.760000, 0.670001, 0.393681, 0.417985, -1.000000, 0.480869, -1.000000
0.770000, 0.770000, 0.660001, 0.389621, 0.416773, -1.000000, 0.478080, -1.000000
0.770000, 0.780000, 0.650001, 0.385321, 0.415562, -1.000000, 0.475293, -1.000000
0.770000, 0.790000, 0.640001, 0.380781, 0.412625, -1.000000, 0.472507, -1.000000
0.770000, 0.800000, 0.630001, 0.376001, 0.408532, -1.000000, 0.469723, -1.000000
0.770000, 0.810000, 0.620001, 0.370981, 0.404452, -1.000000, 0.466941, -1.000000
0.770000, 0.820000, 0.610001, 0.365721, 0.400385, -1.000000, 0.464161, -1.000000
0.770000, 0.830000, 0.600001, 0.360221, 0.396332, -1.000000, 0.461383, -1.000000
0.770000, 0.839999, 0.590001, 0.354481, 0.392293, -1.000000, 0.458607, -1.000000
0.770000, 0.849999, 0.580001, 0.348501, 0.388269, -1.000000, 0.455834, -1.000000
0.770000, 0.859999, 0.570001, 0.342281, 0.384260, -1.000000, 0.453064, -1.000000
0.770000, 0.869999, 0.560001, 0.335821, 0.380266, -1.000000, 0.450297, -1.000000
0.770000, 0.879999, 0.550001, 0.329121, 0.376289, -1.000000, 0.447533, -1.000000
0.770000, 0.889999, 0.540001, 0.322181, 0.372328, -1.000000, 0.444772, -1.000000
0.770000, 0.899999, 0.530001, 0.315001, 0.368385, -1.000000, 0.442014, -1.000000
0.770000, 0.909999, 0.520001, 0.307581, 0.364458, -1.000000, 0.439260, -1.000000
0.770000, 0.919999, 0.510001, 0.299921, 0.360550, -1.000000, 0.436510, -1.000000
0.770000, 0.929999, 0.500001, 0.292021, 0.356660, -1.000000, 0.433764, -1.000000
0.770000, 0.939999, 0.490001, 0.283881, 0.352789, -1.000000, 0.431021, -1.000000
0.770000, 0.949999, 0.480001, 0.275501, 0.348938, -1.000000, 0.428283, -1.000000
0.770000, 0.959999, 0.470001, 0.266881, 0.345106, -1.000000, 0.425550, -1.000000
0.770000, 0.969999, 0.460001, 0.258021, 0.341294, -1.000000, 0.422820, -1.000000
0.770000, 0.979999, 0.450001, 0.248921, 0.337502, -1.000000, 0.420096, -1.000000
0.770000, 0.989999, 0.440001, 0.239581, 0.333731, -1.000000, 0.417376, -1.000000
0.770000, 0.999999, 0.430001, 0.230001, 0.329981, -1.000000, 0.414662, -1.000000
0.780000, 0.000000, 1.420001, 0.000000, 0.219925, 0.655583, 0.276863, 0.758411
0.780000, 0.010000, 1.410001, 0.014080, 0.224759, -1.000000, 0.281370, -1.000000
0.780000, 0.020000, 1.400001, 0.027920, 0.229667, -1.000000, 0.285922, -1.000000
0.780000, 0.030000, 1.390001, 0.041520, 0.234649, -1.000000, 0.290517, -1.000000
0.780000, 0.040000, 1.380000, 0.054880, 0.239707, -1.000000, 0.295156, -1.000000
0.780000, 0.050000, 1.370000, 0.068000, 0.244838, -1.000000, 0.299837, -1.000000
0.780000, 0.060000, 1.360000, 0.080880, 0.250043, -1.000000, 0.304561, -1.000000
0.780000, 0.070000, 1.350001, 0.093520, 0.255321, -1.000000, 0.309326, -1.000000
0.780000, 0.080000, 1.340001, 0.105920, 0.260672, -1.000000, 0.314132, -1.000000
0.780000, 0.090000, 1.330001, 0.118080, 0.266096, -1.000000, 0.318978, -1.000000
0.780000, 0.100000, 1.320001, 0.130000, 0.271590, -1.000000, 0.323864, -1.000000
0.780000, 0.110000, 1.310000, 0.141680, 0.277155, -1.000000, 0.328788, -1.000000
0.780000, 0.120000, 1.300000, 0.153120, 0.282790, -1.000000, 0.333750, -1.000000
0.780000, 0.130000, 1.290000, 0.164320, 0.288494, -1.000000, 0.338749, -1.000000
0.780000, 0.140000, 1.280000, 0.175280, 0.294265, -1.000000, 0.343785, -1.000000
0.780000, 0.150000, 1.270000, 0.186000, 0.300104, -1.000000, 0.348856, -1.000000
0.780000, 0.160000, 1.260000, 0.196480, 0.306007, -1.000000, 0.353961, -1.000000
0.780000, 0.170000, 1.250000, 0.206720, 0.311976, -1.000000, 0.359100, -1.000000
0.780000, 0.180000, 1.240000, 0.216720, 0.318007, -1.000000, 0.364272, -1.000000
0.780000, 0.190000, 1.230000, 0.226480, 0.324100, -1.000000, 0.369475, -1.000000
0.780000, 0.200000, 1.220001, 0.236000, 0.330253, -1.000000, 0.374708, -1.000000
0.780000, 0.210000, 1.210001, 0.245280, 0.335821, -1.000000, 0.379971, -1.000000
0.780000, 0.220000, 1.200001, 0.254320, 0.341287, -1.000000, 0.385262, -1.000000
0.780000, 0.230000, 1.190000, 0.263120, 0.346795, -1.000000, 0.390581, -1.000000
0.780000, 0.240000, 1.180000, 0.271680, 0.351263, -1.000000, 0.395926, -1.000000
0.780000, 0.250000, 1.170000, 0.280000, 0.354044, -1.000000, 0.400151, -1.000000
0.780000, 0.260000, 1.160000, 0.288080, 0.356835, -1.000000, 0.403968, -1.000000
0.780000, 0.270000, 1.150000, 0.295920, 0.359636, -1.000000, 0.407797, -1.000000
0.780000, 0.280000, 1.140000, 0.303520, 0.362446, -1.000000, 0.411637, -1.000000
0.780000, 0.290000, 1.130000, 0.310880, 0.365266, -1.000000, 0.415487, -1.000000
0.780000, 0.300000, 1.120000, 0.318000, 0.368095, -1.000000, 0.419348, -1.000000
0.780000, 0.310000, 1.110000, 0.324880, 0.370933, -1.000000, 0.423219, -1.000000
0.780000, 0.320000, 1.100001, 0.331520, 0.373780, -1.000000, 0.427100, -1.000000
0.780000, 0.330000, 1.090001, 0.337920, 0.376636, -1.000000, 0.430989, -1.000000
0.780000, 0.340000, 1.080001, 0.344080, 0.379501, -1.000000, 0.434887, -1.000000
0.780000, 0.350000, 1.070001, 0.350000, 0.382374, -1.000000, 0.438793, -1.000000
0.780000, 0.360000, 1.060001, 0.355680, 0.385255, -1.000000, 0.442706, -1.000000
0.780000, 0.370000, 1.050001, 0.361120, 0.388144, -1.000000, 0.446627, -1.000000
0.780000, 0.380000, 1.040001, 0.366320, 0.391041, -1.000000, 0.450554, -1.000000
0.780000, 0.390000, 1.030001, 0.371280, 0.393946, -1.000000, 0.454487, -1.000000
0.780000, 0.400000, 1.020001, 0.376000, 0.396858, -1.000000, 0.458426, -1.000000
0.780000, 0.410000, 1.010001, 0.380480, 0.399778, -1.000000, 0.462371, -1.000000
0.780000, 0.420000, 1.000001, 0.384720, 0.402705, -1.000000, 0.466320, -1.000000
0.780000, 0.430000, 0.990001, 0.388720, 0.405639, -1.000000, 0.470273, -1.000000
0.780000, 0.440000, 0.980001, 0.392480, 0.408579, -1.000000, 0.473845, -1.000000
0.780000, 0.450000, 0.970001, 0.396000, 0.411526, -1.000000, 0.474072, -1.000000
0.780000, 0.460000, 0.960001, 0.399280, 0.414480, -1.000000, 0.474298, -1.000000
0.780000, 0.470000, 0.950001, 0.402320, 0.417439, -1.000000, 0.474525, -1.000000
0.780000, 0.480000, 0.940001, 0.405120, 0.420405, -1.000000, 0.474752, -1.000000
0.780000, 0.490000, 0.930001, 0.407680, 0.423376, -1.000000, 0.474978, -1.000000
0.780000, 0.500000, 0.920001, 0.410000, 0.426353, -1.000000, 0.475205, -1.000000
0.780000, 0.510000, 0.910001, 0.412080, 0.427089, -1.000000, 0.475432, -1.000000
0.780000, 0.520000, 0.900001, 0.413920, 0.427751, -1.000000, 0.475659, -1.000000
0.780000, 0.530000, 0.890001, 0.415520, 0.428414, -1.000000, 0.475885, -1.000000
0.780000, 0.540000, 0.880001, 0.416880, 0.429077, -1.000000, 0.476112, -1.000000
0.780000, 0.550000, 0.870001, 0.418000, 0.429175, -1.000000, 0.476339, -1.000000
0.780000, 0.560000, 0.860001, 0.418880, 0.429203, -1.000000, 0.476566, -1.000000
0.780000, 0.570000, 0.850001, 0.419520, 0.429231, -1.000000, 0.476793, -1.000000
0.780000, 0.580000, 0.840001, 0.419920, 0.429260, -1.000000, 0.477020, -1.000000
0.780000, 0.590000, 0.830001, 0.420080, 0.429288, -1.000000, 0.477246, -1.000000
0.780000, 0.600000, 0.820001, 0.420000, 0.429316, -1.000000, 0.477473, -1.000000
0.780000, 0.610000, 0.810001, 0.419680, 0.429344, -1.000000, 0.477700, -1.000000
0.780000, 0.620000, 0.800001, 0.419120, 0.429372, -1.000000, 0.477927, -1.000000
0.780000, 0.630000, 0.790001, 0.418320, 0.429400, -1.000000, 0.478154, -1.000000
0.780000, 0.640000, 0.780001, 0.417280, 0.429428, -1.000000, 0.478381, -1.000000
0.780000, 0.650000, 0.770001, 0.416000, 0.429456, -1.000000, 0.478608, -1.000000
0.780000, 0.660000, 0.760001, 0.414480, 0.429484, -1.000000, 0.478834, -1.000000
0.780000, 0.670000, 0.750001, 0.412720, 0.428935, -1.000000, 0.479061, -1.000000
0.780000, 0.680000, 0.740001, 0.410720, 0.427730, -1.000000, 0.479288, -1.000000
0.780000, 0.690000, 0.730001, 0.408480, 0.426526, -1.000000, 0.479515, -1.000000
0.780000, 0.700000, 0.720001, 0.406000, 0.425322, -1.000000, 0.479742, -1.000000
0.780000, 0.710000, 0.710001, 0.403280, 0.424107, -1.000000, 0.479969, -1.000000
0.780000, 0.720000, 0.700001, 0.400320, 0.422891, -1.000000, 0.480196, -1.000000
0.780000, 0.730000, 0.690001, 0.397120, 0.421675, -1.000000, 0.480423, -1.000000
0.780000, 0.740000, 0.680001, 0.393681, 0.420460, -1.000000, 0.480650, -1.000000
0.780000, 0.750000, 0.670001, 0.390001, 0.419246, -1.000000, 0.480877, -1.000000
0.780000, 0.760000, 0.660001, 0.386081, 0.418033, -1.000000, 0.480837, -1.000000
0.780000, 0.770000, 0.650001, 0.381921, 0.416821, -1.000000, 0.478048, -1.000000
0.780000, 0.780000, 0.640001, 0.377521, 0.415610, -1.000000, 0.475261, -1.000000
0.780000, 0.790000, 0.630001, 0.372881, 0.412822, -1.000000, 0.472475, -1.000000
0.780000, 0.800000, 0.620001, 0.368001, 0.408729, -1.000000, 0.469691, -1.000000
0.780000, 0.810000, 0.610001, 0.362881, 0.404648, -1.000000, 0.466909, -1.000000
0.780000, 0.820000, 0.600001, 0.357521, 0.400581, -1.000000, 0.464129, -1.000000
0.780000, 0.830000, 0.590001, 0.351921, 0.396527, -1.000000, 0.461351, -1.000000
0.780000, 0.839999, 0.580001, 0.346081, 0.392487, -1.000000, 0.458576, -1.000000
0.780000, 0.849999, 0.570001, 0.340001, 0.388462, -1.000000, 0.455803, -1.000000
0.780000, 0.859999, 0.560001, 0.333681, 0.384452, -1.000000, 0.453033, -1.000000
0.780000, 0.869999, 0.550001, 0.327121, 0.380458, -1.000000, 0.450265, -1.000000
0.780000, 0.879999, 0.540001, 0.320321, 0.376480, -1.000000, 0.447501, -1.000000
0.780000, 0.889999, 0.530001, 0.313281, 0.372519, -1.000000, 0.444740, -1.000000
0.780000, 0.899999, 0.520001, 0.306001, 0.368574, -1.000000, 0.441983, -1.000000
0.780000, 0.909999, 0.510001, 0.298481, 0.364647, -1.000000, 0.439229, -1.000000
0.780000, 0.919999, 0.500001, 0.290721, 0.360738, -1.000000, 0.436479, -1.000000
0.780000, 0.929999, 0.490001, 0.282721, 0.356847, -1.000000, 0.433732, -1.000000
0.780000, 0.939999, 0.480001, 0.274481, 0.352975, -1.000000, 0.430990, -1.000000
0.780000, 0.949999, 0.470001, 0.266001, 0.349123, -1.000000, 0.428252, -1.000000
0.780000, 0.959999, 0.460001, 0.257281, 0.345290, -1.000000, 0.425519, -1.000000
0.780000, 0.969999, 0.450001, 0.248321, 0.341477, -1.000000, 0.422789, -1.000000
0.780000, 0.979999, 0.440001, 0.239121, 0.337684, -1.000000, 0.420065, -1.000000
0.780000, 0.989999, 0.430001, 0.229681, 0.333912, -1.000000, 0.417346, -1.000000
0.780000, 0.999999, 0.420001, 0.220001, 0.330161, -1.000000, 0.414631, -1.000000
0.790000, 0.000000, 1.410001, 0.000000, 0.219824, 0.655587, 0.276844, 0.758405
0.790000, 0.010000, 1.400001, 0.013980, 0.224655, -1.000000, 0.281351, -1.000000
0.790000, 0.020000, 1.390001, 0.027720, 0.229562, -1.000000, 0.285902, -1.000000
0.790000, 0.030000, 1.380001, 0.041220, 0.234543, -1.000000, 0.290497, -1.000000
0.790000, 0.040000, 1.370000, 0.054480, 0.239599, -1.000000, 0.295135, -1.000000
0.790000, 0.050000, 1.360000, 0.067500, 0.244729, -1.000000, 0.299817, -1.000000
0.790000, 0.060000, 1.350001, 0.080280, 0.249932, -1.000000, 0.304540, -1.000000
0.790000, 0.070000, 1.340001, 0.092820, 0.255209, -1.000000, 0.309305, -1.000000
0.790000, 0.080000, 1.330001, 0.105120, 0.260558, -1.000000, 0.314111, -1.000000
0.790000, 0.090000, 1.320001, 0.117180, 0.265980, -1.000000, 0.318957, -1.000000
0.790000, 0.100000, 1.310001, 0.129000, 0.271473, -1.000000, 0.323842, -1.000000
0.790000, 0.110000, 1.300000, 0.140580, 0.277037, -1.000000, 0.328766, -1.000000
0.790000, 0.120000, 1.290000, 0.151920, 0.282670, -1.000000, 0.333728, -1.000000
0.790000, 0.130000, 1.280000, 0.163020, 0.288372, -1.000000, 0.338728, -1.000000
0.790000, 0.140000, 1.270000, 0.173880, 0.294142, -1.000000, 0.343763, -1.000000
0.790000, 0.150000, 1.260000, 0.184500, 0.299979, -1.000000, 0.348834, -1.000000
0.790000, 0.160000, 1.250000, 0.194880, 0.305882, -1.000000, 0.353939, -1.000000
0.790000, 0.170000, 1.240000, 0.205020, 0.311849, -1.000000, 0.359078, -1.000000
0.790000, 0.180000, 1.230000, 0.214920, 0.317879, -1.000000, 0.364249, -1.000000
0.790000, 0.190000, 1.220001, 0.224580, 0.323970, -1.000000, 0.369452, -1.000000
0.790000, 0.200000, 1.210001, 0.234000, 0.330122, -1.000000, 0.374685, -1.000000
0.790000, 0.210000, 1.200001, 0.243180, 0.335695, -1.000000, 0.379948, -1.000000
0.790000, 0.220000, 1.190000, 0.252120, 0.341160, -1.000000, 0.385239, -1.000000
0.790000, 0.230000, 1.180000, 0.260820, 0.346667, -1.000000, 0.390558, -1.000000
0.790000, 0.240000, 1.170000, 0.269280, 0.351186, -1.000000, 0.395902, -1.000000
0.790000, 0.250000, 1.160000, 0.277500, 0.353967, -1.000000, 0.400175, -1.000000
0.790000, 0.260000, 1.150000, 0.285480, 0.356758, -1.000000, 0.403992, -1.000000
0.790000, 0.270000, 1.140000, 0.293220, 0.359558, -1.000000, 0.407821, -1.000000
0.790000, 0.280000, 1.130000, 0.300720, 0.362368, -1.000000, 0.411661, -1.000000
0.790000, 0.290000, 1.120000, 0.307980, 0.365188, -1.000000, 0.415511, -1.000000
0.790000, 0.300000, 1.110000, 0.315000, 0.368017, -1.000000, 0.419373, -1.000000
0.790000, 0.310000, 1.100001, 0.321780, 0.370855, -1.000000, 0.423243, -1.000000
0.790000, 0.320000, 1.090001, 0.328320, 0.373701, -1.000000, 0.427124, -1.000000
0.790000, 0.330000, 1.080001, 0.334620, 0.376557, -1.000000, 0.431013, -1.000000
0.790000, 0.340000, 1.070001, 0.340680, 0.379421, -1.000000, 0.434911, -1.000000
0.790000, 0.350000, 1.060001, 0.346500, 0.382294, -1.000000, 0.438817, -1.000000
0.790000, 0.360000, 1.050001, 0.352080, 0.385175, -1.000000, 0.442730, -1.000000
0.790000, 0.370000, 1.040001, 0.357420, 0.388064, -1.000000, 0.446651, -1.000000
0.790000, 0.380000, 1.030001, 0.362520, 0.390961, -1.000000, 0.450578, -1.000000
0.790000, 0.390000, 1.020001, 0.367380, 0.393865, -1.000000, 0.454512, -1.000000
0.790000, 0.400000, 1.010001, 0.372000, 0.396778, -1.000000, 0.458451, -1.000000
0.790000, 0.410000, 1.000001, 0.376380, 0.399697, -1.000000, 0.462395, -1.000000
0.790000, 0.420000, 0.990001, 0.380520, 0.402624, -1.000000, 0.466344, -1.000000
0.790000, 0.430000, 0.980001, 0.384420, 0.405557, -1.000000, 0.470298, -1.000000
0.790000, 0.440000, 0.970001, 0.388080, 0.408497, -1.000000, 0.473801, -1.000000
0.790000, 0.450000, 0.960001, 0.391500, 0.411444, -1.000000, 0.474028, -1.000000
0.790000, 0.460000, 0.950001, 0.394680, 0.414398, -1.000000, 0.474255, -1.000000
0.790000, 0.470000, 0.940001, 0.397620, 0.417357, -1.000000, 0.474482, -1.000000
0.790000, 0.480000, 0.930001, 0.400320, 0.420322, -1.000000, 0.474708, -1.000000
0.790000, 0.490000, 0.920001, 0.402780, 0.423293, -1.000000, 0.474935, -1.000000
0.790000, 0.500000, 0.910001, 0.405000, 0.426270, -1.000000, 0.475162, -1.000000
0.790000, 0.510000, 0.900001, 0.406980, 0.427052, -1.000000, 0.475388, -1.000000
0.790000, 0.520000, 0.890001, 0.408720, 0.427715, -1.000000, 0.475615, -1.000000
0.790000, 0.530000, 0.880001, 0.410220, 0.428377, -1.000000, 0.475842, -1.000000
0.790000, 0.540000, 0.870001, 0.411480, 0.429040, -1.000000, 0.476069, -1.000000
0.790000, 0.550000, 0.860001, 0.412500, 0.429153, -1.000000, 0.476296, -1.000000
0.790000, 0.560000, 0.850001, 0.413280, 0.429181, -1.000000, 0.476522, -1.000000
0.790000, 0.570000, 0.840001, 0.413820, 0.429210, -1.000000, 0.476749, -1.000000
0.790000, 0.580000, 0.830001, 0.414120, 0.429238, -1.000000, 0.476976, -1.000000
0.790000, 0.590000, 0.820001, 0.414180, 0.429266, -1.000000, 0.477203, -1.000000
0.790000, 0.600000, 0.810001, 0.414000, 0.429294, -1.000000, 0.477430, -1.000000
0.790000, 0.610000, 0.800001, 0.413580, 0.429322, -1.000000, 0.477657, -1.000000
0.790000, 0.620000, 0.790001, 0.412920, 0.429350, -1.000000, 0.477883, -1.000000
0.790000, 0.630000, 0.780001, 0.412020, 0.429378, -1.000000, 0.478110, -1.000000
0.790000, 0.640000, 0.770001, 0.410880, 0.429406, -1.000000, 0.478337, -1.000000
0.790000, 0.650000, 0.760001, 0.409500, 0.429434, -1.000000, 0.478564, -1.000000
0.790000, 0.660000, 0.750001, 0.407880, 0.429462, -1.000000, 0.478791, -1.000000
0.790000, 0.670000, 0.740001, 0.406020, 0.428951, -1.000000, 0.479018, -1.000000
0.790000, 0.680000, 0.730001, 0.403920, 0.427746, -1.000000, 0.479245, -1.000000
0.790000, 0.690000, 0.720001, 0.401580, 0.426542, -1.000000, 0.479472, -1.000000
0.790000, 0.700000, 0.710001, 0.399000, 0.425338, -1.000000, 0.479699, -1.000000
0.790000, 0.710000, 0.700001, 0.396180, 0.424136, -1.000000, 0.479925, -1.000000
0.790000, 0.720000, 0.690001, 0.393120, 0.422934, -1.000000, 0.480152, -1.000000
0.790000, 0.730000, 0.680001, 0.389821, 0.421723, -1.000000, 0.480379, -1.000000
0.790000, 0.740000, 0.670001, 0.386281, 0.420508, -1.000000, 0.480606, -1.000000
0.790000, 0.750000, 0.660001, 0.382501, 0.419294, -1.000000, 0.480833, -1.000000
0.790000, 0.760000, 0.650001, 0.378481, 0.418081, -1.000000, 0.480805, -1.000000
0.790000, 0.770000, 0.640001, 0.374221, 0.416869, -1.000000, 0.478016, -1.000000
0.790000, 0.780000, 0.630001, 0.369721, 0.415657, -1.000000, 0.475229, -1.000000
0.790000, 0.790000, 0.620001, 0.364981, 0.413020, -1.000000, 0.472443, -1.000000
0.790000, 0.800000, 0.610001, 0.360001, 0.408926, -1.000000, 0.469660, -1.000000
0.790000, 0.810000, 0.600001, 0.354781, 0.404844, -1.000000, 0.466877, -1.000000
0.790000, 0.820000, 0.590001, 0.349321, 0.400776, -1.000000, 0.464097, -1.000000
0.790000, 0.830000, 0.580001, 0.343621, 0.396722, -1.000000, 0.461320, -1.000000
0.790000, 0.839999, 0.570001, 0.337681, 0.392681, -1.000000, 0.458544, -1.000000
0.790000, 0.849999, 0.560001, 0.331501, 0.388656, -1.000000, 0.455771, -1.000000
0.790000, 0.859999, 0.550001, 0.325081, 0.384645, -1.000000, 0.453001, -1.000000
0.790000, 0.869999, 0.540001, 0.318421, 0.380650, -1.000000, 0.450234, -1.000000
0.790000, 0.879999, 0.530001, 0.311521, 0.376671, -1.000000, 0.447470, -1.000000
0.790000, 0.889999, 0.520001, 0.304381, 0.372709, -1.000000, 0.444709, -1.000000
0.790000, 0.899999, 0.510001, 0.297001, 0.368763, -1.000000, 0.441951, -1.000000
0.790000, 0.909999, 0.500001, 0.289381, 0.364836, -1.000000, 0.439198, -1.000000
0.790000, 0.919999, 0.490001, 0.281521, 0.360926, -1.000000, 0.436447, -1.000000
0.790000, 0.929999, 0.480001, 0.273421, 0.357034, -1.000000, 0.433701, -1.000000
0.790000, 0.939999, 0.470001, 0.265081, 0.353161, -1.000000, 0.430959, -1.000000
0.790000, 0.949999, 0.460001, 0.256501, 0.349308, -1.000000, 0.428221, -1.000000
0.790000, 0.959999, 0.450001, 0.247681, 0.345474, -1.000000, 0.425487, -1.000000
0.790000, 0.969999, 0.440001, 0.238621, 0.341660, -1.000000, 0.422758, -1.000000
0.790000, 0.979999, 0.430001, 0.229321, 0.337866, -1.000000, 0.420034, -1.000000
0.790000, 0.989999, 0.420001, 0.219781, 0.334093, -1.000000, 0.417315, -1.000000
0.790000, 0.999999, 0.410001, 0.210001, 0.330341, -1.000000, 0.414600, -1.000000
0.800000, 0.000000, 1.400001, 0.000000, 0.219723, 0.655592, 0.276824, 0.758399
0.800000, 0.010000, 1.390001, 0.013880, 0.224552, -1.000000, 0.281331, -1.000000
0.800000, 0.020000, 1.380001, 0.027520, 0.229457, -1.000000, 0.285882, -1.000000
0.800000, 0.030000, 1.370001, 0.040920, 0.234437, -1.000000, 0.290477, -1.000000
0.800000, 0.040000, 1.360000, 0.054080, 0.239491, -1.000000, 0.295115, -1.000000
0.800000, 0.050000, 1.350001, 0.067000, 0.244619, -1.000000, 0.299796, -1.000000
0.800000, 0.060000, 1.340001, 0.079680, 0.249821, -1.000000, 0.304519, -1.000000
0.800000, 0.070000, 1.330001, 0.092120, 0.255097, -1.000000, 0.309284, -1.000000
0.800000, 0.080000, 1.320001, 0.104320, 0.260444, -1.000000, 0.314090, -1.000000
0.800000, 0.090000, 1.310001, 0.116280, 0.265865, -1.000000, 0.318936, -1.000000
0.800000, 0.100000, 1.300001, 0.128000, 0.271356, -1.000000, 0.323821, -1.000000
0.800000, 0.110000, 1.290000, 0.139480, 0.276918, -1.000000, 0.328745, -1.000000
0.800000, 0.120000, 1.280000, 0.150720, 0.282550, -1.000000, 0.333707, -1.000000
0.800000, 0.130000, 1.270000, 0.161720, 0.288251, -1.000000, 0.338706, -1.000000
0.800000, 0.140000, 1.260000, 0.172480, 0.294020, -1.000000, 0.343741, -1.000000
0.800000, 0.150000, 1.250000, 0.183000, 0.299855, -1.000000, 0.348812, -1.000000
0.800000, 0.160000, 1.240000, 0.193280, 0.305756, -1.000000, 0.353917, -1.000000
0.800000, 0.170000, 1.230000, 0.203320, 0.311722, -1.000000, 0.359055, -1.000000
0.800000, 0.180000, 1.220001, 0.213120, 0.317750, -1.000000, 0.364227, -1.000000
0.800000, 0.190000, 1.210001, 0.222680, 0.323841, -1.000000, 0.369429, -1.000000
0.800000, 0.200000, 1.200001, 0.232000, 0.329992, -1.000000, 0.374662, -1.000000
0.800000, 0.210000, 1.190001, 0.241080, 0.335569, -1.000000, 0.379925, -1.000000
0.800000, 0.220000, 1.180000, 0.249920, 0.341033, -1.000000, 0.385216, -1.000000
0.800000, 0.230000, 1.170000, 0.258520, 0.346539, -1.000000, 0.390535, -1.000000
0.800000, 0.240000, 1.160000, 0.266880, 0.351109, -1.000000, 0.395879, -1.000000
0.800000, 0.250000, 1.150000, 0.275000, 0.353890, -1.000000, 0.400199, -1.000000
0.800000, 0.260000, 1.140000, 0.282880, 0.356680, -1.000000, 0.404016, -1.000000
0.800000, 0.270000, 1.130000, 0.290520, 0.359480, -1.000000, 0.407845, -1.000000
0.800000, 0.280000, 1.120000, 0.297920, 0.362290, -1.000000, 0.411685, -1.000000
0.800000, 0.290000, 1.110000, 0.305080, 0.365110, -1.000000, 0.415536, -1.000000
0.800000, 0.300000, 1.100001, 0.312000, 0.367938, -1.000000, 0.419397, -1.000000
0.800000, 0.310000, 1.090001, 0.318680, 0.370776, -1.000000, 0.423268, -1.000000
0.800000, 0.320000, 1.080001, 0.325120, 0.373622, -1.000000, 0.427148, -1.000000
0.800000, 0.330000, 1.070001, 0.331320, 0.376478, -1.000000, 0.431037, -1.000000
0.800000, 0.340000, 1.060001, 0.337280, 0.379342, -1.000000, 0.434935, -1.000000
0.800000, 0.350000, 1.050001, 0.343000, 0.382214, -1.000000, 0.438841, -1.000000
0.800000, 0.360000, 1.040001, 0.348480, 0.385095, -1.000000, 0.442755, -1.000000
0.800000, 0.370000, 1.030001, 0.353720, 0.387984, -1.000000, 0.446676, -1.000000
0.800000, 0.380000, 1.020001, 0.358720, 0.390880, -1.000000, 0.450603, -1.000000
0.800000, 0.390000, 1.010001, 0.363480, 0.393785, -1.000000, 0.454536, -1.000000
0.800000, 0.400000, 1.000001, 0.368000, 0.396697, -1.000000, 0.458476, -1.000000
0.800000, 0.410000, 0.990001, 0.372280, 0.399616, -1.000000, 0.462420, -1.000000
0.800000, 0.420000, 0.980001, 0.376320, 0.402542, -1.000000, 0.466369, -1.000000
0.800000, 0.430000, 0.970001, 0.380120, 0.405476, -1.000000, 0.470322, -1.000000
0.800000, 0.440000, 0.960001, 0.383680, 0.408416, -1.000000, 0.473758, -1.000000
0.800000, 0.450000, 0.950001, 0.387000, 0.411362, -1.000000, 0.473985, -1.000000
0.800000, 0.460000, 0.940001, 0.390080, 0.414316, -1.000000, 0.474211, -1.000000
0.800000, 0.470000, 0.930001, 0.392920, 0.417275, -1.000000, 0.474438, -1.000000
0.800000, 0.480000, 0.920001, 0.395520, 0.420240, -1.000000, 0.474665, -1.000000
0.800000, 0.490000, 0.910001, 0.397880, 0.423211, -1.000000, 0.474892, -1.000000
0.800000, 0.500000, 0.900001, 0.400000, 0.426188, -1.000000, 0.475118, -1.000000
0.800000, 0.510000, 0.890001, 0.401880, 0.427016, -1.000000, 0.475345, -1.000000
0.800000, 0.520000, 0.880001, 0.403520, 0.427678, -1.000000, 0.475572, -1.000000
0.800000, 0.530000, 0.870001, 0.404920, 0.428341, -1.000000, 0.475799, -1.000000
0.800000, 0.540000, 0.860001, 0.406080, 0.429004, -1.000000, 0.476025, -1.000000
0.800000, 0.550000, 0.850001, 0.407000, 0.429131, -1.000000, 0.476252, -1.000000
0.800000, 0.560000, 0.840001, 0.407680, 0.429159, -1.000000, 0.476479, -1.000000
0.800000, 0.570000, 0.830001, 0.408120, 0.429187, -1.000000, 0.476706, -1.000000
0.800000, 0.580000, 0.820001, 0.408320, 0.429216, -1.000000, 0.476933, -1.000000
0.800000, 0.590000, 0.810001, 0.408280, 0.429244, -1.000000, 0.477159, -1.000000
0.800000, 0.600000, 0.800001, 0.408000, 0.429272, -1.000000, 0.477386, -1.000000
0.800000, 0.610000, 0.790001, 0.407480, 0.429300, -1.000000, 0.477613, -1.000000
0.800000, 0.620000, 0.780001, 0.406720, 0.429328, -1.000000, 0.477840, -1.000000
0.800000, 0.630000, 0.770001, 0.405720, 0.429356, -1.000000, 0.478067, -1.000000
0.800000, 0.640000, 0.760001, 0.404480, 0.429384, -1.000000, 0.478294, -1.000000
0.800000, 0.650000, 0.750001, 0.403000, 0.429412, -1.000000, 0.478521, -1.000000
0.800000, 0.660000, 0.740001, 0.401280, 0.429440, -1.000000, 0.478747, -1.000000
0.800000, 0.670000, 0.730001, 0.399320, 0.428967, -1.000000, 0.478974, -1.000000
0.800000, 0.680000, 0.720001, 0.397120, 0.427762, -1.000000, 0.479201, -1.000000
0.800000, 0.690000, 0.710001, 0.394680, 0.426557, -1.000000, 0.479428, -1.000000
0.800000, 0.700000, 0.700001, 0.392000, 0.425354, -1.000000, 0.479655, -1.000000
0.800000, 0.710000, 0.690001, 0.389080, 0.424152, -1.000000, 0.479882, -1.000000
0.800000, 0.720000, 0.680001, 0.385920, 0.422950, -1.000000, 0.480109, -1.000000
0.800000, 0.730000, 0.670001, 0.382520, 0.421749, -1.000000, 0.480336, -1.000000
0.800000, 0.740000, 0.660001, 0.378881, 0.420549, -1.000000, 0.480563, -1.000000
0.800000, 0.750000, 0.650001, 0.375001, 0.419341, -1.000000, 0.480790, -1.000000
0.800000, 0.760000, 0.640001, 0.370881, 0.418128, -1.000000, 0.480773, -1.000000
0.800000, 0.770000, 0.630001, 0.366521, 0.416916, -1.000000, 0.477985, -1.000000
0.800000, 0.780000, 0.620001, 0.361921, 0.415705, -1.000000, 0.475197, -1.000000
0.800000, 0.790000, 0.610001, 0.357081, 0.413217, -1.000000, 0.472412, -1.000000
0.800000, 0.800000, 0.600001, 0.352001, 0.409123, -1.000000, 0.469628, -1.000000
0.800000, 0.810000, 0.590001, 0.346681, 0.405041, -1.000000, 0.466846, -1.000000
0.800000, 0.820000, 0.580001, 0.341121, 0.400972, -1.000000, 0.464066, -1.000000
0.800000, 0.830000, 0.570001, 0.335321, 0.396917, -1.000000, 0.461288, -1.000000
0.800000, 0.839999, 0.560001, 0.329281, 0.392876, -1.000000, 0.458513, -1.000000
0.800000, 0.849999, 0.550001, 0.323001, 0.388849, -1.000000, 0.455740, -1.000000
0.800000, 0.859999, 0.540001, 0.316481, 0.384838, -1.000000, 0.452970, -1.000000
0.800000, 0.869999, 0.530001, 0.309721, 0.380842, -1.000000, 0.450202, -1.000000
0.800000, 0.879999, 0.520001, 0.302721, 0.376862, -1.000000, 0.447438, -1.000000
0.800000, 0.889999, 0.510001, 0.295481, 0.372899, -1.000000, 0.444678, -1.000000
0.800000, 0.899999, 0.500001, 0.288001, 0.368953, -1.000000, 0.441920, -1.000000
0.800000, 0.909999, 0.490001, 0.280281, 0.365024, -1.000000, 0.439166, -1.000000
0.800000, 0.919999, 0.480001, 0.272321, 0.361113, -1.000000, 0.436416, -1.000000
0.800000, 0.929999, 0.470001, 0.264121, 0.357221, -1.000000, 0.433670, -1.000000
0.800000, 0.939999, 0.460001, 0.255681, 0.353347, -1.000000, 0.430928, -1.000000
0.800000, 0.949999, 0.450001, 0.247001, 0.349493, -1.000000, 0.428190, -1.000000
0.800000, 0.959999, 0.440001, 0.238081, 0.345658, -1.000000, 0.425456, -1.000000
0.800000, 0.969999, 0.430001, 0.228921, 0.341843, -1.000000, 0.422727, -1.000000
0.800000, 0.979999, 0.420001, 0.219521, 0.338048, -1.000000, 0.420003, -1.000000
0.800000, 0.989999, 0.410001, 0.209881, 0.334274, -1.000000, 0.417284, -1.000000
0.800000, 0.999999, 0.400001, 0.200001, 0.330521, -1.000000, 0.414569, -1.000000
0.810000, 0.000000, 1.390001, 0.000000, 0.219621, 0.655597, 0.276805, 0.758393
0.810000, 0.010000, 1.380001, 0.013780, 0.224449, -1.000000, 0.281311, -1.000000
0.810000, 0.020000, 1.370001, 0.027320, 0.229353, -1.000000, 0.285862, -1.000000
0.810000, 0.030000, 1.360001, 0.040620, 0.234331, -1.000000, 0.290457, -1.000000
0.810000, 0.040000, 1.350001, 0.053680, 0.239383, -1.000000, 0.295095, -1.000000
0.810000, 0.050000, 1.340001, 0.066500, 0.244510, -1.000000, 0.299776, -1.000000
0.810000, 0.060000, 1.330001, 0.079080, 0.249710, -1.000000, 0.304499, -1.000000
0.810000, 0.070000, 1.320001, 0.091420, 0.254984, -1.000000, 0.309263, -1.000000
0.810000, 0.080000, 1.310001, 0.103520, 0.260330, -1.000000, 0.314069, -1.000000
0.810000, 0.090000, 1.300001, 0.115380, 0.265749, -1.000000, 0.318914, -1.000000
0.810000, 0.100000, 1.290001, 0.127000, 0.271239, -1.000000, 0.323800, -1.000000
0.810000, 0.110000, 1.280000, 0.138380, 0.276800, -1.000000, 0.328723, -1.000000
0.810000, 0.120000, 1.270000, 0.149520, 0.282430, -1.000000, 0.333685, -1.000000
0.810000, 0.130000, 1.260000, 0.160420, 0.288129, -1.000000, 0.338684, -1.000000
0.810000, 0.140000, 1.250000, 0.171080, 0.293897, -1.000000, 0.343719, -1.000000
0.810000, 0.150000, 1.240000, 0.181500, 0.299731, -1.000000, 0.348790, -1.000000
0.810000, 0.160000, 1.230000, 0.191680, 0.305631, -1.000000, 0.353895, -1.000000
0.810000, 0.170000, 1.220001, 0.201620, 0.311595, -1.000000, 0.359033, -1.000000
0.810000, 0.180000, 1.210001, 0.211320, 0.317622, -1.000000, 0.364204, -1.000000
0.810000, 0.190000, 1.200001, 0.220780, 0.323711, -1.000000, 0.369407, -1.000000
0.810000, 0.200000, 1.190001, 0.230000, 0.329861, -1.000000, 0.374640, -1.000000
0.810000, 0.210000, 1.180001, 0.238980, 0.335443, -1.000000, 0.379902, -1.000000
0.810000, 0.220000, 1.170000, 0.247720, 0.340906, -1.000000, 0.385193, -1.000000
0.810000, 0.230000, 1.160000, 0.256220, 0.346411, -1.000000, 0.390512, -1.000000
0.810000, 0.240000, 1.150000, 0.264480, 0.351032, -1.000000, 0.395856, -1.000000
0.810000, 0.250000, 1.140000, 0.272500, 0.353813, -1.000000, 0.400223, -1.000000
0.810000, 0.260000, 1.130000, 0.280280, 0.356603, -1.000000, 0.404040, -1.000000
0.810000, 0.270000, 1.120000, 0.287820, 0.359403, -1.000000, 0.407869, -1.000000
0.810000, 0.280000, 1.110000, 0.295120, 0.362212, -1.000000, 0.411709, -1.000000
0.810000, 0.290000, 1.100001, 0.302180, 0.365031, -1.000000, 0.415560, -1.000000
0.810000, 0.300000, 1.090001, 0.309000, 0.367860, -1.000000, 0.419421, -1.000000
0.810000, 0.310000, 1.080001, 0.315580, 0.370697, -1.000000, 0.423292, -1.000000
0.810000, 0.320000, 1.070001, 0.321920, 0.373543, -1.000000, 0.427172, -1.000000
0.810000, 0.330000, 1.060001, 0.328020, 0.376399, -1.000000, 0.431062, -1.000000
0.810000, 0.340000, 1.050001, 0.333880, 0.379262, -1.000000, 0.434960, -1.000000
0.810000, 0.350000, 1.040001, 0.339500, 0.382135, -1.000000, 0.438866, -1.000000
0.810000, 0.360000, 1.030001, 0.344880, 0.385015, -1.000000, 0.442779, -1.000000
0.810000, 0.370000, 1.020001, 0.350020, 0.387904, -1.000000, 0.446700, -1.000000
0.810000, 0.380000, 1.010001, 0.354920, 0.390800, -1.000000, 0.450628, -1.000000
0.810000, 0.390000, 1.000001, 0.359580, 0.393704, -1.000000, 0.454561, -1.000000
0.810000, 0.400000, 0.990001, 0.364000, 0.396616, -1.000000, 0.458500, -1.000000
0.810000, 0.410000, 0.980001, 0.368180, 0.399535, -1.000000, 0.462445, -1.000000
0.810000, 0.420000, 0.970001, 0.372120, 0.402461, -1.000000, 0.466394, -1.000000
0.810000, 0.430000, 0.960001, 0.375820, 0.405394, -1.000000, 0.470347, -1.000000
0.810000, 0.440000, 0.950001, 0.379280, 0.408334, -1.000000, 0.473715, -1.000000
0.810000, 0.450000, 0.940001, 0.382500, 0.411281, -1.000000, 0.473941, -1.000000
0.810000, 0.460000, 0.930001, 0.385480, 0.414234, -1.000000, 0.474168, -1.000000
0.810000, 0.470000, 0.920001, 0.388220, 0.417193, -1.000000, 0.474395, -1.000000
0.810000, 0.480000, 0.910001, 0.390720, 0.420158, -1.000000, 0.474621, -1.000000
0.810000, 0.490000, 0.900001, 0.392980, 0.423129, -1.000000, 0.474848, -1.000000
0.810000, 0.500000, 0.890001, 0.395000, 0.426105, -1.000000, 0.475075, -1.000000
0.810000, 0.510000, 0.880001, 0.396780, 0.426979, -1.000000, 0.475302, -1.000000
0.810000, 0.520000, 0.870001, 0.398320, 0.427642, -1.000000, 0.475528, -1.000000
0.810000, 0.530000, 0.860001, 0.399620, 0.428304, -1.000000, 0.475755, -1.000000
0.810000, 0.540000, 0.850001, 0.400680, 0.428967, -1.000000, 0.475982, -1.000000
0.810000, 0.550000, 0.840001, 0.401500, 0.429109, -1.000000, 0.476209, -1.000000
0.810000, 0.560000, 0.830001, 0.402080, 0.429137, -1.000000, 0.476435, -1.000000
0.810000, 0.570000, 0.820001, 0.402420, 0.429166, -1.000000, 0.476662, -1.000000
0.810000, 0.580000, 0.810001, 0.402520, 0.429194, -1.000000, 0.476889, -1.000000
0.810000, 0.590000, 0.800001, 0.402380, 0.429222, -1.000000, 0.477116, -1.000000
0.810000, 0.600000, 0.790001, 0.402000, 0.429250, -1.000000, 0.477343, -1.000000
0.810000, 0.610000, 0.780001, 0.401380, 0.429278, -1.000000, 0.477570, -1.000000
0.810000, 0.620000, 0.770001, 0.400520, 0.429306, -1.000000, 0.477796, -1.000000
0.810000, 0.630000, 0.760001, 0.399420, 0.429334, -1.000000, 0.478023, -1.000000
0.810000, 0.640000, 0.750001, 0.398080, 0.429362, -1.000000, 0.478250, -1.000000
0.810000, 0.650000, 0.740001, 0.396500, 0.429390, -1.000000, 0.478477, -1.000000
0.810000, 0.660000, 0.730001, 0.394680, 0.429418, -1.000000, 0.478704, -1.000000
0.810000, 0.670000, 0.720001, 0.392620, 0.428983, -1.000000, 0.478931, -1.000000
0.810000, 0.680000, 0.710001, 0.390320, 0.427778, -1.000000, 0.479158, -1.000000
0.810000, 0.690000, 0.700001, 0.387780, 0.426573, -1.000000, 0.479385, -1.000000
0.810000, 0.700000, 0.690001, 0.385000, 0.425370, -1.000000, 0.479612, -1.000000
0.810000, 0.710000, 0.680001, 0.381981, 0.424167, -1.000000, 0.479839, -1.000000
0.810000, 0.720000, 0.670001, 0.378720, 0.422966, -1.000000, 0.480065, -1.000000
0.810000, 0.730000, 0.660001, 0.375221, 0.421765, -1.000000, 0.480292, -1.000000
0.810000, 0.740000, 0.650001, 0.371481, 0.420565, -1.000000, 0.480519, -1.000000
0.810000, 0.750000, 0.640001, 0.367501, 0.419366, -1.000000, 0.480746, -1.000000
0.810000, 0.760000, 0.630001, 0.363281, 0.418168, -1.000000, 0.480742, -1.000000
0.810000, 0.770000, 0.620001, 0.358821, 0.416964, -1.000000, 0.477953, -1.000000
0.810000, 0.780000, 0.610001, 0.354121, 0.415753, -1.000000, 0.475166, -1.000000
0.810000, 0.790000, 0.600001, 0.349181, 0.413414, -1.000000, 0.472380, -1.000000
0.810000, 0.800000, 0.590001, 0.344001, 0.409319, -1.000000, 0.469596, -1.000000
0.810000, 0.810000, 0.580001, 0.338581, 0.405237, -1.000000, 0.466814, -1.000000
0.810000, 0.820000, 0.570001, 0.332921, 0.401167, -1.000000, 0.464034, -1.000000
0.810000, 0.830000, 0.560001, 0.327021, 0.397112, -1.000000, 0.461256, -1.000000
0.810000, 0.839999, 0.550001, 0.320881, 0.393070, -1.000000, 0.458481, -1.000000
0.810000, 0.849999, 0.540001, 0.314501, 0.389043, -1.000000, 0.455708, -1.000000
0.810000, 0.859999, 0.530001, 0.307881, 0.385030, -1.000000, 0.452938, -1.000000
0.810000, 0.869999, 0.520001, 0.301021, 0.381034, -1.000000, 0.450171, -1.000000
0.810000, 0.879999, 0.510001, 0.293921, 0.377053, -1.000000, 0.447407, -1.000000
0.810000, 0.889999, 0.500001, 0.286581, 0.373089, -1.000000, 0.444646, -1.000000
0.810000, 0.899999, 0.490001, 0.279001, 0.369143, -1.000000, 0.441889, -1.000000
0.810000, 0.909999, 0.480001, 0.271181, 0.365213, -1.000000, 0.439135, -1.000000
0.810000, 0.919999, 0.470001, 0.263121, 0.361301, -1.000000, 0.436385, -1.000000
0.810000, 0.929999, 0.460001, 0.254821, 0.357408, -1.000000, 0.433639, -1.000000
0.810000, 0.939999, 0.450001, 0.246281, 0.353533, -1.000000, 0.430897, -1.000000
0.810000, 0.949999, 0.440001, 0.237501, 0.349678, -1.000000, 0.428159, -1.000000
0.810000, 0.959999, 0.430001, 0.228481, 0.345842, -1.000000, 0.425425, -1.000000
0.810000, 0.969999, 0.420001, 0.219221, 0.342026, -1.000000, 0.422696, -1.000000
0.810000, 0.979999, 0.410001, 0.209721, 0.338230, -1.000000, 0.419972, -1.000000
0.810000, 0.989999, 0.400001, 0.199981, 0.334455, -1.000000, 0.417253, -1.000000
0.810000, 0.999999, 0.390001, 0.190001, 0.330701, -1.000000, 0.414538, -1.000000
0.820000, 0.000000, 1.380001, 0.000000, 0.219520, 0.655601, 0.276785, 0.758387
0.820000, 0.010000, 1.370001, 0.013680, 0.224346, -1.000000, 0.281292, -1.000000
0.820000, 0.020000, 1.360001, 0.027120, 0.229248, -1.000000, 0.285842, -1.000000
0.820000, 0.030000, 1.350001, 0.040320, 0.234225, -1.000000, 0.290437, -1.000000
0.820000, 0.040000, 1.340001, 0.053280, 0.239276, -1.000000, 0.295075, -1.000000
0.820000, 0.050000, 1.330001, 0.066000, 0.244401, -1.000000, 0.299755, -1.000000
0.820000, 0.060000, 1.320001, 0.078480, 0.249600, -1.000000, 0.304478, -1.000000
0.820000, 0.070000, 1.310001, 0.090720, 0.254872, -1.000000, 0.309243, -1.000000
0.820000, 0.080000, 1.300001, 0.102720, 0.260217, -1.000000, 0.314048, -1.000000
0.820000, 0.090000, 1.290001, 0.114480, 0.265634, -1.000000, 0.318893, -1.000000
0.820000, 0.100000, 1.280001, 0.126000, 0.271122, -1.000000, 0.323778, -1.000000
0.820000, 0.110000, 1.270000, 0.137280, 0.276681, -1.000000, 0.328702, -1.000000
0.820000, 0.120000, 1.260000, 0.148320, 0.282310, -1.000000, 0.333663, -1.000000
0.820000, 0.130000, 1.250000, 0.159120, 0.288008, -1.000000, 0.338662, -1.000000
0.820000, 0.140000, 1.240000, 0.169680, 0.293774, -1.000000, 0.343697, -1.000000
0.820000, 0.150000, 1.230000, 0.180000, 0.299607, -1.000000, 0.348767, -1.000000
0.820000, 0.160000, 1.220001, 0.190080, 0.305505, -1.000000, 0.353872, -1.000000
0.820000, 0.170000, 1.210001, 0.199920, 0.311468, -1.000000, 0.359011, -1.000000
0.820000, 0.180000, 1.200001, 0.209520, 0.317494, -1.000000, 0.364181, -1.000000
0.820000, 0.190000, 1.190001, 0.218880, 0.323582, -1.000000, 0.369384, -1.000000
0.820000, 0.200000, 1.180001, 0.228000, 0.329730, -1.000000, 0.374617, -1.000000
0.820000, 0.210000, 1.170001, 0.236880, 0.335317, -1.000000, 0.379879, -1.000000
0.820000, 0.220000, 1.160000, 0.245520, 0.340778, -1.000000, 0.385170, -1.000000
0.820000, 0.230000, 1.150000, 0.253920, 0.346283, -1.000000, 0.390488, -1.000000
0.820000, 0.240000, 1.140000, 0.262080, 0.350955, -1.000000, 0.395833, -1.000000
0.820000, 0.250000, 1.130000, 0.270000, 0.353735, -1.000000, 0.400247, -1.000000
0.820000, 0.260000, 1.120000, 0.277680, 0.356525, -1.000000, 0.404064, -1.000000
0.820000, 0.270000, 1.110000, 0.285120, 0.359325, -1.000000, 0.407893, -1.000000
0.820000, 0.280000, 1.100001, 0.292320, 0.362134, -1.000000, 0.411733, -1.000000
0.820000, 0.290000, 1.090001, 0.299280, 0.364953, -1.000000, 0.415584, -1.000000
0.820000, 0.300000, 1.080001, 0.306000, 0.367781, -1.000000, 0.419445, -1.000000
0.820000, 0.310000, 1.070001, 0.312480, 0.370618, -1.000000, 0.423316, -1.000000
0.820000, 0.320000, 1.060001, 0.318720, 0.373464, -1.000000, 0.427197, -1.000000
0.820000, 0.330000, 1.050001, 0.324720, 0.376319, -1.000000, 0.431086, -1.000000
0.820000, 0.340000, 1.040001, 0.330480, 0.379183, -1.000000, 0.434984, -1.000000
0.820000, 0.350000, 1.030001, 0.336000, 0.382055, -1.000000, 0.438890, -1.000000
0.820000, 0.360000, 1.020001, 0.341280, 0.384935, -1.000000, 0.442804, -1.000000
0.820000, 0.370000, 1.010001, 0.346320, 0.387823, -1.000000, 0.446725, -1.000000
0.820000, 0.380000, 1.000001, 0.351120, 0.390720, -1.000000, 0.450652, -1.000000
0.820000, 0.390000, 0.990001, 0.355680, 0.393624, -1.000000, 0.454586, -1.000000
0.820000, 0.400000, 0.980001, 0.360000, 0.396535, -1.000000, 0.458525, -1.000000
0.820000, 0.410000, 0.970001, 0.364080, 0.399454, -1.000000, 0.462469, -1.000000
0.820000, 0.420000, 0.960001, 0.367920, 0.402380, -1.000000, 0.466419, -1.000000
0.820000, 0.430000, 0.950001, 0.371520, 0.405313, -1.000000, 0.470372, -1.000000
0.820000, 0.440000, 0.940001, 0.374880, 0.408253, -1.000000, 0.473671, -1.000000
0.820000, 0.450000, 0.930001, 0.378000, 0.411199, -1.000000, 0.473898, -1.000000
0.820000, 0.460000, 0.920001, 0.380880, 0.414152, -1.000000, 0.474124, -1.000000
0.820000, 0.470000, 0.910001, 0.383520, 0.417111, -1.000000, 0.474351, -1.000000
0.820000, 0.480000, 0.900001, 0.385920, 0.420075, -1.000000, 0.474578, -1.000000
0.820000, 0.490000, 0.890001, 0.388080, 0.423046, -1.000000, 0.474805, -1.000000
0.820000, 0.500000, 0.880001, 0.390000, 0.426022, -1.000000, 0.475031, -1.000000
0.820000, 0.510000, 0.870001, 0.391680, 0.426943, -1.000000, 0.475258, -1.000000
0.820000, 0.520000, 0.860001, 0.393120, 0.427605, -1.000000, 0.475485, -1.000000
0.820000, 0.530000, 0.850001, 0.394320, 0.428268, -1.000000, 0.475712, -1.000000
0.820000, 0.540000, 0.840001, 0.395280, 0.428931, -1.000000, 0.475938, -1.000000
0.820000, 0.550000, 0.830001, 0.396000, 0.429087, -1.000000, 0.476165, -1.000000
0.820000, 0.560000, 0.820001, 0.396480, 0.429115, -1.000000, 0.476392, -1.000000
0.820000, 0.570000, 0.810001, 0.396720, 0.429144, -1.000000, 0.476619, -1.000000
0.820000, 0.580000, 0.800001, 0.396720, 0.429172, -1.000000, 0.476846, -1.000000
0.820000, 0.590000, 0.790001, 0.396480, 0.429200, -1.000000, 0.477072, -1.000000
0.820000, 0.600000, 0.780001, 0.396000, 0.429228, -1.000000, 0.477299, -1.000000
0.820000, 0.610000, 0.770001, 0.395280, 0.429256, -1.000000, 0.477526, -1.000000
0.820000, 0.620000, 0.760001, 0.394320, 0.429284, -1.000000, 0.477753, -1.000000
0.820000, 0.630000, 0.750001, 0.393120, 0.429312, -1.000000, 0.477980, -1.000000
0.820000, 0.640000, 0.740001, 0.391680, 0.429340, -1.000000, 0.478207, -1.000000
0.820000, 0.650000, 0.730001, 0.390000, 0.429368, -1.000000, 0.478434, -1.000000
0.820000, 0.660000, 0.720001, 0.388080, 0.429396, -1.000000, 0.478661, -1.000000
0.820000, 0.670000, 0.710001, 0.385920, 0.428999, -1.000000, 0.478887, -1.000000
0.820000, 0.680000, 0.700001, 0.383520, 0.427794, -1.000000, 0.479114, -1.000000
0.820000, 0.690000, 0.690001, 0.380880, 0.426589, -1.000000, 0.479341, -1.000000
0.820000, 0.700000, 0.680001, 0.378000, 0.425386, -1.000000, 0.479568, -1.000000
0.820000, 0.710000, 0.670001, 0.374880, 0.424183, -1.000000, 0.479795, -1.000000
0.820000, 0.720000, 0.660001, 0.371521, 0.422982, -1.000000, 0.480022, -1.000000
0.820000, 0.730000, 0.650001, 0.367921, 0.421781, -1.000000, 0.480249, -1.000000
0.820000, 0.740000, 0.640001, 0.364081, 0.420581, -1.000000, 0.480476, -1.000000
0.820000, 0.750000, 0.630001, 0.360001, 0.419382, -1.000000, 0.480703, -1.000000
0.820000, 0.760000, 0.620001, 0.355681, 0.418184, -1.000000, 0.480710, -1.000000
0.820000, 0.770000, 0.610001, 0.351121, 0.416987, -1.000000, 0.477921, -1.000000
0.820000, 0.780000, 0.600001, 0.346321, 0.415791, -1.000000, 0.475134, -1.000000
0.820000, 0.790000, 0.590001, 0.341281, 0.413612, -1.000000, 0.472348, -1.000000
0.820000, 0.800000, 0.580001, 0.336001, 0.409516, -1.000000, 0.469564, -1.000000
0.820000, 0.810000, 0.570001, 0.330481, 0.405433, -1.000000, 0.466782, -1.000000
0.820000, 0.820000, 0.560001, 0.324721, 0.401363, -1.000000, 0.464002, -1.000000
0.820000, 0.830000, 0.550001, 0.318721, 0.397306, -1.000000, 0.461225, -1.000000
0.820000, 0.839999, 0.540001, 0.312481, 0.393264, -1.000000, 0.458449, -1.000000
0.820000, 0.849999, 0.530001, 0.306001, 0.389236, -1.000000, 0.455677, -1.000000
0.820000, 0.859999, 0.520001, 0.299281, 0.385223, -1.000000, 0.452907, -1.000000
0.820000, 0.869999, 0.510001, 0.292321, 0.381226, -1.000000, 0.450140, -1.000000
0.820000, 0.879999, 0.500001, 0.285121, 0.377245, -1.000000, 0.447375, -1.000000
0.820000, 0.889999, 0.490001, 0.277681, 0.373280, -1.000000, 0.444615, -1.000000
0.820000, 0.899999, 0.480001, 0.270001, 0.369332, -1.000000, 0.441857, -1.000000
0.820000, 0.909999, 0.470001, 0.262081, 0.365402, -1.000000, 0.439104, -1.000000
0.820000, 0.919999, 0.460001, 0.253921, 0.361489, -1.000000, 0.436354, -1.000000
0.820000, 0.929999, 0.450001, 0.245521, 0.357595, -1.000000, 0.433607, -1.000000
0.820000, 0.939999, 0.440001, 0.236881, 0.353719, -1.000000, 0.430865, -1.000000
0.820000, 0.949999, 0.430001, 0.228001, 0.349863, -1.000000, 0.428128, -1.000000
0.820000, 0.959999, 0.420001, 0.218881, 0.346026, -1.000000, 0.425394, -1.000000
0.820000, 0.969999, 0.410001, 0.209521, 0.342209, -1.000000, 0.422665, -1.000000
0.820000, 0.979999, 0.400001, 0.199921, 0.338412, -1.000000, 0.419941, -1.000000
0.820000, 0.989999, 0.390001, 0.190081, 0.334637, -1.000000, 0.417222, -1.000000
0.820000, 0.999999, 0.380001, 0.180001, 0.330882, -1.000000, 0.414508, -1.000000
0.830000, 0.000000, 1.370001, 0.000000, 0.219418, 0.655606, 0.276766, 0.758381
0.830000, 0.010000, 1.360001, 0.013580, 0.224244, -1.000000, 0.281272, -1.000000
0.830000, 0.020000, 1.350001, 0.026920, 0.229144, -1.000000, 0.285822, -1.000000
0.830000, 0.030000, 1.340001, 0.040020, 0.234119, -1.000000, 0.290417, -1.000000
0.830000, 0.040000, 1.330001, 0.052880, 0.239168, -1.000000, 0.295055, -1.000000
0.830000, 0.050000, 1.320001, 0.065500, 0.244291, -1.000000, 0.299735, -1.000000
0.830000, 0.060000, 1.310001, 0.077880, 0.249489, -1.000000, 0.304458, -1.000000
0.830000, 0.070000, 1.300001, 0.090020, 0.254759, -1.000000, 0.309222, -1.000000
0.830000, 0.080000, 1.290001, 0.101920, 0.260103, -1.000000, 0.314027, -1.000000
0.830000, 0.090000, 1.280001, 0.113580, 0.265518, -1.000000, 0.318872, -1.000000
0.830000, 0.100000, 1.270001, 0.125000, 0.271005, -1.000000, 0.323757, -1.000000
0.830000, 0.110000, 1.260000, 0.136180, 0.276563, -1.000000, 0.328680, -1.000000
0.830000, 0.120000, 1.250000, 0.147120, 0.282190, -1.000000, 0.333642, -1.000000
0.830000, 0.130000, 1.240000, 0.157820, 0.287887, -1.000000, 0.338640, -1.000000
0.830000, 0.140000, 1.230000, 0.168280, 0.293651, -1.000000, 0.343675, -1.000000
0.830000, 0.150000, 1.220001, 0.178500, 0.299482, -1.000000, 0.348745, -1.000000
0.830000, 0.160000, 1.210001, 0.188480, 0.305380, -1.000000, 0.353850, -1.000000
0.830000, 0.170000, 1.200001, 0.198220, 0.311341, -1.000000, 0.358988, -1.000000
0.830000, 0.180000, 1.190001, 0.207720, 0.317366, -1.000000, 0.364159, -1.000000
0.830000, 0.190000, 1.180001, 0.216980, 0.323452, -1.000000, 0.369361, -1.000000
0.830000, 0.200000, 1.170001, 0.226000, 0.329599, -1.000000, 0.374594, -1.000000
0.830000, 0.210000, 1.160001, 0.234780, 0.335191, -1.000000, 0.379856, -1.000000
0.830000, 0.220000, 1.150000, 0.243320, 0.340651, -1.000000, 0.385147, -1.000000
0.830000, 0.230000, 1.140000, 0.251620, 0.346155, -1.000000, 0.390465, -1.000000
0.830000, 0.240000, 1.130000, 0.259680, 0.350878, -1.000000, 0.395809, -1.000000
0.830000, 0.250000, 1.120000, 0.267500, 0.353658, -1.000000, 0.400270, -1.000000
0.830000, 0.260000, 1.110000, 0.275080, 0.356448, -1.000000, 0.404088, -1.000000
0.830000, 0.270000, 1.100001, 0.282420, 0.359247, -1.000000, 0.407917, -1.000000
0.830000, 0.280000, 1.090001, 0.289520, 0.362056, -1.000000, 0.411757, -1.000000
0.830000, 0.290000, 1.080001, 0.296380, 0.364875, -1.000000, 0.415608, -1.000000
0.830000, 0.300000, 1.070001, 0.303000, 0.367703, -1.000000, 0.419469, -1.000000
0.830000, 0.310000, 1.060001, 0.309380, 0.370539, -1.000000, 0.423340, -1.000000
0.830000, 0.320000, 1.050001, 0.315520, 0.373385, -1.000000, 0.427221, -1.000000
0.830000, 0.330000, 1.040001, 0.321420, 0.376240, -1.000000, 0.431110, -1.000000
0.830000, 0.340000, 1.030001, 0.327080, 0.379103, -1.000000, 0.435008, -1.000000
0.830000, 0.350000, 1.020001, 0.332500, 0.381975, -1.000000, 0.438915, -1.000000
0.830000, 0.360000, 1.010001, 0.337680, 0.384855, -1.000000, 0.442828, -1.000000
0.830000, 0.370000, 1.000001, 0.342620, 0.387743, -1.000000, 0.446749, -1.000000
0.830000, 0.380000, 0.990001, 0.347320, 0.390639, -1.000000, 0.450677, -1.000000
0.830000, 0.390000, 0.980001, 0.351780, 0.393543, -1.000000, 0.454610, -1.000000
0.830000, 0.400000, 0.970001, 0.356000, 0.396454, -1.000000, 0.458550, -1.000000
0.830000, 0.410000, 0.960001, 0.359980, 0.399373, -1.000000, 0.462494, -1.000000
0.830000, 0.420000, 0.950001, 0.363720, 0.402299, -1.000000, 0.466443, -1.000000
0.830000, 0.430000, 0.940001, 0.367220, 0.405232, -1.000000, 0.470397, -1.000000
0.830000, 0.440000, 0.930001, 0.370480, 0.408171, -1.000000, 0.473628, -1.000000
0.830000, 0.450000, 0.920001, 0.373500, 0.411117, -1.000000, 0.473854, -1.000000
0.830000, 0.460000, 0.910001, 0.376280, 0.414070, -1.000000, 0.474081, -1.000000
0.830000, 0.470000, 0.900001, 0.378820, 0.417028, -1.000000, 0.474308, -1.000000
0.830000, 0.480000, 0.890001, 0.381120, 0.419993, -1.000000, 0.474534, -1.000000
0.830000, 0.490000, 0.880001, 0.383180, 0.422964, -1.000000, 0.474761, -1.000000
0.830000, 0.500000, 0.870001, 0.385000, 0.425940, -1.000000, 0.474988, -1.000000
0.830000, 0.510000, 0.860001, 0.386580, 0.426906, -1.000000, 0.475215, -1.000000
0.830000, 0.520000, 0.850001, 0.387920, 0.427568, -1.000000, 0.475441, -1.000000
0.830000, 0.530000, 0.840001, 0.389020, 0.428231, -1.000000, 0.475668, -1.000000
0.830000, 0.540000, 0.830001, 0.389880, 0.428894, -1.000000, 0.475895, -1.000000
0.830000, 0.550000, 0.820001, 0.390500, 0.429065, -1.000000, 0.476122, -1.000000
0.830000, 0.560000, 0.810001, 0.390880, 0.429094, -1.000000, 0.476349, -1.000000
0.830000, 0.570000, 0.800001, 0.391020, 0.429121, -1.000000, 0.476575, -1.000000
0.830000, 0.580000, 0.790001, 0.390920, 0.429150, -1.000000, 0.476802, -1.000000
0.830000, 0.590000, 0.780001, 0.390580, 0.429178, -1.000000, 0.477029, -1.000000
0.830000, 0.600000, 0.770001, 0.390000, 0.429206, -1.000000, 0.477256, -1.000000
0.830000, 0.610000, 0.760001, 0.389180, 0.429234, -1.000000, 0.477483, -1.000000
0.830000, 0.620000, 0.750001, 0.388120, 0.429262, -1.000000, 0.477710, -1.000000
0.830000, 0.630000, 0.740001, 0.386820, 0.429290, -1.000000, 0.477936, -1.000000
0.830000, 0.640000, 0.730001, 0.385280, 0.429318, -1.000000, 0.478163, -1.000000
0.830000, 0.650000, 0.720001, 0.383500, 0.429346, -1.000000, 0.478390, -1.000000
0.830000, 0.660000, 0.710001, 0.381480, 0.429374, -1.000000, 0.478617, -1.000000
0.830000, 0.670000, 0.700001, 0.379220, 0.429015, -1.000000, 0.478844, -1.000000
0.830000, 0.680000, 0.690001, 0.376720, 0.427810, -1.000000, 0.479071, -1.000000
0.830000, 0.690000, 0.680001, 0.373980, 0.426605, -1.000000, 0.479298, -1.000000
0.830000, 0.700000, 0.670001, 0.371000, 0.425402, -1.000000, 0.479525, -1.000000
0.830000, 0.710000, 0.660001, 0.367781, 0.424199, -1.000000, 0.479752, -1.000000
0.830000, 0.720000, 0.650001, 0.364321, 0.422998, -1.000000, 0.479978, -1.000000
0.830000, 0.730000, 0.640001, 0.360621, 0.421797, -1.000000, 0.480206, -1.000000
0.830000, 0.740000, 0.630001, 0.356681, 0.420597, -1.000000, 0.480432, -1.000000
0.830000, 0.750000, 0.620001, 0.352501, 0.419398, -1.000000, 0.480659, -1.000000
0.830000, 0.760000, 0.610001, 0.348081, 0.418200, -1.000000, 0.480678, -1.000000
0.830000, 0.770000, 0.600001, 0.343421, 0.417003, -1.000000, 0.477890, -1.000000
0.830000, 0.780000, 0.590001, 0.338521, 0.415807, -1.000000, 0.475102, -1.000000
0.830000, 0.790000, 0.580001, 0.333381, 0.413783, -1.000000, 0.472317, -1.000000
0.830000, 0.800000, 0.570001, 0.328001, 0.409702, -1.000000, 0.469533, -1.000000
0.830000, 0.810000, 0.560001, 0.322381, 0.405629, -1.000000, 0.466751, -1.000000
0.830000, 0.820000, 0.550001, 0.316521, 0.401559, -1.000000, 0.463971, -1.000000
0.830000, 0.830000, 0.540001, 0.310421, 0.397501, -1.000000, 0.461193, -1.000000
0.830000, 0.839999, 0.530001, 0.304081, 0.393458, -1.000000, 0.458418, -1.000000
0.830000, 0.849999, 0.520001, 0.297501, 0.389430, -1.000000, 0.455645, -1.000000
0.830000, 0.859999, 0.510001, 0.290681, 0.385416, -1.000000, 0.452875, -1.000000
0.830000, 0.869999, 0.500001, 0.283621, 0.381418, -1.000000, 0.450108, -1.000000
0.830000, 0.879999, 0.490001, 0.276321, 0.377436, -1.000000, 0.447344, -1.000000
0.830000, 0.889999, 0.480001, 0.268781, 0.373470, -1.000000, 0.444583, -1.000000
0.830000, 0.899999, 0.470001, 0.261001, 0.369522, -1.000000, 0.441826, -1.000000
0.830000, 0.909999, 0.460001, 0.252981, 0.365590, -1.000000, 0.439072, -1.000000
0.830000, 0.919999, 0.450001, 0.244721, 0.361677, -1.000000, 0.436322, -1.000000
0.830000, 0.929999, 0.440001, 0.236221, 0.357782, -1.000000, 0.433576, -1.000000
0.830000, 0.939999, 0.430001, 0.227481, 0.353905, -1.000000, 0.430834, -1.000000
0.830000, 0.949999, 0.420001, 0.218501, 0.350048, -1.000000, 0.428096, -1.000000
0.830000, 0.959999, 0.410001, 0.209281, 0.346210, -1.000000, 0.425363, -1.000000
0.830000, 0.969999, 0.400001, 0.199821, 0.342392, -1.000000, 0.422634, -1.000000
0.830000, 0.979999, 0.390001, 0.190121, 0.338595, -1.000000, 0.419910, -1.000000
0.830000, 0.989999, 0.380001, 0.180181, 0.334818, -1.000000, 0.417191, -1.000000
0.830000, 0.999999, 0.370001, 0.170001, 0.331062, -1.000000, 0.414477, -1.000000
0.839999, 0.000000, 1.360001, 0.000000, 0.219317, 0.655610, 0.276746, 0.758375
0.839999, 0.010000, 1.350001, 0.013480, 0.224141, -1.000000, 0.281252, -1.000000
0.839999, 0.020000, 1.340001, 0.026720, 0.229039, -1.000000, 0.285803, -1.000000
0.839999, 0.030000, 1.330001, 0.039720, 0.234012, -1.000000, 0.290397, -1.000000
0.839999, 0.040000, 1.320001, 0.052480, 0.239060, -1.000000, 0.295034, -1.000000
0.839999, 0.050000, 1.310001, 0.065000, 0.244182, -1.000000, 0.299715, -1.000000
0.839999, 0.060000, 1.300001, 0.077280, 0.249378, -1.000000, 0.304437, -1.000000
0.839999, 0.070000, 1.290001, 0.089320, 0.254647, -1.000000, 0.309201, -1.000000
0.839999, 0.080000, 1.280001, 0.101120, 0.259989, -1.000000, 0.314006, -1.000000
0.839999, 0.090000, 1.270001, 0.112680, 0.265403, -1.000000, 0.318851, -1.000000
0.839999, 0.100000, 1.260001, 0.124000, 0.270888, -1.000000, 0.323736, -1.000000
0.839999, 0.110000, 1.250000, 0.135080, 0.276444, -1.000000, 0.328659, -1.000000
0.839999, 0.120000, 1.240000, 0.145920, 0.282071, -1.000000, 0.333620, -1.000000
0.839999, 0.130000, 1.230000, 0.156520, 0.287766, -1.000000, 0.338619, -1.000000
0.839999, 0.140000, 1.220001, 0.166880, 0.293529, -1.000000, 0.343653, -1.000000
0.839999, 0.150000, 1.210001, 0.177000, 0.299358, -1.000000, 0.348723, -1.000000
0.839999, 0.160000, 1.200001, 0.186880, 0.305254, -1.000000, 0.353828, -1.000000
0.839999, 0.170000, 1.190001, 0.196520, 0.311214, -1.000000, 0.358966, -1.000000
0.839999, 0.180000, 1.180001, 0.205920, 0.317238, -1.000000, 0.364136, -1.000000
0.839999, 0.190000, 1.170001, 0.215080, 0.323323, -1.000000, 0.369339, -1.000000
0.839999, 0.200000, 1.160001, 0.224000, 0.329469, -1.000000, 0.374571, -1.000000
0.839999, 0.210000, 1.150001, 0.232680, 0.335065, -1.000000, 0.379834, -1.000000
0.839999, 0.220000, 1.140000, 0.241120, 0.340525, -1.000000, 0.385124, -1.000000
0.839999, 0.230000, 1.130000, 0.249320, 0.346027, -1.000000, 0.390442, -1.000000
0.839999, 0.240000, 1.120000, 0.257280, 0.350801, -1.000000, 0.395786, -1.000000
0.839999, 0.250000, 1.110000, 0.265000, 0.353581, -1.000000, 0.400294, -1.000000
0.839999, 0.260000, 1.100001, 0.272480, 0.356370, -1.000000, 0.404112, -1.000000
0.839999, 0.270000, 1.090001, 0.279720, 0.359169, -1.000000, 0.407941, -1.000000
0.839999, 0.280000, 1.080001, 0.286720, 0.361978, -1.000000, 0.411781, -1.000000
0.839999, 0.290000, 1.070001, 0.293480, 0.364796, -1.000000, 0.415632, -1.000000
0.839999, 0.300000, 1.060001, 0.300000, 0.367624, -1.000000, 0.419493, -1.000000
0.839999, 0.310000, 1.050001, 0.306280, 0.370461, -1.000000, 0.423364, -1.000000
0.839999, 0.320000, 1.040001, 0.312320, 0.373306, -1.000000, 0.427245, -1.000000
0.839999, 0.330000, 1.030001, 0.318120, 0.376161, -1.000000, 0.431135, -1.000000
0.839999, 0.340000, 1.020001, 0.323680, 0.379024, -1.000000, 0.435033, -1.000000
0.839999, 0.350000, 1.010001, 0.329000, 0.381895, -1.000000, 0.438939, -1.000000
0.839999, 0.360000, 1.000001, 0.334080, 0.384775, -1.000000, 0.442853, -1.000000
0.839999, 0.370000, 0.990001, 0.338920, 0.387663, -1.000000, 0.446774, -1.000000
0.839999, 0.380000, 0.980001, 0.343520, 0.390559, -1.000000, 0.450701, -1.000000
0.839999, 0.390000, 0.970001, 0.347880, 0.393462, -1.000000, 0.454635, -1.000000
0.839999, 0.400000, 0.960001, 0.352000, 0.396373, -1.000000, 0.458574, -1.000000
0.839999, 0.410000, 0.950001, 0.355880, 0.399292, -1.000000, 0.462519, -1.000000
0.839999, 0.420000, 0.940001, 0.359520, 0.402218, -1.000000, 0.466468, -1.000000
0.839999, 0.430000, 0.930001, 0.362920, 0.405150, -1.000000, 0.470421, -1.000000
0.839999, 0.440000, 0.920001, 0.366080, 0.408090, -1.000000, 0.473584, -1.000000
0.839999, 0.450000, 0.910001, 0.369000, 0.411036, -1.000000, 0.473811, -1.000000
0.839999, 0.460000, 0.900001, 0.371680, 0.413988, -1.000000, 0.474038, -1.000000
0.839999, 0.470000, 0.890001, 0.374120, 0.416946, -1.000000, 0.474264, -1.000000
0.839999, 0.480000, 0.880001, 0.376320, 0.419911, -1.000000, 0.474491, -1.000000
0.839999, 0.490000, 0.870001, 0.378280, 0.422881, -1.000000, 0.474718, -1.000000
0.839999, 0.500000, 0.860001, 0.380000, 0.425857, -1.000000, 0.474944, -1.000000
0.839999, 0.510000, 0.850001, 0.381480, 0.426870, -1.000000, 0.475171, -1.000000
0.839999, 0.520000, 0.840001, 0.382720, 0.427532, -1.000000, 0.475398, -1.000000
0.839999, 0.530000, 0.830001, 0.383720, 0.428195, -1.000000, 0.475625, -1.000000
0.839999, 0.540000, 0.820001, 0.384480, 0.428858, -1.000000, 0.475852, -1.000000
0.839999, 0.550000, 0.810001, 0.385000, 0.429043, -1.000000, 0.476078, -1.000000
0.839999, 0.560000, 0.800001, 0.385280, 0.429072, -1.000000, 0.476305, -1.000000
0.839999, 0.570000, 0.790001, 0.385320, 0.429100, -1.000000, 0.476532, -1.000000
0.839999, 0.580000, 0.780001, 0.385120, 0.429128, -1.000000, 0.476759, -1.000000
0.839999, 0.590000, 0.770001, 0.384680, 0.429156, -1.000000, 0.476986, -1.000000
0.839999, 0.600000, 0.760001, 0.384000, 0.429184, -1.000000, 0.477212, -1.000000
0.839999, 0.610000, 0.750001, 0.383080, 0.429212, -1.000000, 0.477439, -1.000000
0.839999, 0.620000, 0.740001, 0.381920, 0.429240, -1.000000, 0.477666, -1.000000
0.839999, 0.630000, 0.730001, 0.380520, 0.429268, -1.000000, 0.477893, -1.000000
0.839999, 0.640000, 0.720001, 0.378880, 0.429296, -1.000000, 0.478120, -1.000000
0.839999, 0.650000, 0.710001, 0.377000, 0.429324, -1.000000, 0.478347, -1.000000
0.839999, 0.660000, 0.700001, 0.374880, 0.429352, -1.000000, 0.478574, -1.000000
0.839999, 0.670000, 0.690001, 0.372520, 0.429031, -1.000000, 0.478800, -1.000000
0.839999, 0.680000, 0.680001, 0.369920, 0.427826, -1.000000, 0.479027, -1.000000
0.839999, 0.690000, 0.670001, 0.367080, 0.426621, -1.000000, 0.479254, -1.000000
0.839999, 0.700000, 0.660001, 0.364000, 0.425418, -1.000000, 0.479481, -1.000000
0.839999, 0.710000, 0.650001, 0.360681, 0.424215, -1.000000, 0.479708, -1.000000
0.839999, 0.720000, 0.640001, 0.357121, 0.423014, -1.000000, 0.479935, -1.000000
0.839999, 0.730000, 0.630001, 0.353321, 0.421813, -1.000000, 0.480162, -1.000000
0.839999, 0.740000, 0.620001, 0.349281, 0.420613, -1.000000, 0.480389, -1.000000
0.839999, 0.750000, 0.610001, 0.345001, 0.419414, -1.000000, 0.480616, -1.000000
0.839999, 0.760000, 0.600001, 0.340481, 0.418216, -1.000000, 0.480646, -1.000000
0.839999, 0.770000, 0.590001, 0.335721, 0.417019, -1.000000, 0.477858, -1.000000
0.839999, 0.780000, 0.580001, 0.330721, 0.415823, -1.000000, 0.475071, -1.000000
0.839999, 0.790000, 0.570001, 0.325481, 0.413949, -1.000000, 0.472285, -1.000000
0.839999, 0.800000, 0.560001, 0.320001, 0.409867, -1.000000, 0.469501, -1.000000
0.839999, 0.810000, 0.550001, 0.314281, 0.405798, -1.000000, 0.466719, -1.000000
0.839999, 0.820000, 0.540001, 0.308321, 0.401742, -1.000000, 0.463939, -1.000000
0.839999, 0.830000, 0.530001, 0.302121, 0.397696, -1.000000, 0.461161, -1.000000
0.839999, 0.839999, 0.520001, 0.295681, 0.393652, -1.000000, 0.458386, -1.000000
0.839999, 0.849999, 0.510001, 0.289001, 0.389623, -1.000000, 0.455614, -1.000000
0.839999, 0.859999, 0.500001, 0.282081, 0.385609, -1.000000, 0.452844, -1.000000
0.839999, 0.869999, 0.490001, 0.274921, 0.381610, -1.000000, 0.450077, -1.000000
0.839999, 0.879999, 0.480001, 0.267521, 0.377627, -1.000000, 0.447313, -1.000000
0.839999, 0.889999, 0.470001, 0.259881, 0.373661, -1.000000, 0.444552, -1.000000
0.839999, 0.899999, 0.460001, 0.252001, 0.369711, -1.000000, 0.441795, -1.000000
0.839999, 0.909999, 0.450001, 0.243881, 0.365779, -1.000000, 0.439041, -1.000000
0.839999, 0.919999, 0.440001, 0.235521, 0.361865, -1.000000, 0.436291, -1.000000
0.839999, 0.929999, 0.430001, 0.226921, 0.357969, -1.000000, 0.433545, -1.000000
0.839999, 0.939999, 0.420001, 0.218081, 0.354092, -1.000000, 0.430803, -1.000000
0.839999, 0.949999, 0.410001, 0.209001, 0.350233, -1.000000, 0.428065, -1.000000
0.839999, 0.959999, 0.400001, 0.199681, 0.346395, -1.000000, 0.425332, -1.000000
0.839999, 0.969999, 0.390001, 0.190121, 0.342576, -1.000000, 0.422603, -1.000000
0.839999, 0.979999, 0.380001, 0.180321, 0.338777, -1.000000, 0.419879, -1.000000
0.839999, 0.989999, 0.370001, 0.170281, 0.334999, -1.000000, 0.417160, -1.000000
0.839999, 0.999999, 0.360001, 0.160001, 0.331242, -1.000000, 0.414446, -1.000000
0.849999, 0.000000, 1.350001, 0.000000, 0.219216, 0.655615, 0.276727, 0.758369
0.849999, 0.010000, 1.340001, 0.013380, 0.224038, -1.000000, 0.281233, -1.000000
0.849999, 0.020000, 1.330001, 0.026520, 0.228935, -1.000000, 0.285783, -1.000000
0.849999, 0.030000, 1.320001, 0.039420, 0.233906, -1.000000, 0.290377, -1.000000
0.849999, 0.040000, 1.310001, 0.052080, 0.238953, -1.000000, 0.295014, -1.000000
0.849999, 0.050000, 1.300001, 0.064500, 0.244073, -1.000000, 0.299694, -1.000000
0.849999, 0.060000, 1.290001, 0.076680, 0.249267, -1.000000, 0.304416, -1.000000
0.849999, 0.070000, 1.280001, 0.088620, 0.254535, -1.000000, 0.309180, -1.000000
0.849999, 0.080000, 1.270001, 0.100320, 0.259875, -1.000000, 0.313985, -1.000000
0.849999, 0.090000, 1.260001, 0.111780, 0.265288, -1.000000, 0.318830, -1.000000
0.849999, 0.100000, 1.250001, 0.123000, 0.270771, -1.000000, 0.323714, -1.000000
0.849999, 0.110000, 1.240000, 0.133980, 0.276326, -1.000000, 0.328637, -1.000000
0.849999, 0.120000, 1.230000, 0.144720, 0.281951, -1.000000, 0.333599, -1.000000
0.849999, 0.130000, 1.220001, 0.155220, 0.287644, -1.000000, 0.338597, -1.000000
0.849999, 0.140000, 1.210001, 0.165480, 0.293406, -1.000000, 0.343631, -1.000000
0.849999, 0.150000, 1.200001, 0.175500, 0.299234, -1.000000, 0.348701, -1.000000
0.849999, 0.160000, 1.190001, 0.185280, 0.305129, -1.000000, 0.353806, -1.000000
0.849999, 0.170000, 1.180001, 0.194820, 0.311087, -1.000000, 0.358943, -1.000000
0.849999, 0.180000, 1.170001, 0.204120, 0.317109, -1.000000, 0.364114, -1.000000
0.849999, 0.190000, 1.160001, 0.213180, 0.323193, -1.000000, 0.369316, -1.000000
0.849999, 0.200000, 1.150001, 0.222000, 0.329338, -1.000000, 0.374549, -1.000000
0.849999, 0.210000, 1.140001, 0.230580, 0.334939, -1.000000, 0.379811, -1.000000
0.849999, 0.220000, 1.130000, 0.238920, 0.340398, -1.000000, 0.385101, -1.000000
0.849999, 0.230000, 1.120000, 0.247020, 0.345899, -1.000000, 0.390419, -1.000000
0.849999, 0.240000, 1.110000, 0.254880, 0.350725, -1.000000, 0.395763, -1.000000
0.849999, 0.250000, 1.100001, 0.262500, 0.353504, -1.000000, 0.400318, -1.000000
0.849999, 0.260000, 1.090001, 0.269880, 0.356293, -1.000000, 0.404135, -1.000000
0.849999, 0.270000, 1.080001, 0.277020, 0.359092, -1.000000, 0.407965, -1.000000
0.849999, 0.280000, 1.070001, 0.283920, 0.361900, -1.000000, 0.411805, -1.000000
0.849999, 0.290000, 1.060001, 0.290580, 0.364718, -1.000000, 0.415656, -1.000000
0.849999, 0.300000, 1.050001, 0.297000, 0.367546, -1.000000, 0.419517, -1.000000
0.849999, 0.310000, 1.040001, 0.303180, 0.370382, -1.000000, 0.423389, -1.000000
0.849999, 0.320000, 1.030001, 0.309120, 0.373227, -1.000000, 0.427269, -1.000000
0.849999, 0.330000, 1.020001, 0.314820, 0.376082, -1.000000, 0.431159, -1.000000
0.849999, 0.340000, 1.010001, 0.320280, 0.378944, -1.000000, 0.435057, -1.000000
0.849999, 0.350000, 1.000001, 0.325500, 0.381816, -1.000000, 0.438963, -1.000000
0.849999, 0.360000, 0.990001, 0.330480, 0.384695, -1.000000, 0.442877, -1.000000
0.849999, 0.370000, 0.980001, 0.335220, 0.387583, -1.000000, 0.446798, -1.000000
0.849999, 0.380000, 0.970001, 0.339720, 0.390478, -1.000000, 0.450726, -1.000000
0.849999, 0.390000, 0.960001, 0.343980, 0.393382, -1.000000, 0.454659, -1.000000
0.849999, 0.400000, 0.950001, 0.348000, 0.396293, -1.000000, 0.458599, -1.000000
0.849999, 0.410000, 0.940001, 0.351780, 0.399211, -1.000000, 0.462543, -1.000000
0.849999, 0.420000, 0.930001, 0.355320, 0.402136, -1.000000, 0.466493, -1.000000
0.849999, 0.430000, 0.920001, 0.358620, 0.405069, -1.000000, 0.470446, -1.000000
0.849999, 0.440000, 0.910001, 0.361680, 0.408008, -1.000000, 0.473541, -1.000000
0.849999, 0.450000, 0.900001, 0.364500, 0.410954, -1.000000, 0.473767, -1.000000
0.849999, 0.460000, 0.890001, 0.367080, 0.413906, -1.000000, 0.473994, -1.000000
0.849999, 0.470000, 0.880001, 0.369420, 0.416864, -1.000000, 0.474221, -1.000000
0.849999, 0.480000, 0.870001, 0.371520, 0.419829, -1.000000, 0.474448, -1.000000
0.849999, 0.490000, 0.860001, 0.373380, 0.422799, -1.000000, 0.474674, -1.000000
0.849999, 0.500000, 0.850001, 0.375000, 0.425775, -1.000000, 0.474901, -1.000000
0.849999, 0.510000, 0.840001, 0.376380, 0.426833, -1.000000, 0.475128, -1.000000
0.849999, 0.520000, 0.830001, 0.377520, 0.427495, -1.000000, 0.475355, -1.000000
0.849999, 0.530000, 0.820001, 0.378420, 0.428158, -1.000000, 0.475581, -1.000000
0.849999, 0.540000, 0.810001, 0.379080, 0.428821, -1.000000, 0.475808, -1.000000
0.849999, 0.550000, 0.800001, 0.379500, 0.429021, -1.000000, 0.476035, -1.000000
0.849999, 0.560000, 0.790001, 0.379680, 0.429050, -1.000000, 0.476262, -1.000000
0.849999, 0.570000, 0.780001, 0.379620, 0.429078, -1.000000, 0.476488, -1.000000
0.849999, 0.580000, 0.770001, 0.379320, 0.429106, -1.000000, 0.476715, -1.000000
0.849999, 0.590000, 0.760001, 0.378780, 0.429134, -1.000000, 0.476942, -1.000000
0.849999, 0.600000, 0.750001, 0.378000, 0.429162, -1.000000, 0.477169, -1.000000
0.849999, 0.610000, 0.740001, 0.376980, 0.429190, -1.000000, 0.477396, -1.000000
0.849999, 0.620000, 0.730001, 0.375720, 0.429218, -1.000000, 0.477623, -1.000000
0.849999, 0.630000, 0.720001, 0.374220, 0.429246, -1.000000, 0.477849, -1.000000
0.849999, 0.640000, 0.710001, 0.372480, 0.429274, -1.000000, 0.478076, -1.000000
0.849999, 0.650000, 0.700001, 0.370500, 0.429302, -1.000000, 0.478303, -1.000000
0.849999, 0.660000, 0.690001, 0.368280, 0.429330, -1.000000, 0.478530, -1.000000
0.849999, 0.670000, 0.680001, 0.365820, 0.429047, -1.000000, 0.478757, -1.000000
0.849999, 0.680000, 0.670001, 0.363120, 0.427842, -1.000000, 0.478984, -1.000000
0.849999, 0.690000, 0.660001, 0.360180, 0.426637, -1.000000, 0.479211, -1.000000
0.849999, 0.700000, 0.650001, 0.357000, 0.425434, -1.000000, 0.479438, -1.000000
0.849999, 0.710000, 0.640001, 0.353581, 0.424231, -1.000000, 0.479665, -1.000000
0.849999, 0.720000, 0.630001, 0.349921, 0.423030, -1.000000, 0.479892, -1.000000
0.849999, 0.730000, 0.620001, 0.346021, 0.421829, -1.000000, 0.480119, -1.000000
0.849999, 0.740000, 0.610001, 0.341881, 0.420629, -1.000000, 0.480345, -1.000000
0.849999, 0.750000, 0.600001, 0.337501, 0.419430, -1.000000, 0.480572, -1.000000
0.849999, 0.760000, 0.590001, 0.332881, 0.418232, -1.000000, 0.480615, -1.000000
0.849999, 0.770000, 0.580001, 0.328021, 0.417035, -1.000000, 0.477826, -1.000000
0.849999, 0.780000, 0.570001, 0.322921, 0.415839, -1.000000, 0.475039, -1.000000
0.849999, 0.790000, 0.560001, 0.317581, 0.414115, -1.000000, 0.472253, -1.000000
0.849999, 0.800000, 0.550001, 0.312001, 0.410033, -1.000000, 0.469469, -1.000000
0.849999, 0.810000, 0.540001, 0.306181, 0.405963, -1.000000, 0.466688, -1.000000
0.849999, 0.820000, 0.530001, 0.300121, 0.401906, -1.000000, 0.463908, -1.000000
0.849999, 0.830000, 0.520001, 0.293821, 0.397863, -1.000000, 0.461130, -1.000000
0.849999, 0.839999, 0.510001, 0.287281, 0.393833, -1.000000, 0.458355, -1.000000
0.849999, 0.849999, 0.500001, 0.280501, 0.389817, -1.000000, 0.455582, -1.000000
0.849999, 0.859999, 0.490001, 0.273481, 0.385802, -1.000000, 0.452812, -1.000000
0.849999, 0.869999, 0.480001, 0.266221, 0.381802, -1.000000, 0.450045, -1.000000
0.849999, 0.879999, 0.470001, 0.258721, 0.377819, -1.000000, 0.447281, -1.000000
0.849999, 0.889999, 0.460001, 0.250981, 0.373851, -1.000000, 0.444521, -1.000000
0.849999, 0.899999, 0.450001, 0.243001, 0.369901, -1.000000, 0.441763, -1.000000
0.849999, 0.909999, 0.440001, 0.234781, 0.365968, -1.000000, 0.439010, -1.000000
0.849999, 0.919999, 0.430001, 0.226321, 0.362053, -1.000000, 0.436260, -1.000000
0.849999, 0.929999, 0.420001, 0.217621, 0.358156, -1.000000, 0.433514, -1.000000
0.849999, 0.939999, 0.410001, 0.208681, 0.354278, -1.000000, 0.430772, -1.000000
0.849999, 0.949999, 0.400001, 0.199501, 0.350419, -1.000000, 0.428034, -1.000000
0.849999, 0.959999, 0.390001, 0.190081, 0.346579, -1.000000, 0.425301, -1.000000
0.849999, 0.969999, 0.380001, 0.180421, 0.342759, -1.000000, 0.422572, -1.000000
0.849999, 0.979999, 0.370001, 0.170521, 0.338959, -1.000000, 0.419848, -1.000000
0.849999, 0.989999, 0.360001, 0.160381, 0.335180, -1.000000, 0.417129, -1.000000
0.849999, 0.999999, 0.350001, 0.150001, 0.331422, -1.000000, 0.414415, -1.000000
0.859999, 0.000000, 1.340001, 0.000000, 0.219115, 0.655620, 0.276708, 0.758357
0.859999, 0.010000, 1.330001, 0.013280, 0.223935, -1.000000, 0.281213, -1.000000
0.859999, 0.020000, 1.320001, 0.026320, 0.228830, -1.000000, 0.285763, -1.000000
0.859999, 0.030000, 1.310001, 0.039120, 0.233800, -1.000000, 0.290357, -1.000000
0.859999, 0.040000, 1.300001, 0.051680, 0.238845, -1.000000, 0.294994, -1.000000
0.859999, 0.050000, 1.290001, 0.064000, 0.243964, -1.000000, 0.299674, -1.000000
0.859999, 0.060000, 1.280001, 0.076080, 0.249157, -1.000000, 0.304396, -1.000000
0.859999, 0.070000, 1.270001, 0.087920, 0.254423, -1.000000, 0.309159, -1.000000
0.859999, 0.080000, 1.260001, 0.099520, 0.259761, -1.000000, 0.313964, -1.000000
0.859999, 0.090000, 1.250001, 0.110880, 0.265172, -1.000000, 0.318809, -1.000000
0.859999, 0.100000, 1.240001, 0.122000, 0.270655, -1.000000, 0.323693, -1.000000
0.859999, 0.110000, 1.230000, 0.132880, 0.276208, -1.000000, 0.328616, -1.000000
0.859999, 0.120000, 1.220001, 0.143520, 0.281831, -1.000000, 0.333577, -1.000000
0.859999, 0.130000, 1.210001, 0.153920, 0.287523, -1.000000, 0.338575, -1.000000
0.859999, 0.140000, 1.200001, 0.164080, 0.293283, -1.000000, 0.343609, -1.000000
0.859999, 0.150000, 1.190001, 0.174000, 0.299110, -1.000000, 0.348679, -1.000000
0.859999, 0.160000, 1.180001, 0.183680, 0.305003, -1.000000, 0.353783, -1.000000
0.859999, 0.170000, 1.170001, 0.193120, 0.310961, -1.000000, 0.358921, -1.000000
0.859999, 0.180000, 1.160001, 0.202320, 0.316981, -1.000000, 0.364091, -1.000000
0.859999, 0.190000, 1.150001, 0.211280, 0.323064, -1.000000, 0.369293, -1.000000
0.859999, 0.200000, 1.140001, 0.220000, 0.329207, -1.000000, 0.374526, -1.000000
0.859999, 0.210000, 1.130001, 0.228480, 0.334813, -1.000000, 0.379788, -1.000000
0.859999, 0.220000, 1.120000, 0.236720, 0.340271, -1.000000, 0.385078, -1.000000
0.859999, 0.230000, 1.110000, 0.244720, 0.345771, -1.000000, 0.390396, -1.000000
0.859999, 0.240000, 1.100001, 0.252480, 0.350648, -1.000000, 0.395740, -1.000000
0.859999, 0.250000, 1.090001, 0.260000, 0.353427, -1.000000, 0.400342, -1.000000
0.859999, 0.260000, 1.080001, 0.267280, 0.356215, -1.000000, 0.404159, -1.000000
0.859999, 0.270000, 1.070001, 0.274320, 0.359014, -1.000000, 0.407989, -1.000000
0.859999, 0.280000, 1.060001, 0.281120, 0.361822, -1.000000, 0.411829, -1.000000
0.859999, 0.290000, 1.050001, 0.287680, 0.364640, -1.000000, 0.415680, -1.000000
0.859999, 0.300000, 1.040001, 0.294000, 0.367467, -1.000000, 0.419542, -1.000000
0.859999, 0.310000, 1.030001, 0.300080, 0.370303, -1.000000, 0.423413, -1.000000
0.859999, 0.320000, 1.020001, 0.305920, 0.373148, -1.000000, 0.427294, -1.000000
0.859999, 0.330000, 1.010001, 0.311520, 0.376002, -1.000000, 0.431183, -1.000000
0.859999, 0.340000, 1.000001, 0.316880, 0.378865, -1.000000, 0.435082, -1.000000
0.859999, 0.350000, 0.990001, 0.322000, 0.381736, -1.000000, 0.438988, -1.000000
0.859999, 0.360000, 0.980001, 0.326880, 0.384615, -1.000000, 0.442902, -1.000000
0.859999, 0.370000, 0.970001, 0.331520, 0.387503, -1.000000, 0.446823, -1.000000
0.859999, 0.380000, 0.960001, 0.335920, 0.390398, -1.000000, 0.450750, -1.000000
0.859999, 0.390000, 0.950001, 0.340080, 0.393301, -1.000000, 0.454684, -1.000000
0.859999, 0.400000, 0.940001, 0.344000, 0.396212, -1.000000, 0.458623, -1.000000
0.859999, 0.410000, 0.930001, 0.347680, 0.399130, -1.000000, 0.462568, -1.000000
0.859999, 0.420000, 0.920001, 0.351120, 0.402055, -1.000000, 0.466517, -1.000000
0.859999, 0.430000, 0.910001, 0.354320, 0.404987, -1.000000, 0.470471, -1.000000
0.859999, 0.440000, 0.900001, 0.357280, 0.407926, -1.000000, 0.473497, -1.000000
0.859999, 0.450000, 0.890001, 0.360000, 0.410872, -1.000000, 0.473724, -1.000000
0.859999, 0.460000, 0.880001, 0.362480, 0.413824, -1.000000, 0.473951, -1.000000
0.859999, 0.470000, 0.870001, 0.364720, 0.416782, -1.000000, 0.474177, -1.000000
0.859999, 0.480000, 0.860001, 0.366720, 0.419746, -1.000000, 0.474404, -1.000000
0.859999, 0.490000, 0.850001, 0.368480, 0.422716, -1.000000, 0.474631, -1.000000
0.859999, 0.500000, 0.840001, 0.370000, 0.425692, -1.000000, 0.474858, -1.000000
0.859999, 0.510000, 0.830001, 0.371280, 0.426796, -1.000000, 0.475084, -1.000000
0.859999, 0.520000, 0.820001, 0.372320, 0.427459, -1.000000, 0.475311, -1.000000
0.859999, 0.530000, 0.810001, 0.373120, 0.428122, -1.000000, 0.475538, -1.000000
0.859999, 0.540000, 0.800001, 0.373680, 0.428785, -1.000000, 0.475765, -1.000000
0.859999, 0.550000, 0.790001, 0.374000, 0.428999, -1.000000, 0.475991, -1.000000
0.859999, 0.560000, 0.780001, 0.374080, 0.429028, -1.000000, 0.476218, -1.000000
0.859999, 0.570000, 0.770001, 0.373920, 0.429056, -1.000000, 0.476445, -1.000000
0.859999, 0.580000, 0.760001, 0.373520, 0.429084, -1.000000, 0.476672, -1.000000
0.859999, 0.590000, 0.750001, 0.372880, 0.429112, -1.000000, 0.476899, -1.000000
0.859999, 0.600000, 0.740001, 0.372000, 0.429140, -1.000000, 0.477125, -1.000000
0.859999, 0.610000, 0.730001, 0.370880, 0.429168, -1.000000, 0.477352, -1.000000
0.859999, 0.620000, 0.720001, 0.369520, 0.429196, -1.000000, 0.477579, -1.000000
0.859999, 0.630000, 0.710001, 0.367920, 0.429224, -1.000000, 0.477806, -1.000000
0.859999, 0.640000, 0.700001, 0.366080, 0.429252, -1.000000, 0.478033, -1.000000
0.859999, 0.650000, 0.690001, 0.364000, 0.429280, -1.000000, 0.478260, -1.000000
0.859999, 0.660000, 0.680001, 0.361680, 0.429308, -1.000000, 0.478487, -1.000000
0.859999, 0.670000, 0.670001, 0.359120, 0.429063, -1.000000, 0.478713, -1.000000
0.859999, 0.680000, 0.660001, 0.356320, 0.427858, -1.000000, 0.478940, -1.000000
0.859999, 0.690000, 0.650001, 0.353280, 0.426653, -1.000000, 0.479167, -1.000000
0.859999, 0.700000, 0.640001, 0.350001, 0.425450, -1.000000, 0.479394, -1.000000
0.859999, 0.710000, 0.630001, 0.346481, 0.424247, -1.000000, 0.479621, -1.000000
0.859999, 0.720000, 0.620001, 0.342721, 0.423045, -1.000000, 0.479848, -1.000000
0.859999, 0.730000, 0.610001, 0.338721, 0.421845, -1.000000, 0.480075, -1.000000
0.859999, 0.740000, 0.600001, 0.334481, 0.420645, -1.000000, 0.480302, -1.000000
0.859999, 0.750000, 0.590001, 0.330001, 0.419446, -1.000000, 0.480529, -1.000000
0.859999, 0.760000, 0.580001, 0.325281, 0.418248, -1.000000, 0.480583, -1.000000
0.859999, 0.770000, 0.570001, 0.320321, 0.417051, -1.000000, 0.477794, -1.000000
0.859999, 0.780000, 0.560001, 0.315121, 0.415855, -1.000000, 0.475007, -1.000000
0.859999, 0.790000, 0.550001, 0.309681, 0.414280, -1.000000, 0.472222, -1.000000
0.859999, 0.800000, 0.540001, 0.304001, 0.410198, -1.000000, 0.469438, -1.000000
0.859999, 0.810000, 0.530001, 0.298081, 0.406127, -1.000000, 0.466656, -1.000000
0.859999, 0.820000, 0.520001, 0.291921, 0.402070, -1.000000, 0.463876, -1.000000
0.859999, 0.830000, 0.510001, 0.285521, 0.398026, -1.000000, 0.461098, -1.000000
0.859999, 0.839999, 0.500001, 0.278881, 0.393996, -1.000000, 0.458323, -1.000000
0.859999, 0.849999, 0.490001, 0.272001, 0.389980, -1.000000, 0.455550, -1.000000
0.859999, 0.859999, 0.480001, 0.264881, 0.385980, -1.000000, 0.452781, -1.000000
0.859999, 0.869999, 0.470001, 0.257521, 0.381994, -1.000000, 0.450014, -1.000000
0.859999, 0.879999, 0.460001, 0.249921, 0.378010, -1.000000, 0.447250, -1.000000
0.859999, 0.889999, 0.450001, 0.242081, 0.374042, -1.000000, 0.444489, -1.000000
0.859999, 0.899999, 0.440001, 0.234001, 0.370091, -1.000000, 0.441732, -1.000000
0.859999, 0.909999, 0.430001, 0.225681, 0.366157, -1.000000, 0.438978, -1.000000
0.859999, 0.919999, 0.420001, 0.217121, 0.362241, -1.000000, 0.436228, -1.000000
0.859999, 0.929999, 0.410001, 0.208321, 0.358343, -1.000000, 0.433483, -1.000000
0.859999, 0.939999, 0.400001, 0.199281, 0.354464, -1.000000, 0.430741, -1.000000
0.859999, 0.949999, 0.390001, 0.190001, 0.350604, -1.000000, 0.428003, -1.000000
0.859999, 0.959999, 0.380001, 0.180481, 0.346763, -1.000000, 0.425270, -1.000000
0.859999, 0.969999, 0.370001, 0.170721, 0.342942, -1.000000, 0.422541, -1.000000
0.859999, 0.979999, 0.360001, 0.160721, 0.339142, -1.000000, 0.419817, -1.000000
0.859999, 0.989999, 0.350001, 0.150481, 0.335362, -1.000000, 0.417098, -1.000000
0.859999, 0.999999, 0.340001, 0.140001, 0.331603, -1.000000, 0.414384, -1.000000
0.869999, 0.000000, 1.330001, 0.000000, 0.219013, 0.655624, 0.276688, 0.758336
0.869999, 0.010000, 1.320001, 0.013180, 0.223832, -1.000000, 0.281193, -1.000000
0.869999, 0.020000, 1.310001, 0.026120, 0.228726, -1.000000, 0.285743, -1.000000
0.869999, 0.030000, 1.300001, 0.038820, 0.233694, -1.000000, 0.290337, -1.000000
0.869999, 0.040000, 1.290001, 0.051280, 0.238738, -1.000000, 0.294974, -1.000000
0.869999, 0.050000, 1.280001, 0.063500, 0.243855, -1.000000, 0.299653, -1.000000
0.869999, 0.060000, 1.270001, 0.075480, 0.249046, -1.000000, 0.304375, -1.000000
0.869999, 0.070000, 1.260001, 0.087220, 0.254310, -1.000000, 0.309139, -1.000000
0.869999, 0.080000, 1.250001, 0.098720, 0.259648, -1.000000, 0.313943, -1.000000
0.869999, 0.090000, 1.240001, 0.109980, 0.265057, -1.000000, 0.318788, -1.000000
0.869999, 0.100000, 1.230001, 0.121000, 0.270538, -1.000000, 0.323672, -1.000000
0.869999, 0.110000, 1.220001, 0.131780, 0.276090, -1.000000, 0.328595, -1.000000
0.869999, 0.120000, 1.210001, 0.142320, 0.281711, -1.000000, 0.333555, -1.000000
0.869999, 0.130000, 1.200001, 0.152620, 0.287402, -1.000000, 0.338553, -1.000000
0.869999, 0.140000, 1.190001, 0.162680, 0.293161, -1.000000, 0.343587, -1.000000
0.869999, 0.150000, 1.180001, 0.172500, 0.298986, -1.000000, 0.348657, -1.000000
0.869999, 0.160000, 1.170001, 0.182080, 0.304878, -1.000000, 0.353761, -1.000000
0.869999, 0.170000, 1.160001, 0.191420, 0.310834, -1.000000, 0.358899, -1.000000
0.869999, 0.180000, 1.150001, 0.200520, 0.316853, -1.000000, 0.364069, -1.000000
0.869999, 0.190000, 1.140001, 0.209380, 0.322935, -1.000000, 0.369271, -1.000000
0.869999, 0.200000, 1.130001, 0.218000, 0.329077, -1.000000, 0.374503, -1.000000
0.869999, 0.210000, 1.120001, 0.226380, 0.334687, -1.000000, 0.379765, -1.000000
0.869999, 0.220000, 1.110000, 0.234520, 0.340144, -1.000000, 0.385055, -1.000000
0.869999, 0.230000, 1.100001, 0.242420, 0.345643, -1.000000, 0.390373, -1.000000
0.869999, 0.240000, 1.090001, 0.250080, 0.350571, -1.000000, 0.395716, -1.000000
0.869999, 0.250000, 1.080001, 0.257500, 0.353349, -1.000000, 0.400366, -1.000000
0.869999, 0.260000, 1.070001, 0.264680, 0.356138, -1.000000, 0.404183, -1.000000
0.869999, 0.270000, 1.060001, 0.271620, 0.358936, -1.000000, 0.408013, -1.000000
0.869999, 0.280000, 1.050001, 0.278320, 0.361744, -1.000000, 0.411853, -1.000000
0.869999, 0.290000, 1.040001, 0.284780, 0.364562, -1.000000, 0.415704, -1.000000
0.869999, 0.300000, 1.030001, 0.291000, 0.367389, -1.000000, 0.419566, -1.000000
0.869999, 0.310000, 1.020001, 0.296980, 0.370224, -1.000000, 0.423437, -1.000000
0.869999, 0.320000, 1.010001, 0.302720, 0.373069, -1.000000, 0.427318, -1.000000
0.869999, 0.330000, 1.000001, 0.308220, 0.375923, -1.000000, 0.431208, -1.000000
0.869999, 0.340000, 0.990001, 0.313480, 0.378785, -1.000000, 0.435106, -1.000000
0.869999, 0.350000, 0.980001, 0.318500, 0.381656, -1.000000, 0.439012, -1.000000
0.869999, 0.360000, 0.970001, 0.323280, 0.384535, -1.000000, 0.442926, -1.000000
0.869999, 0.370000, 0.960001, 0.327820, 0.387423, -1.000000, 0.446847, -1.000000
0.869999, 0.380000, 0.950001, 0.332120, 0.390318, -1.000000, 0.450775, -1.000000
0.869999, 0.390000, 0.940001, 0.336180, 0.393221, -1.000000, 0.454709, -1.000000
0.869999, 0.400000, 0.930001, 0.340000, 0.396131, -1.000000, 0.458648, -1.000000
0.869999, 0.410000, 0.920001, 0.343580, 0.399049, -1.000000, 0.462593, -1.000000
0.869999, 0.420000, 0.910001, 0.346920, 0.401974, -1.000000, 0.466542, -1.000000
0.869999, 0.430000, 0.900001, 0.350020, 0.404906, -1.000000, 0.470495, -1.000000
0.869999, 0.440000, 0.890001, 0.352880, 0.407845, -1.000000, 0.473454, -1.000000
0.869999, 0.450000, 0.880001, 0.355500, 0.410790, -1.000000, 0.473681, -1.000000
0.869999, 0.460000, 0.870001, 0.357880, 0.413742, -1.000000, 0.473907, -1.000000
0.869999, 0.470000, 0.860001, 0.360020, 0.416700, -1.000000, 0.474134, -1.000000
0.869999, 0.480000, 0.850001, 0.361920, 0.419664, -1.000000, 0.474361, -1.000000
0.869999, 0.490000, 0.840001, 0.363580, 0.422634, -1.000000, 0.474587, -1.000000
0.869999, 0.500000, 0.830001, 0.365000, 0.425610, -1.000000, 0.474814, -1.000000
0.869999, 0.510000, 0.820001, 0.366180, 0.426760, -1.000000, 0.475041, -1.000000
0.869999, 0.520000, 0.810001, 0.367120, 0.427422, -1.000000, 0.475268, -1.000000
0.869999, 0.530000, 0.800001, 0.367820, 0.428085, -1.000000, 0.475494, -1.000000
0.869999, 0.540000, 0.790001, 0.368280, 0.428748, -1.000000, 0.475721, -1.000000
0.869999, 0.550000, 0.780001, 0.368500, 0.428977, -1.000000, 0.475948, -1.000000
0.869999, 0.560000, 0.770001, 0.368480, 0.429006, -1.000000, 0.476175, -1.000000
0.869999, 0.570000, 0.760001, 0.368220, 0.429034, -1.000000, 0.476401, -1.000000
0.869999, 0.580000, 0.750001, 0.367720, 0.429062, -1.000000, 0.476628, -1.000000
0.869999, 0.590000, 0.740001, 0.366980, 0.429090, -1.000000, 0.476855, -1.000000
0.869999, 0.600000, 0.730001, 0.366000, 0.429118, -1.000000, 0.477082, -1.000000
0.869999, 0.610000, 0.720001, 0.364780, 0.429146, -1.000000, 0.477309, -1.000000
0.869999, 0.620000, 0.710001, 0.363320, 0.429174, -1.000000, 0.477536, -1.000000
0.869999, 0.630000, 0.700001, 0.361620, 0.429202, -1.000000, 0.477762, -1.000000
0.869999, 0.640000, 0.690001, 0.359680, 0.429230, -1.000000, 0.477989, -1.000000
0.869999, 0.650000, 0.680001, 0.357500, 0.429258, -1.000000, 0.478216, -1.000000
0.869999, 0.660000, 0.670001, 0.355080, 0.429286, -1.000000, 0.478443, -1.000000
0.869999, 0.670000, 0.660001, 0.352420, 0.429079, -1.000000, 0.478670, -1.000000
0.869999, 0.680000, 0.650001, 0.349521, 0.427874, -1.000000, 0.478897, -1.000000
0.869999, 0.690000, 0.640001, 0.346381, 0.426669, -1.000000, 0.479124, -1.000000
0.869999, 0.700000, 0.630001, 0.343001, 0.425466, -1.000000, 0.479351, -1.000000
0.869999, 0.710000, 0.620001, 0.339381, 0.424263, -1.000000, 0.479578, -1.000000
0.869999, 0.720000, 0.610001, 0.335521, 0.423061, -1.000000, 0.479804, -1.000000
0.869999, 0.730000, 0.600001, 0.331421, 0.421861, -1.000000, 0.480031, -1.000000
0.869999, 0.740000, 0.590001, 0.327081, 0.420661, -1.000000, 0.480258, -1.000000
0.869999, 0.750000, 0.580001, 0.322501, 0.419462, -1.000000, 0.480485, -1.000000
0.869999, 0.760000, 0.570001, 0.317681, 0.418264, -1.000000, 0.480551, -1.000000
0.869999, 0.770000, 0.560001, 0.312621, 0.417067, -1.000000, 0.477763, -1.000000
0.869999, 0.780000, 0.550001, 0.307321, 0.415871, -1.000000, 0.474975, -1.000000
0.869999, 0.790000, 0.540001, 0.301781, 0.414446, -1.000000, 0.472190, -1.000000
0.869999, 0.800000, 0.530001, 0.296001, 0.410363, -1.000000, 0.469406, -1.000000
0.869999, 0.810000, 0.520001, 0.289981, 0.406292, -1.000000, 0.466624, -1.000000
0.869999, 0.820000, 0.510001, 0.283721, 0.402234, -1.000000, 0.463844, -1.000000
0.869999, 0.830000, 0.500001, 0.277221, 0.398190, -1.000000, 0.461067, -1.000000
0.869999, 0.839999, 0.490001, 0.270481, 0.394159, -1.000000, 0.458292, -1.000000
0.869999, 0.849999, 0.480001, 0.263501, 0.390143, -1.000000, 0.455519, -1.000000
0.869999, 0.859999, 0.470001, 0.256281, 0.386141, -1.000000, 0.452749, -1.000000
0.869999, 0.869999, 0.460001, 0.248821, 0.382155, -1.000000, 0.449982, -1.000000
0.869999, 0.879999, 0.450001, 0.241121, 0.378185, -1.000000, 0.447218, -1.000000
0.869999, 0.889999, 0.440001, 0.233181, 0.374231, -1.000000, 0.444458, -1.000000
0.869999, 0.899999, 0.430001, 0.225001, 0.370281, -1.000000, 0.441701, -1.000000
0.869999, 0.909999, 0.420001, 0.216581, 0.366346, -1.000000, 0.438947, -1.000000
0.869999, 0.919999, 0.410001, 0.207921, 0.362429, -1.000000, 0.436197, -1.000000
0.869999, 0.929999, 0.400001, 0.199021, 0.358530, -1.000000, 0.433451, -1.000000
0.869999, 0.939999, 0.390001, 0.189881, 0.354650, -1.000000, 0.430710, -1.000000
0.869999, 0.949999, 0.380001, 0.180501, 0.350789, -1.000000, 0.427972, -1.000000
0.869999, 0.959999, 0.370001, 0.170881, 0.346948, -1.000000, 0.425239, -1.000000
0.869999, 0.969999, 0.360001, 0.161021, 0.343126, -1.000000, 0.422510, -1.000000
0.869999, 0.979999, 0.350001, 0.150921, 0.339324, -1.000000, 0.419786, -1.000000
0.869999, 0.989999, 0.340001, 0.140581, 0.335543, -1.000000, 0.417067, -1.000000
0.869999, 0.999999, 0.330001, 0.130001, 0.331783, -1.000000, 0.414353, -1.000000
0.879999, 0.000000, 1.320001, 0.000000, 0.218912, 0.655629, 0.276669, 0.758314
0.879999, 0.010000, 1.310001, 0.013080, 0.223729, -1.000000, 0.281174, -1.000000
0.879999, 0.020000, 1.300001, 0.025920, 0.228622, -1.000000, 0.285723, -1.000000
0.879999, 0.030000, 1.290001, 0.038520, 0.233589, -1.000000, 0.290317, -1.000000
0.879999, 0.040000, 1.280001, 0.050880, 0.238630, -1.000000, 0.294953, -1.000000
0.879999, 0.050000, 1.270001, 0.063000, 0.243746, -1.000000, 0.299633, -1.000000
0.879999, 0.060000, 1.260001, 0.074880, 0.248935, -1.000000, 0.304355, -1.000000
0.879999, 0.070000, 1.250001, 0.086520, 0.254198, -1.000000, 0.309118, -1.000000
0.879999, 0.080000, 1.240001, 0.097920, 0.259534, -1.000000, 0.313922, -1.000000
0.879999, 0.090000, 1.230001, 0.109080, 0.264942, -1.000000, 0.318767, -1.000000
0.879999, 0.100000, 1.220001, 0.120000, 0.270421, -1.000000, 0.323650, -1.000000
0.879999, 0.110000, 1.210001, 0.130680, 0.275971, -1.000000, 0.328573, -1.000000
0.879999, 0.120000, 1.200001, 0.141120, 0.281592, -1.000000, 0.333534, -1.000000
0.879999, 0.130000, 1.190001, 0.151320, 0.287281, -1.000000, 0.338531, -1.000000
0.879999, 0.140000, 1.180001, 0.161280, 0.293038, -1.000000, 0.343565, -1.000000
0.879999, 0.150000, 1.170001, 0.171000, 0.298862, -1.000000, 0.348635, -1.000000
0.879999, 0.160000, 1.160001, 0.180480, 0.304752, -1.000000, 0.353739, -1.000000
0.879999, 0.170000, 1.150001, 0.189720, 0.310707, -1.000000, 0.358876, -1.000000
0.879999, 0.180000, 1.140001, 0.198720, 0.316725, -1.000000, 0.364046, -1.000000
0.879999, 0.190000, 1.130001, 0.207480, 0.322805, -1.000000, 0.369248, -1.000000
0.879999, 0.200000, 1.120001, 0.216000, 0.328946, -1.000000, 0.374480, -1.000000
0.879999, 0.210000, 1.110001, 0.224280, 0.334561, -1.000000, 0.379742, -1.000000
0.879999, 0.220000, 1.100001, 0.232320, 0.340017, -1.000000, 0.385032, -1.000000
0.879999, 0.230000, 1.090001, 0.240120, 0.345515, -1.000000, 0.390349, -1.000000
0.879999, 0.240000, 1.080001, 0.247680, 0.350494, -1.000000, 0.395693, -1.000000
0.879999, 0.250000, 1.070001, 0.255000, 0.353272, -1.000000, 0.400389, -1.000000
0.879999, 0.260000, 1.060001, 0.262080, 0.356061, -1.000000, 0.404207, -1.000000
0.879999, 0.270000, 1.050001, 0.268920, 0.358859, -1.000000, 0.408036, -1.000000
0.879999, 0.280000, 1.040001, 0.275520, 0.361666, -1.000000, 0.411877, -1.000000
0.879999, 0.290000, 1.030001, 0.281880, 0.364484, -1.000000, 0.415728, -1.000000
0.879999, 0.300000, 1.020001, 0.288000, 0.367310, -1.000000, 0.419590, -1.000000
0.879999, 0.310000, 1.010001, 0.293880, 0.370146, -1.000000, 0.423461, -1.000000
0.879999, 0.320000, 1.000001, 0.299520, 0.372990, -1.000000, 0.427342, -1.000000
0.879999, 0.330000, 0.990001, 0.304920, 0.375844, -1.000000, 0.431232, -1.000000
0.879999, 0.340000, 0.980001, 0.310080, 0.378706, -1.000000, 0.435130, -1.000000
0.879999, 0.350000, 0.970001, 0.315000, 0.381577, -1.000000, 0.439037, -1.000000
0.879999, 0.360000, 0.960001, 0.319680, 0.384455, -1.000000, 0.442951, -1.000000
0.879999, 0.370000, 0.950001, 0.324120, 0.387342, -1.000000, 0.446872, -1.000000
0.879999, 0.380000, 0.940001, 0.328320, 0.390237, -1.000000, 0.450799, -1.000000
0.879999, 0.390000, 0.930001, 0.332280, 0.393140, -1.000000, 0.454733, -1.000000
0.879999, 0.400000, 0.920001, 0.336000, 0.396050, -1.000000, 0.458673, -1.000000
0.879999, 0.410000, 0.910001, 0.339480, 0.398968, -1.000000, 0.462617, -1.000000
0.879999, 0.420000, 0.900001, 0.342720, 0.401893, -1.000000, 0.466567, -1.000000
0.879999, 0.430000, 0.890001, 0.345720, 0.404825, -1.000000, 0.470520, -1.000000
0.879999, 0.440000, 0.880001, 0.348480, 0.407763, -1.000000, 0.473410, -1.000000
0.879999, 0.450000, 0.870001, 0.351000, 0.410709, -1.000000, 0.473637, -1.000000
0.879999, 0.460000, 0.860001, 0.353280, 0.413660, -1.000000, 0.473864, -1.000000
0.879999, 0.470000, 0.850001, 0.355320, 0.416618, -1.000000, 0.474091, -1.000000
0.879999, 0.480000, 0.840001, 0.357120, 0.419582, -1.000000, 0.474317, -1.000000
0.879999, 0.490000, 0.830001, 0.358680, 0.422552, -1.000000, 0.474544, -1.000000
0.879999, 0.500000, 0.820001, 0.360000, 0.425527, -1.000000, 0.474771, -1.000000
0.879999, 0.510000, 0.810001, 0.361080, 0.426723, -1.000000, 0.474997, -1.000000
0.879999, 0.520000, 0.800001, 0.361920, 0.427386, -1.000000, 0.475224, -1.000000
0.879999, 0.530000, 0.790001, 0.362520, 0.428048, -1.000000, 0.475451, -1.000000
0.879999, 0.540000, 0.780001, 0.362880, 0.428711, -1.000000, 0.475678, -1.000000
0.879999, 0.550000, 0.770001, 0.363000, 0.428956, -1.000000, 0.475904, -1.000000
0.879999, 0.560000, 0.760001, 0.362880, 0.428984, -1.000000, 0.476131, -1.000000
0.879999, 0.570000, 0.750001, 0.362520, 0.429012, -1.000000, 0.476358, -1.000000
0.879999, 0.580000, 0.740001, 0.361920, 0.429040, -1.000000, 0.476585, -1.000000
0.879999, 0.590000, 0.730001, 0.361080, 0.429068, -1.000000, 0.476812, -1.000000
0.879999, 0.600000, 0.720001, 0.360000, 0.429096, -1.000000, 0.477038, -1.000000
0.879999, 0.610000, 0.710001, 0.358680, 0.429124, -1.000000, 0.477265, -1.000000
0.879999, 0.620000, 0.700001, 0.357120, 0.429152, -1.000000, 0.477492, -1.000000
0.879999, 0.630000, 0.690001, 0.355320, 0.429180, -1.000000, 0.477719, -1.000000
0.879999, 0.640000, 0.680001, 0.353280, 0.429208, -1.000000, 0.477946, -1.000000
0.879999, 0.650000, 0.670001, 0.351000, 0.429236, -1.000000, 0.478173, -1.000000
0.879999, 0.660000, 0.660001, 0.348480, 0.429264, -1.000000, 0.478400, -1.000000
0.879999, 0.670000, 0.650001, 0.345720, 0.429095, -1.000000, 0.478626, -1.000000
0.879999, 0.680000, 0.640001, 0.342721, 0.427890, -1.000000, 0.478853, -1.000000
0.879999, 0.690000, 0.630001, 0.339481, 0.426685, -1.000000, 0.479080, -1.000000
0.879999, 0.700000, 0.620001, 0.336001, 0.425482, -1.000000, 0.479307, -1.000000
0.879999, 0.710000, 0.610001, 0.332281, 0.424279, -1.000000, 0.479534, -1.000000
0.879999, 0.720000, 0.600001, 0.328321, 0.423077, -1.000000, 0.479761, -1.000000
0.879999, 0.730000, 0.590001, 0.324121, 0.421877, -1.000000, 0.479988, -1.000000
0.879999, 0.740000, 0.580001, 0.319681, 0.420677, -1.000000, 0.480215, -1.000000
0.879999, 0.750000, 0.570001, 0.315001, 0.419478, -1.000000, 0.480442, -1.000000
0.879999, 0.760000, 0.560001, 0.310081, 0.418280, -1.000000, 0.480519, -1.000000
0.879999, 0.770000, 0.550001, 0.304921, 0.417083, -1.000000, 0.477731, -1.000000
0.879999, 0.780000, 0.540001, 0.299521, 0.415886, -1.000000, 0.474944, -1.000000
0.879999, 0.790000, 0.530001, 0.293881, 0.414612, -1.000000, 0.472158, -1.000000
0.879999, 0.800000, 0.520001, 0.288001, 0.410528, -1.000000, 0.469374, -1.000000
0.879999, 0.810000, 0.510001, 0.281881, 0.406457, -1.000000, 0.466593, -1.000000
0.879999, 0.820000, 0.500001, 0.275521, 0.402399, -1.000000, 0.463813, -1.000000
0.879999, 0.830000, 0.490001, 0.268921, 0.398353, -1.000000, 0.461035, -1.000000
0.879999, 0.839999, 0.480001, 0.262081, 0.394322, -1.000000, 0.458260, -1.000000
0.879999, 0.849999, 0.470001, 0.255001, 0.390305, -1.000000, 0.455487, -1.000000
0.879999, 0.859999, 0.460001, 0.247681, 0.386303, -1.000000, 0.452718, -1.000000
0.879999, 0.869999, 0.450001, 0.240121, 0.382316, -1.000000, 0.449951, -1.000000
0.879999, 0.879999, 0.440001, 0.232321, 0.378345, -1.000000, 0.447187, -1.000000
0.879999, 0.889999, 0.430001, 0.224281, 0.374391, -1.000000, 0.444426, -1.000000
0.879999, 0.899999, 0.420001, 0.216001, 0.370453, -1.000000, 0.441669, -1.000000
0.879999, 0.909999, 0.410001, 0.207481, 0.366532, -1.000000, 0.438916, -1.000000
0.879999, 0.919999, 0.400001, 0.198721, 0.362617, -1.000000, 0.436166, -1.000000
0.879999, 0.929999, 0.390001, 0.189721, 0.358718, -1.000000, 0.433420, -1.000000
0.879999, 0.939999, 0.380001, 0.180481, 0.354837, -1.000000, 0.430678, -1.000000
0.879999, 0.949999, 0.370001, 0.171001, 0.350975, -1.000000, 0.427941, -1.000000
0.879999, 0.959999, 0.360001, 0.161281, 0.347132, -1.000000, 0.425208, -1.000000
0.879999, 0.969999, 0.350001, 0.151321, 0.343309, -1.000000, 0.422479, -1.000000
0.879999, 0.979999, 0.340001, 0.141121, 0.339507, -1.000000, 0.419755, -1.000000
0.879999, 0.989999, 0.330001, 0.130681, 0.335725, -1.000000, 0.417036, -1.000000
0.879999, 0.999999, 0.320001, 0.120001, 0.331964, -1.000000, 0.414322, -1.000000
0.889999, 0.000000, 1.310001, 0.000000, 0.218811, 0.655634, 0.276649, 0.758293
0.889999, 0.010000, 1.300001, 0.012980, 0.223627, -1.000000, 0.281154, -1.000000
0.889999, 0.020000, 1.290001, 0.025720, 0.228517, -1.000000, 0.285703, -1.000000
0.889999, 0.030000, 1.280001, 0.038220, 0.233483, -1.000000, 0.290297, -1.000000
0.889999, 0.040000, 1.270001, 0.050480, 0.238523, -1.000000, 0.294933, -1.000000
0.889999, 0.050000, 1.260001, 0.062500, 0.243637, -1.000000, 0.299612, -1.000000
0.889999, 0.060000, 1.250001, 0.074280, 0.248825, -1.000000, 0.304334, -1.000000
0.889999, 0.070000, 1.240001, 0.085820, 0.254086, -1.000000, 0.309097, -1.000000
0.889999, 0.080000, 1.230001, 0.097120, 0.259420, -1.000000, 0.313901, -1.000000
0.889999, 0.090000, 1.220001, 0.108180, 0.264827, -1.000000, 0.318745, -1.000000
0.889999, 0.100000, 1.210001, 0.119000, 0.270304, -1.000000, 0.323629, -1.000000
0.889999, 0.110000, 1.200001, 0.129580, 0.275853, -1.000000, 0.328552, -1.000000
0.889999, 0.120000, 1.190001, 0.139920, 0.281472, -1.000000, 0.333512, -1.000000
0.889999, 0.130000, 1.180001, 0.150020, 0.287160, -1.000000, 0.338510, -1.000000
0.889999, 0.140000, 1.170001, 0.159880, 0.292915, -1.000000, 0.343544, -1.000000
0.889999, 0.150000, 1.160001, 0.169500, 0.298738, -1.000000, 0.348613, -1.000000
0.889999, 0.160000, 1.150001, 0.178880, 0.304627, -1.000000, 0.353717, -1.000000
0.889999, 0.170000, 1.140001, 0.188020, 0.310580, -1.000000, 0.358854, -1.000000
0.889999, 0.180000, 1.130001, 0.196920, 0.316597, -1.000000, 0.364024, -1.000000
0.889999, 0.190000, 1.120001, 0.205580, 0.322676, -1.000000, 0.369225, -1.000000
0.889999, 0.200000, 1.110001, 0.214000, 0.328815, -1.000000, 0.374457, -1.000000
0.889999, 0.210000, 1.100001, 0.222180, 0.334435, -1.000000, 0.379719, -1.000000
0.889999, 0.220000, 1.090001, 0.230120, 0.339890, -1.000000, 0.385009, -1.000000
0.889999, 0.230000, 1.080001, 0.237820, 0.345387, -1.000000, 0.390326, -1.000000
0.889999, 0.240000, 1.070001, 0.245280, 0.350417, -1.000000, 0.395670, -1.000000
0.889999, 0.250000, 1.060001, 0.252500, 0.353195, -1.000000, 0.400413, -1.000000
0.889999, 0.260000, 1.050001, 0.259480, 0.355983, -1.000000, 0.404231, -1.000000
0.889999, 0.270000, 1.040001, 0.266220, 0.358781, -1.000000, 0.408060, -1.000000
0.889999, 0.280000, 1.030001, 0.272720, 0.361588, -1.000000, 0.411901, -1.000000
0.889999, 0.290000, 1.020001, 0.278980, 0.364405, -1.000000, 0.415752, -1.000000
0.889999, 0.300000, 1.010001, 0.285000, 0.367232, -1.000000, 0.419614, -1.000000
0.889999, 0.310000, 1.000001, 0.290780, 0.370067, -1.000000, 0.423485, -1.000000
0.889999, 0.320000, 0.990001, 0.296320, 0.372911, -1.000000, 0.427366, -1.000000
0.889999, 0.330000, 0.980001, 0.301620, 0.375765, -1.000000, 0.431256, -1.000000
0.889999, 0.340000, 0.970001, 0.306680, 0.378627, -1.000000, 0.435155, -1.000000
0.889999, 0.350000, 0.960001, 0.311500, 0.381497, -1.000000, 0.439061, -1.000000
0.889999, 0.360000, 0.950001, 0.316080, 0.384376, -1.000000, 0.442975, -1.000000
0.889999, 0.370000, 0.940001, 0.320420, 0.387262, -1.000000, 0.446896, -1.000000
0.889999, 0.380000, 0.930001, 0.324520, 0.390157, -1.000000, 0.450824, -1.000000
0.889999, 0.390000, 0.920001, 0.328380, 0.393059, -1.000000, 0.454758, -1.000000
0.889999, 0.400000, 0.910001, 0.332000, 0.395970, -1.000000, 0.458697, -1.000000
0.889999, 0.410000, 0.900001, 0.335380, 0.398887, -1.000000, 0.462642, -1.000000
0.889999, 0.420000, 0.890001, 0.338520, 0.401812, -1.000000, 0.466591, -1.000000
0.889999, 0.430000, 0.880001, 0.341420, 0.404743, -1.000000, 0.470545, -1.000000
0.889999, 0.440000, 0.870001, 0.344080, 0.407682, -1.000000, 0.473367, -1.000000
0.889999, 0.450000, 0.860001, 0.346500, 0.410627, -1.000000, 0.473594, -1.000000
0.889999, 0.460000, 0.850001, 0.348680, 0.413578, -1.000000, 0.473820, -1.000000
0.889999, 0.470000, 0.840001, 0.350620, 0.416536, -1.000000, 0.474047, -1.000000
0.889999, 0.480000, 0.830001, 0.352320, 0.419500, -1.000000, 0.474274, -1.000000
0.889999, 0.490000, 0.820001, 0.353780, 0.422469, -1.000000, 0.474500, -1.000000
0.889999, 0.500000, 0.810001, 0.355000, 0.425444, -1.000000, 0.474727, -1.000000
0.889999, 0.510000, 0.800001, 0.355980, 0.426687, -1.000000, 0.474954, -1.000000
0.889999, 0.520000, 0.790001, 0.356720, 0.427349, -1.000000, 0.475181, -1.000000
0.889999, 0.530000, 0.780001, 0.357220, 0.428012, -1.000000, 0.475407, -1.000000
0.889999, 0.540000, 0.770001, 0.357480, 0.428675, -1.000000, 0.475634, -1.000000
0.889999, 0.550000, 0.760001, 0.357500, 0.428934, -1.000000, 0.475861, -1.000000
0.889999, 0.560000, 0.750001, 0.357280, 0.428962, -1.000000, 0.476088, -1.000000
0.889999, 0.570000, 0.740001, 0.356820, 0.428990, -1.000000, 0.476315, -1.000000
0.889999, 0.580000, 0.730001, 0.356120, 0.429018, -1.000000, 0.476541, -1.000000
0.889999, 0.590000, 0.720001, 0.355180, 0.429046, -1.000000, 0.476768, -1.000000
0.889999, 0.600000, 0.710001, 0.354000, 0.429074, -1.000000, 0.476995, -1.000000
0.889999, 0.610000, 0.700001, 0.352580, 0.429102, -1.000000, 0.477222, -1.000000
0.889999, 0.620000, 0.690001, 0.350920, 0.429130, -1.000000, 0.477449, -1.000000
0.889999, 0.630000, 0.680001, 0.349020, 0.429158, -1.000000, 0.477676, -1.000000
0.889999, 0.640000, 0.670001, 0.346880, 0.429186, -1.000000, 0.477902, -1.000000
0.889999, 0.650000, 0.660001, 0.344500, 0.429214, -1.000000, 0.478129, -1.000000
0.889999, 0.660000, 0.650001, 0.341881, 0.429242, -1.000000, 0.478356, -1.000000
0.889999, 0.670000, 0.640001, 0.339020, 0.429111, -1.000000, 0.478583, -1.000000
0.889999, 0.680000, 0.630001, 0.335921, 0.427906, -1.000000, 0.478810, -1.000000
0.889999, 0.690000, 0.620001, 0.332581, 0.426701, -1.000000, 0.479037, -1.000000
0.889999, 0.700000, 0.610001, 0.329001, 0.425498, -1.000000, 0.479264, -1.000000
0.889999, 0.710000, 0.600001, 0.325181, 0.424295, -1.000000, 0.479491, -1.000000
0.889999, 0.720000, 0.590001, 0.321121, 0.423093, -1.000000, 0.479718, -1.000000
0.889999, 0.730000, 0.580001, 0.316821, 0.421892, -1.000000, 0.479945, -1.000000
0.889999, 0.740000, 0.570001, 0.312281, 0.420693, -1.000000, 0.480172, -1.000000
0.889999, 0.750000, 0.560001, 0.307501, 0.419494, -1.000000, 0.480398, -1.000000
0.889999, 0.760000, 0.550001, 0.302481, 0.418296, -1.000000, 0.480488, -1.000000
0.889999, 0.770000, 0.540001, 0.297221, 0.417098, -1.000000, 0.477699, -1.000000
0.889999, 0.780000, 0.530001, 0.291721, 0.415902, -1.000000, 0.474912, -1.000000
0.889999, 0.790000, 0.520001, 0.285981, 0.414707, -1.000000, 0.472127, -1.000000
0.889999, 0.800000, 0.510001, 0.280001, 0.410693, -1.000000, 0.469343, -1.000000
0.889999, 0.810000, 0.500001, 0.273781, 0.406622, -1.000000, 0.466561, -1.000000
0.889999, 0.820000, 0.490001, 0.267321, 0.402563, -1.000000, 0.463781, -1.000000
0.889999, 0.830000, 0.480001, 0.260621, 0.398517, -1.000000, 0.461004, -1.000000
0.889999, 0.839999, 0.470001, 0.253681, 0.394485, -1.000000, 0.458228, -1.000000
0.889999, 0.849999, 0.460001, 0.246501, 0.390468, -1.000000, 0.455456, -1.000000
0.889999, 0.859999, 0.450001, 0.239081, 0.386465, -1.000000, 0.452686, -1.000000
0.889999, 0.869999, 0.440001, 0.231421, 0.382478, -1.000000, 0.449919, -1.000000
0.889999, 0.879999, 0.430001, 0.223521, 0.378506, -1.000000, 0.447155, -1.000000
0.889999, 0.889999, 0.420001, 0.215381, 0.374551, -1.000000, 0.444395, -1.000000
0.889999, 0.899999, 0.410001, 0.207001, 0.370612, -1.000000, 0.441638, -1.000000
0.889999, 0.909999, 0.400001, 0.198381, 0.366690, -1.000000, 0.438884, -1.000000
0.889999, 0.919999, 0.390001, 0.189521, 0.362786, -1.000000, 0.436135, -1.000000
0.889999, 0.929999, 0.380001, 0.180421, 0.358900, -1.000000, 0.433389, -1.000000
0.889999, 0.939999, 0.370001, 0.171081, 0.355023, -1.000000, 0.430647, -1.000000
0.889999, 0.949999, 0.360001, 0.161501, 0.351160, -1.000000, 0.427910, -1.000000
0.889999, 0.959999, 0.350001, 0.151681, 0.347317, -1.000000, 0.425177, -1.000000
0.889999, 0.969999, 0.340001, 0.141621, 0.343493, -1.000000, 0.422448, -1.000000
0.889999, 0.979999, 0.330001, 0.131321, 0.339689, -1.000000, 0.419724, -1.000000
0.889999, 0.989999, 0.320001, 0.120781, 0.335906, -1.000000, 0.417005, -1.000000
0.889999, 0.999999, 0.310001, 0.110001, 0.332144, -1.000000, 0.414292, -1.000000
0.899999, 0.000000, 1.300001, 0.000000, 0.218710, 0.655638, 0.276630, 0.758272
0.899999, 0.010000, 1.290001, 0.012880, 0.223524, -1.000000, 0.281134, -1.000000
0.899999, 0.020000, 1.280001, 0.025520, 0.228413, -1.000000, 0.285683, -1.000000
0.899999, 0.030000, 1.270001, 0.037920, 0.233377, -1.000000, 0.290276, -1.000000
0.899999, 0.040000, 1.260001, 0.050080, 0.238415, -1.000000, 0.294913, -1.000000
0.899999, 0.050000, 1.250001, 0.062000, 0.243528, -1.000000, 0.299592, -1.000000
0.899999, 0.060000, 1.240001, 0.073680, 0.248714, -1.000000, 0.304313, -1.000000
0.899999, 0.070000, 1.230001, 0.085120, 0.253974, -1.000000, 0.309076, -1.000000
0.899999, 0.080000, 1.220001, 0.096320, 0.259306, -1.000000, 0.313880, -1.000000
0.899999, 0.090000, 1.210001, 0.107280, 0.264711, -1.000000, 0.318724, -1.000000
0.899999, 0.100000, 1.200001, 0.118000, 0.270188, -1.000000, 0.323608, -1.000000
0.899999, 0.110000, 1.190001, 0.128480, 0.275735, -1.000000, 0.328530, -1.000000
0.899999, 0.120000, 1.180001, 0.138720, 0.281352, -1.000000, 0.333490, -1.000000
0.899999, 0.130000, 1.170001, 0.148720, 0.287039, -1.000000, 0.338488, -1.000000
0.899999, 0.140000, 1.160001, 0.158480, 0.292793, -1.000000, 0.343522, -1.000000
0.899999, 0.150000, 1.150001, 0.168000, 0.298614, -1.000000, 0.348591, -1.000000
0.899999, 0.160000, 1.140001, 0.177280, 0.304502, -1.000000, 0.353694, -1.000000
0.899999, 0.170000, 1.130001, 0.186320, 0.310454, -1.000000, 0.358831, -1.000000
0.899999, 0.180000, 1.120001, 0.195120, 0.316469, -1.000000, 0.364001, -1.000000
0.899999, 0.190000, 1.110001, 0.203680, 0.322547, -1.000000, 0.369203, -1.000000
0.899999, 0.200000, 1.100001, 0.212000, 0.328685, -1.000000, 0.374435, -1.000000
0.899999, 0.210000, 1.090001, 0.220080, 0.334309, -1.000000, 0.379696, -1.000000
0.899999, 0.220000, 1.080001, 0.227920, 0.339763, -1.000000, 0.384986, -1.000000
0.899999, 0.230000, 1.070001, 0.235520, 0.345260, -1.000000, 0.390303, -1.000000
0.899999, 0.240000, 1.060001, 0.242880, 0.350340, -1.000000, 0.395646, -1.000000
0.899999, 0.250000, 1.050001, 0.250000, 0.353118, -1.000000, 0.400437, -1.000000
0.899999, 0.260000, 1.040001, 0.256880, 0.355906, -1.000000, 0.404255, -1.000000
0.899999, 0.270000, 1.030001, 0.263520, 0.358703, -1.000000, 0.408084, -1.000000
0.899999, 0.280000, 1.020001, 0.269920, 0.361510, -1.000000, 0.411925, -1.000000
0.899999, 0.290000, 1.010001, 0.276080, 0.364327, -1.000000, 0.415776, -1.000000
0.899999, 0.300000, 1.000001, 0.282000, 0.367153, -1.000000, 0.419638, -1.000000
0.899999, 0.310000, 0.990001, 0.287680, 0.369988, -1.000000, 0.423510, -1.000000
0.899999, 0.320000, 0.980001, 0.293120, 0.372832, -1.000000, 0.427391, -1.000000
0.899999, 0.330000, 0.970001, 0.298320, 0.375685, -1.000000, 0.431281, -1.000000
0.899999, 0.340000, 0.960001, 0.303280, 0.378547, -1.000000, 0.435179, -1.000000
0.899999, 0.350000, 0.950001, 0.308000, 0.381417, -1.000000, 0.439085, -1.000000
0.899999, 0.360000, 0.940001, 0.312480, 0.384296, -1.000000, 0.443000, -1.000000
0.899999, 0.370000, 0.930001, 0.316720, 0.387182, -1.000000, 0.446921, -1.000000
0.899999, 0.380000, 0.920001, 0.320720, 0.390077, -1.000000, 0.450848, -1.000000
0.899999, 0.390000, 0.910001, 0.324480, 0.392979, -1.000000, 0.454782, -1.000000
0.899999, 0.400000, 0.900001, 0.328000, 0.395889, -1.000000, 0.458722, -1.000000
0.899999, 0.410000, 0.890001, 0.331280, 0.398806, -1.000000, 0.462666, -1.000000
0.899999, 0.420000, 0.880001, 0.334320, 0.401730, -1.000000, 0.466616, -1.000000
0.899999, 0.430000, 0.870001, 0.337120, 0.404662, -1.000000, 0.470569, -1.000000
0.899999, 0.440000, 0.860001, 0.339680, 0.407600, -1.000000, 0.473324, -1.000000
0.899999, 0.450000, 0.850001, 0.342000, 0.410545, -1.000000, 0.473550, -1.000000
0.899999, 0.460000, 0.840001, 0.344080, 0.413496, -1.000000, 0.473777, -1.000000
0.899999, 0.470000, 0.830001, 0.345920, 0.416454, -1.000000, 0.474004, -1.000000
0.899999, 0.480000, 0.820001, 0.347520, 0.419417, -1.000000, 0.474230, -1.000000
0.899999, 0.490000, 0.810001, 0.348880, 0.422387, -1.000000, 0.474457, -1.000000
0.899999, 0.500000, 0.800001, 0.350000, 0.425362, -1.000000, 0.474684, -1.000000
0.899999, 0.510000, 0.790001, 0.350880, 0.426650, -1.000000, 0.474910, -1.000000
0.899999, 0.520000, 0.780001, 0.351520, 0.427313, -1.000000, 0.475137, -1.000000
0.899999, 0.530000, 0.770001, 0.351920, 0.427975, -1.000000, 0.475364, -1.000000
0.899999, 0.540000, 0.760001, 0.352080, 0.428638, -1.000000, 0.475591, -1.000000
0.899999, 0.550000, 0.750001, 0.352000, 0.428912, -1.000000, 0.475818, -1.000000
0.899999, 0.560000, 0.740001, 0.351680, 0.428940, -1.000000, 0.476044, -1.000000
0.899999, 0.570000, 0.730001, 0.351120, 0.428968, -1.000000, 0.476271, -1.000000
0.899999, 0.580000, 0.720001, 0.350320, 0.428996, -1.000000, 0.476498, -1.000000
0.899999, 0.590000, 0.710001, 0.349280, 0.429024, -1.000000, 0.476725, -1.000000
0.899999, 0.600000, 0.700001, 0.348000, 0.429052, -1.000000, 0.476952, -1.000000
0.899999, 0.610000, 0.690001, 0.346480, 0.429080, -1.000000, 0.477178, -1.000000
0.899999, 0.620000, 0.680001, 0.344720, 0.429108, -1.000000, 0.477405, -1.000000
0.899999, 0.630000, 0.670001, 0.342720, 0.429136, -1.000000, 0.477632, -1.000000
0.899999, 0.640000, 0.660001, 0.340480, 0.429164, -1.000000, 0.477859, -1.000000
0.899999, 0.650000, 0.650001, 0.338000, 0.429192, -1.000000, 0.478086, -1.000000
0.899999, 0.660000, 0.640001, 0.335281, 0.429220, -1.000000, 0.478313, -1.000000
0.899999, 0.670000, 0.630001, 0.332321, 0.429127, -1.000000, 0.478540, -1.000000
0.899999, 0.680000, 0.620001, 0.329121, 0.427922, -1.000000, 0.478766, -1.000000
0.899999, 0.690000, 0.610001, 0.325681, 0.426717, -1.000000, 0.478993, -1.000000
0.899999, 0.700000, 0.600001, 0.322001, 0.425514, -1.000000, 0.479220, -1.000000
0.899999, 0.710000, 0.590001, 0.318081, 0.424311, -1.000000, 0.479447, -1.000000
0.899999, 0.720000, 0.580001, 0.313921, 0.423109, -1.000000, 0.479674, -1.000000
0.899999, 0.730000, 0.570001, 0.309521, 0.421908, -1.000000, 0.479901, -1.000000
0.899999, 0.740000, 0.560001, 0.304881, 0.420708, -1.000000, 0.480128, -1.000000
0.899999, 0.750000, 0.550001, 0.300001, 0.419509, -1.000000, 0.480355, -1.000000
0.899999, 0.760000, 0.540001, 0.294881, 0.418311, -1.000000, 0.480456, -1.000000
0.899999, 0.770000, 0.530001, 0.289521, 0.417114, -1.000000, 0.477667, -1.000000
0.899999, 0.780000, 0.520001, 0.283921, 0.415918, -1.000000, 0.474880, -1.000000
0.899999, 0.790000, 0.510001, 0.278081, 0.414723, -1.000000, 0.472095, -1.000000
0.899999, 0.800000, 0.500001, 0.272001, 0.410859, -1.000000, 0.469311, -1.000000
0.899999, 0.810000, 0.490001, 0.265681, 0.406786, -1.000000, 0.466529, -1.000000
0.899999, 0.820000, 0.480001, 0.259121, 0.402727, -1.000000, 0.463749, -1.000000
0.899999, 0.830000, 0.470001, 0.252321, 0.398681, -1.000000, 0.460972, -1.000000
0.899999, 0.839999, 0.460001, 0.245281, 0.394648, -1.000000, 0.458197, -1.000000
0.899999, 0.849999, 0.450001, 0.238001, 0.390630, -1.000000, 0.455424, -1.000000
0.899999, 0.859999, 0.440001, 0.230481, 0.386627, -1.000000, 0.452655, -1.000000
0.899999, 0.869999, 0.430001, 0.222721, 0.382639, -1.000000, 0.449888, -1.000000
0.899999, 0.879999, 0.420001, 0.214721, 0.378667, -1.000000, 0.447124, -1.000000
0.899999, 0.889999, 0.410001, 0.206481, 0.374711, -1.000000, 0.444364, -1.000000
0.899999, 0.899999, 0.400001, 0.198001, 0.370771, -1.000000, 0.441606, -1.000000
0.899999, 0.909999, 0.390001, 0.189281, 0.366849, -1.000000, 0.438853, -1.000000
0.899999, 0.919999, 0.380001, 0.180321, 0.362944, -1.000000, 0.436103, -1.000000
0.899999, 0.929999, 0.370001, 0.171121, 0.359057, -1.000000, 0.433358, -1.000000
0.899999, 0.939999, 0.360001, 0.161681, 0.355189, -1.000000, 0.430616, -1.000000
0.899999, 0.949999, 0.350001, 0.152001, 0.351340, -1.000000, 0.427879, -1.000000
0.899999, 0.959999, 0.340001, 0.142081, 0.347501, -1.000000, 0.425145, -1.000000
0.899999, 0.969999, 0.330001, 0.131921, 0.343676, -1.000000, 0.422417, -1.000000
0.899999, 0.979999, 0.320001, 0.121521, 0.339872, -1.000000, 0.419693, -1.000000
0.899999, 0.989999, 0.310001, 0.110881, 0.336088, -1.000000, 0.416975, -1.000000
0.899999, 0.999999, 0.300001, 0.100001, 0.332325, -1.000000, 0.414261, -1.000000
0.909999, 0.000000, 1.290001, 0.000000, 0.218609, 0.655643, 0.276610, 0.758250
0.909999, 0.010000, 1.280001, 0.012780, 0.223421, -1.000000, 0.281115, -1.000000
0.909999, 0.020000, 1.270001, 0.025320, 0.228309, -1.000000, 0.285664, -1.000000
0.909999, 0.030000, 1.260001, 0.037620, 0.233271, -1.000000, 0.290256, -1.000000
0.909999, 0.040000, 1.250001, 0.049680, 0.238308, -1.000000, 0.294893, -1.000000
0.909999, 0.050000, 1.240001, 0.061500, 0.243419, -1.000000, 0.299572, -1.000000
0.909999, 0.060000, 1.230001, 0.073080, 0.248604, -1.000000, 0.304293, -1.000000
0.909999, 0.070000, 1.220001, 0.084420, 0.253862, -1.000000, 0.309056, -1.000000
0.909999, 0.080000, 1.210001, 0.095520, 0.259193, -1.000000, 0.313859, -1.000000
0.909999, 0.090000, 1.200001, 0.106380, 0.264596, -1.000000, 0.318703, -1.000000
0.909999, 0.100000, 1.190001, 0.117000, 0.270071, -1.000000, 0.323587, -1.000000
0.909999, 0.110000, 1.180001, 0.127380, 0.275617, -1.000000, 0.328509, -1.000000
0.909999, 0.120000, 1.170001, 0.137520, 0.281233, -1.000000, 0.333469, -1.000000
0.909999, 0.130000, 1.160001, 0.147420, 0.286917, -1.000000, 0.338466, -1.000000
0.909999, 0.140000, 1.150001, 0.157080, 0.292670, -1.000000, 0.343500, -1.000000
0.909999, 0.150000, 1.140001, 0.166500, 0.298490, -1.000000, 0.348569, -1.000000
0.909999, 0.160000, 1.130001, 0.175680, 0.304376, -1.000000, 0.353672, -1.000000
0.909999, 0.170000, 1.120001, 0.184620, 0.310327, -1.000000, 0.358809, -1.000000
0.909999, 0.180000, 1.110001, 0.193320, 0.316341, -1.000000, 0.363979, -1.000000
0.909999, 0.190000, 1.100001, 0.201780, 0.322417, -1.000000, 0.369180, -1.000000
0.909999, 0.200000, 1.090001, 0.210000, 0.328554, -1.000000, 0.374412, -1.000000
0.909999, 0.210000, 1.080001, 0.217980, 0.334184, -1.000000, 0.379673, -1.000000
0.909999, 0.220000, 1.070001, 0.225720, 0.339636, -1.000000, 0.384963, -1.000000
0.909999, 0.230000, 1.060001, 0.233220, 0.345132, -1.000000, 0.390280, -1.000000
0.909999, 0.240000, 1.050001, 0.240480, 0.350263, -1.000000, 0.395623, -1.000000
0.909999, 0.250000, 1.040001, 0.247500, 0.353041, -1.000000, 0.400461, -1.000000
0.909999, 0.260000, 1.030001, 0.254280, 0.355828, -1.000000, 0.404279, -1.000000
0.909999, 0.270000, 1.020001, 0.260820, 0.358626, -1.000000, 0.408108, -1.000000
0.909999, 0.280000, 1.010001, 0.267120, 0.361432, -1.000000, 0.411949, -1.000000
0.909999, 0.290000, 1.000001, 0.273180, 0.364249, -1.000000, 0.415800, -1.000000
0.909999, 0.300000, 0.990001, 0.279000, 0.367075, -1.000000, 0.419662, -1.000000
0.909999, 0.310000, 0.980001, 0.284580, 0.369910, -1.000000, 0.423534, -1.000000
0.909999, 0.320000, 0.970001, 0.289920, 0.372753, -1.000000, 0.427415, -1.000000
0.909999, 0.330000, 0.960001, 0.295020, 0.375606, -1.000000, 0.431305, -1.000000
0.909999, 0.340000, 0.950001, 0.299880, 0.378468, -1.000000, 0.435203, -1.000000
0.909999, 0.350000, 0.940001, 0.304500, 0.381338, -1.000000, 0.439110, -1.000000
0.909999, 0.360000, 0.930001, 0.308880, 0.384216, -1.000000, 0.443024, -1.000000
0.909999, 0.370000, 0.920001, 0.313020, 0.387102, -1.000000, 0.446945, -1.000000
0.909999, 0.380000, 0.910001, 0.316920, 0.389996, -1.000000, 0.450873, -1.000000
0.909999, 0.390000, 0.900001, 0.320580, 0.392898, -1.000000, 0.454807, -1.000000
0.909999, 0.400000, 0.890001, 0.324000, 0.395808, -1.000000, 0.458746, -1.000000
0.909999, 0.410000, 0.880001, 0.327180, 0.398725, -1.000000, 0.462691, -1.000000
0.909999, 0.420000, 0.870001, 0.330120, 0.401649, -1.000000, 0.466641, -1.000000
0.909999, 0.430000, 0.860001, 0.332820, 0.404581, -1.000000, 0.470594, -1.000000
0.909999, 0.440000, 0.850001, 0.335280, 0.407519, -1.000000, 0.473280, -1.000000
0.909999, 0.450000, 0.840001, 0.337500, 0.410463, -1.000000, 0.473507, -1.000000
0.909999, 0.460000, 0.830001, 0.339480, 0.413414, -1.000000, 0.473734, -1.000000
0.909999, 0.470000, 0.820001, 0.341220, 0.416372, -1.000000, 0.473960, -1.000000
0.909999, 0.480000, 0.810001, 0.342720, 0.419335, -1.000000, 0.474187, -1.000000
0.909999, 0.490000, 0.800001, 0.343980, 0.422304, -1.000000, 0.474414, -1.000000
0.909999, 0.500000, 0.790001, 0.345000, 0.425279, -1.000000, 0.474640, -1.000000
0.909999, 0.510000, 0.780001, 0.345780, 0.426614, -1.000000, 0.474867, -1.000000
0.909999, 0.520000, 0.770001, 0.346320, 0.427276, -1.000000, 0.475094, -1.000000
0.909999, 0.530000, 0.760001, 0.346620, 0.427939, -1.000000, 0.475321, -1.000000
0.909999, 0.540000, 0.750001, 0.346680, 0.428602, -1.000000, 0.475547, -1.000000
0.909999, 0.550000, 0.740001, 0.346500, 0.428890, -1.000000, 0.475774, -1.000000
0.909999, 0.560000, 0.730001, 0.346080, 0.428918, -1.000000, 0.476001, -1.000000
0.909999, 0.570000, 0.720001, 0.345420, 0.428946, -1.000000, 0.476228, -1.000000
0.909999, 0.580000, 0.710001, 0.344520, 0.428974, -1.000000, 0.476454, -1.000000
0.909999, 0.590000, 0.700001, 0.343380, 0.429002, -1.000000, 0.476681, -1.000000
0.909999, 0.600000, 0.690001, 0.342000, 0.429030, -1.000000, 0.476908, -1.000000
0.909999, 0.610000, 0.680001, 0.340380, 0.429058, -1.000000, 0.477135, -1.000000
0.909999, 0.620000, 0.670001, 0.338520, 0.429086, -1.000000, 0.477362, -1.000000
0.909999, 0.630000, 0.660001, 0.336420, 0.429114, -1.000000, 0.477589, -1.000000
0.909999, 0.640000, 0.650001, 0.334080, 0.429142, -1.000000, 0.477815, -1.000000
0.909999, 0.650000, 0.640001, 0.331500, 0.429170, -1.000000, 0.478042, -1.000000
0.909999, 0.660000, 0.630001, 0.328681, 0.429198, -1.000000, 0.478269, -1.000000
0.909999, 0.670000, 0.620001, 0.325621, 0.429143, -1.000000, 0.478496, -1.000000
0.909999, 0.680000, 0.610001, 0.322321, 0.427938, -1.000000, 0.478723, -1.000000
0.909999, 0.690000, 0.600001, 0.318781, 0.426733, -1.000000, 0.478950, -1.000000
0.909999, 0.700000, 0.590001, 0.315001, 0.425530, -1.000000, 0.479177, -1.000000
0.909999, 0.710000, 0.580001, 0.310981, 0.424327, -1.000000, 0.479404, -1.000000
0.909999, 0.720000, 0.570001, 0.306721, 0.423125, -1.000000, 0.479631, -1.000000
0.909999, 0.730000, 0.560001, 0.302221, 0.421924, -1.000000, 0.479858, -1.000000
0.909999, 0.740000, 0.550001, 0.297481, 0.420724, -1.000000, 0.480085, -1.000000
0.909999, 0.750000, 0.540001, 0.292501, 0.419525, -1.000000, 0.480311, -1.000000
0.909999, 0.760000, 0.530001, 0.287281, 0.418327, -1.000000, 0.480424, -1.000000
0.909999, 0.770000, 0.520001, 0.281821, 0.417130, -1.000000, 0.477636, -1.000000
0.909999, 0.780000, 0.510001, 0.276121, 0.415934, -1.000000, 0.474849, -1.000000
0.909999, 0.790000, 0.500001, 0.270181, 0.414739, -1.000000, 0.472063, -1.000000
0.909999, 0.800000, 0.490001, 0.264001, 0.411024, -1.000000, 0.469279, -1.000000
0.909999, 0.810000, 0.480001, 0.257581, 0.406951, -1.000000, 0.466498, -1.000000
0.909999, 0.820000, 0.470001, 0.250921, 0.402891, -1.000000, 0.463718, -1.000000
0.909999, 0.830000, 0.460001, 0.244021, 0.398844, -1.000000, 0.460940, -1.000000
0.909999, 0.839999, 0.450001, 0.236881, 0.394812, -1.000000, 0.458165, -1.000000
0.909999, 0.849999, 0.440001, 0.229501, 0.390793, -1.000000, 0.455393, -1.000000
0.909999, 0.859999, 0.430001, 0.221881, 0.386789, -1.000000, 0.452623, -1.000000
0.909999, 0.869999, 0.420001, 0.214021, 0.382800, -1.000000, 0.449856, -1.000000
0.909999, 0.879999, 0.410001, 0.205921, 0.378827, -1.000000, 0.447093, -1.000000
0.909999, 0.889999, 0.400001, 0.197581, 0.374871, -1.000000, 0.444332, -1.000000
0.909999, 0.899999, 0.390001, 0.189001, 0.370930, -1.000000, 0.441575, -1.000000
0.909999, 0.909999, 0.380001, 0.180181, 0.367007, -1.000000, 0.438822, -1.000000
0.909999, 0.919999, 0.370001, 0.171121, 0.363102, -1.000000, 0.436072, -1.000000
0.909999, 0.929999, 0.360001, 0.161821, 0.359214, -1.000000, 0.433326, -1.000000
0.909999, 0.939999, 0.350001, 0.152281, 0.355345, -1.000000, 0.430585, -1.000000
0.909999, 0.949999, 0.340001, 0.142501, 0.351495, -1.000000, 0.427847, -1.000000
0.909999, 0.959999, 0.330001, 0.132481, 0.347664, -1.000000, 0.425114, -1.000000
0.909999, 0.969999, 0.320001, 0.122221, 0.343853, -1.000000, 0.422386, -1.000000
0.909999, 0.979999, 0.310001, 0.111721, 0.340055, -1.000000, 0.419662, -1.000000
0.909999, 0.989999, 0.300001, 0.100981, 0.336270, -1.000000, 0.416944, -1.000000
0.909999, 0.999999, 0.290001, 0.090001, 0.332506, -1.000000, 0.414230, -1.000000
0.919999, 0.000000, 1.280001, 0.000000, 0.218508, 0.655648, 0.276591, 0.758229
0.919999, 0.010000, 1.270001, 0.012680, 0.223319, -1.000000, 0.281095, -1.000000
0.919999, 0.020000, 1.260001, 0.025120, 0.228204, -1.000000, 0.285644, -1.000000
0.919999, 0.030000, 1.250001, 0.037320, 0.233165, -1.000000, 0.290236, -1.000000
0.919999, 0.040000, 1.240001, 0.049280, 0.238200, -1.000000, 0.294872, -1.000000
0.919999, 0.050000, 1.230001, 0.061000, 0.243310, -1.000000, 0.299551, -1.000000
0.919999, 0.060000, 1.220001, 0.072480, 0.248493, -1.000000, 0.304272, -1.000000
0.919999, 0.070000, 1.210001, 0.083720, 0.253750, -1.000000, 0.309035, -1.000000
0.919999, 0.080000, 1.200001, 0.094720, 0.259079, -1.000000, 0.313838, -1.000000
0.919999, 0.090000, 1.190001, 0.105480, 0.264481, -1.000000, 0.318682, -1.000000
0.919999, 0.100000, 1.180001, 0.116000, 0.269955, -1.000000, 0.323565, -1.000000
0.919999, 0.110000, 1.170001, 0.126280, 0.275499, -1.000000, 0.328487, -1.000000
0.919999, 0.120000, 1.160001, 0.136320, 0.281113, -1.000000, 0.333447, -1.000000
0.919999, 0.130000, 1.150001, 0.146120, 0.286796, -1.000000, 0.338444, -1.000000
0.919999, 0.140000, 1.140001, 0.155680, 0.292548, -1.000000, 0.343478, -1.000000
0.919999, 0.150000, 1.130001, 0.165000, 0.298367, -1.000000, 0.348546, -1.000000
0.919999, 0.160000, 1.120001, 0.174080, 0.304251, -1.000000, 0.353650, -1.000000
0.919999, 0.170000, 1.110001, 0.182920, 0.310201, -1.000000, 0.358787, -1.000000
0.919999, 0.180000, 1.100001, 0.191520, 0.316213, -1.000000, 0.363956, -1.000000
0.919999, 0.190000, 1.090001, 0.199880, 0.322288, -1.000000, 0.369157, -1.000000
0.919999, 0.200000, 1.080001, 0.208000, 0.328424, -1.000000, 0.374389, -1.000000
0.919999, 0.210000, 1.070001, 0.215880, 0.334058, -1.000000, 0.379650, -1.000000
0.919999, 0.220000, 1.060001, 0.223520, 0.339509, -1.000000, 0.384940, -1.000000
0.919999, 0.230000, 1.050001, 0.230920, 0.345004, -1.000000, 0.390257, -1.000000
0.919999, 0.240000, 1.040001, 0.238080, 0.350186, -1.000000, 0.395600, -1.000000
0.919999, 0.250000, 1.030001, 0.245000, 0.352964, -1.000000, 0.400485, -1.000000
0.919999, 0.260000, 1.020001, 0.251680, 0.355751, -1.000000, 0.404303, -1.000000
0.919999, 0.270000, 1.010001, 0.258120, 0.358548, -1.000000, 0.408132, -1.000000
0.919999, 0.280000, 1.000001, 0.264320, 0.361355, -1.000000, 0.411973, -1.000000
0.919999, 0.290000, 0.990001, 0.270280, 0.364171, -1.000000, 0.415825, -1.000000
0.919999, 0.300000, 0.980001, 0.276000, 0.366996, -1.000000, 0.419686, -1.000000
0.919999, 0.310000, 0.970001, 0.281480, 0.369831, -1.000000, 0.423558, -1.000000
0.919999, 0.320000, 0.960001, 0.286720, 0.372675, -1.000000, 0.427439, -1.000000
0.919999, 0.330000, 0.950001, 0.291720, 0.375527, -1.000000, 0.431329, -1.000000
0.919999, 0.340000, 0.940001, 0.296480, 0.378388, -1.000000, 0.435228, -1.000000
0.919999, 0.350000, 0.930001, 0.301000, 0.381258, -1.000000, 0.439134, -1.000000
0.919999, 0.360000, 0.920001, 0.305280, 0.384136, -1.000000, 0.443048, -1.000000
0.919999, 0.370000, 0.910001, 0.309320, 0.387022, -1.000000, 0.446970, -1.000000
0.919999, 0.380000, 0.900001, 0.313120, 0.389916, -1.000000, 0.450898, -1.000000
0.919999, 0.390000, 0.890001, 0.316680, 0.392818, -1.000000, 0.454831, -1.000000
0.919999, 0.400000, 0.880001, 0.320000, 0.395727, -1.000000, 0.458771, -1.000000
0.919999, 0.410000, 0.870001, 0.323080, 0.398644, -1.000000, 0.462716, -1.000000
0.919999, 0.420000, 0.860001, 0.325920, 0.401568, -1.000000, 0.466665, -1.000000
0.919999, 0.430000, 0.850001, 0.328520, 0.404499, -1.000000, 0.470619, -1.000000
0.919999, 0.440000, 0.840001, 0.330880, 0.407437, -1.000000, 0.473237, -1.000000
0.919999, 0.450000, 0.830001, 0.333000, 0.410382, -1.000000, 0.473463, -1.000000
0.919999, 0.460000, 0.820001, 0.334880, 0.413333, -1.000000, 0.473690, -1.000000
0.919999, 0.470000, 0.810001, 0.336520, 0.416290, -1.000000, 0.473917, -1.000000
0.919999, 0.480000, 0.800001, 0.337920, 0.419253, -1.000000, 0.474143, -1.000000
0.919999, 0.490000, 0.790001, 0.339080, 0.422222, -1.000000, 0.474370, -1.000000
0.919999, 0.500000, 0.780001, 0.340000, 0.425197, -1.000000, 0.474597, -1.000000
0.919999, 0.510000, 0.770001, 0.340680, 0.426577, -1.000000, 0.474824, -1.000000
0.919999, 0.520000, 0.760001, 0.341120, 0.427240, -1.000000, 0.475050, -1.000000
0.919999, 0.530000, 0.750001, 0.341320, 0.427902, -1.000000, 0.475277, -1.000000
0.919999, 0.540000, 0.740001, 0.341280, 0.428565, -1.000000, 0.475504, -1.000000
0.919999, 0.550000, 0.730001, 0.341000, 0.428868, -1.000000, 0.475731, -1.000000
0.919999, 0.560000, 0.720001, 0.340480, 0.428896, -1.000000, 0.475957, -1.000000
0.919999, 0.570000, 0.710001, 0.339720, 0.428924, -1.000000, 0.476184, -1.000000
0.919999, 0.580000, 0.700001, 0.338720, 0.428952, -1.000000, 0.476411, -1.000000
0.919999, 0.590000, 0.690001, 0.337480, 0.428980, -1.000000, 0.476638, -1.000000
0.919999, 0.600000, 0.680001, 0.336000, 0.429008, -1.000000, 0.476865, -1.000000
0.919999, 0.610000, 0.670001, 0.334280, 0.429036, -1.000000, 0.477091, -1.000000
0.919999, 0.620000, 0.660001, 0.332320, 0.429064, -1.000000, 0.477318, -1.000000
0.919999, 0.630000, 0.650001, 0.330120, 0.429092, -1.000000, 0.477545, -1.000000
0.919999, 0.640000, 0.640001, 0.327680, 0.429120, -1.000000, 0.477772, -1.000000
0.919999, 0.650000, 0.630001, 0.325000, 0.429148, -1.000000, 0.477999, -1.000000
0.919999, 0.660000, 0.620001, 0.322081, 0.429176, -1.000000, 0.478226, -1.000000
0.919999, 0.670000, 0.610001, 0.318921, 0.429159, -1.000000, 0.478453, -1.000000
0.919999, 0.680000, 0.600001, 0.315521, 0.427954, -1.000000, 0.478679, -1.000000
0.919999, 0.690000, 0.590001, 0.311881, 0.426749, -1.000000, 0.478906, -1.000000
0.919999, 0.700000, 0.580001, 0.308001, 0.425546, -1.000000, 0.479133, -1.000000
0.919999, 0.710000, 0.570001, 0.303881, 0.424343, -1.000000, 0.479360, -1.000000
0.919999, 0.720000, 0.560001, 0.299521, 0.423141, -1.000000, 0.479587, -1.000000
0.919999, 0.730000, 0.550001, 0.294921, 0.421940, -1.000000, 0.479814, -1.000000
0.919999, 0.740000, 0.540001, 0.290081, 0.420740, -1.000000, 0.480041, -1.000000
0.919999, 0.750000, 0.530001, 0.285001, 0.419541, -1.000000, 0.480268, -1.000000
0.919999, 0.760000, 0.520001, 0.279681, 0.418343, -1.000000, 0.480392, -1.000000
0.919999, 0.770000, 0.510001, 0.274121, 0.417146, -1.000000, 0.477604, -1.000000
0.919999, 0.780000, 0.500001, 0.268321, 0.415950, -1.000000, 0.474817, -1.000000
0.919999, 0.790000, 0.490001, 0.262281, 0.414755, -1.000000, 0.472031, -1.000000
0.919999, 0.800000, 0.480001, 0.256001, 0.411189, -1.000000, 0.469248, -1.000000
0.919999, 0.810000, 0.470001, 0.249481, 0.407116, -1.000000, 0.466466, -1.000000
0.919999, 0.820000, 0.460001, 0.242721, 0.403055, -1.000000, 0.463686, -1.000000
0.919999, 0.830000, 0.450001, 0.235721, 0.399008, -1.000000, 0.460909, -1.000000
0.919999, 0.839999, 0.440001, 0.228481, 0.394975, -1.000000, 0.458134, -1.000000
0.919999, 0.849999, 0.430001, 0.221001, 0.390955, -1.000000, 0.455361, -1.000000
0.919999, 0.859999, 0.420001, 0.213281, 0.386951, -1.000000, 0.452592, -1.000000
0.919999, 0.869999, 0.410001, 0.205321, 0.382962, -1.000000, 0.449825, -1.000000
0.919999, 0.879999, 0.400001, 0.197121, 0.378988, -1.000000, 0.447061, -1.000000
0.919999, 0.889999, 0.390001, 0.188681, 0.375031, -1.000000, 0.444301, -1.000000
0.919999, 0.899999, 0.380001, 0.180001, 0.371090, -1.000000, 0.441544, -1.000000
0.919999, 0.909999, 0.370001, 0.171081, 0.367166, -1.000000, 0.438790, -1.000000
0.919999, 0.919999, 0.360001, 0.161921, 0.363260, -1.000000, 0.436041, -1.000000
0.919999, 0.929999, 0.350001, 0.152521, 0.359372, -1.000000, 0.433295, -1.000000
0.919999, 0.939999, 0.340001, 0.142881, 0.355502, -1.000000, 0.430554, -1.000000
0.919999, 0.949999, 0.330001, 0.133001, 0.351651, -1.000000, 0.427816, -1.000000
0.919999, 0.959999, 0.320001, 0.122881, 0.347819, -1.000000, 0.425083, -1.000000
0.919999, 0.969999, 0.310001, 0.112521, 0.344007, -1.000000, 0.422355, -1.000000
0.919999, 0.979999, 0.300001, 0.101921, 0.340214, -1.000000, 0.419631, -1.000000
0.919999, 0.989999, 0.290001, 0.091081, 0.336443, -1.000000, 0.416913, -1.000000
0.919999, 0.999999, 0.280001, 0.080001, 0.332686, -1.000000, 0.414199, -1.000000
0.929999, 0.000000, 1.270001, 0.000000, 0.218407, 0.655652, 0.276571, 0.758208
0.929999, 0.010000, 1.260001, 0.012580, 0.223216, -1.000000, 0.281075, -1.000000
0.929999, 0.020000, 1.250001, 0.024920, 0.228100, -1.000000, 0.285624, -1.000000
0.929999, 0.030000, 1.240001, 0.037020, 0.233059, -1.000000, 0.290216, -1.000000
0.929999, 0.040000, 1.230001, 0.048880, 0.238093, -1.000000, 0.294852, -1.000000
0.929999, 0.050000, 1.220001, 0.060500, 0.243201, -1.000000, 0.299531, -1.000000
0.929999, 0.060000, 1.210001, 0.071880, 0.248383, -1.000000, 0.304252, -1.000000
0.929999, 0.070000, 1.200001, 0.083020, 0.253638, -1.000000, 0.309014, -1.000000
0.929999, 0.080000, 1.190001, 0.093920, 0.258966, -1.000000, 0.313817, -1.000000
0.929999, 0.090000, 1.180001, 0.104580, 0.264366, -1.000000, 0.318661, -1.000000
0.929999, 0.100000, 1.170001, 0.115000, 0.269838, -1.000000, 0.323544, -1.000000
0.929999, 0.110000, 1.160001, 0.125180, 0.275381, -1.000000, 0.328466, -1.000000
0.929999, 0.120000, 1.150001, 0.135120, 0.280993, -1.000000, 0.333426, -1.000000
0.929999, 0.130000, 1.140001, 0.144820, 0.286675, -1.000000, 0.338422, -1.000000
0.929999, 0.140000, 1.130001, 0.154280, 0.292426, -1.000000, 0.343456, -1.000000
0.929999, 0.150000, 1.120001, 0.163500, 0.298243, -1.000000, 0.348524, -1.000000
0.929999, 0.160000, 1.110001, 0.172480, 0.304126, -1.000000, 0.353628, -1.000000
0.929999, 0.170000, 1.100001, 0.181220, 0.310074, -1.000000, 0.358764, -1.000000
0.929999, 0.180000, 1.090001, 0.189720, 0.316085, -1.000000, 0.363934, -1.000000
0.929999, 0.190000, 1.080001, 0.197980, 0.322159, -1.000000, 0.369135, -1.000000
0.929999, 0.200000, 1.070001, 0.206000, 0.328293, -1.000000, 0.374366, -1.000000
0.929999, 0.210000, 1.060001, 0.213780, 0.333932, -1.000000, 0.379627, -1.000000
0.929999, 0.220000, 1.050001, 0.221320, 0.339383, -1.000000, 0.384917, -1.000000
0.929999, 0.230000, 1.040001, 0.228620, 0.344876, -1.000000, 0.390234, -1.000000
0.929999, 0.240000, 1.030001, 0.235680, 0.350110, -1.000000, 0.395577, -1.000000
0.929999, 0.250000, 1.020001, 0.242500, 0.352887, -1.000000, 0.400508, -1.000000
0.929999, 0.260000, 1.010001, 0.249080, 0.355673, -1.000000, 0.404326, -1.000000
0.929999, 0.270000, 1.000001, 0.255420, 0.358470, -1.000000, 0.408156, -1.000000
0.929999, 0.280000, 0.990001, 0.261520, 0.361277, -1.000000, 0.411997, -1.000000
0.929999, 0.290000, 0.980001, 0.267380, 0.364093, -1.000000, 0.415849, -1.000000
0.929999, 0.300000, 0.970001, 0.273000, 0.366918, -1.000000, 0.419711, -1.000000
0.929999, 0.310000, 0.960001, 0.278380, 0.369752, -1.000000, 0.423582, -1.000000
0.929999, 0.320000, 0.950001, 0.283520, 0.372596, -1.000000, 0.427463, -1.000000
0.929999, 0.330000, 0.940001, 0.288420, 0.375448, -1.000000, 0.431354, -1.000000
0.929999, 0.340000, 0.930001, 0.293080, 0.378309, -1.000000, 0.435252, -1.000000
0.929999, 0.350000, 0.920001, 0.297500, 0.381178, -1.000000, 0.439159, -1.000000
0.929999, 0.360000, 0.910001, 0.301680, 0.384056, -1.000000, 0.443073, -1.000000
0.929999, 0.370000, 0.900001, 0.305620, 0.386942, -1.000000, 0.446994, -1.000000
0.929999, 0.380000, 0.890001, 0.309320, 0.389836, -1.000000, 0.450922, -1.000000
0.929999, 0.390000, 0.880001, 0.312780, 0.392737, -1.000000, 0.454856, -1.000000
0.929999, 0.400000, 0.870001, 0.316000, 0.395647, -1.000000, 0.458796, -1.000000
0.929999, 0.410000, 0.860001, 0.318980, 0.398563, -1.000000, 0.462740, -1.000000
0.929999, 0.420000, 0.850001, 0.321720, 0.401487, -1.000000, 0.466690, -1.000000
0.929999, 0.430000, 0.840001, 0.324220, 0.404418, -1.000000, 0.470644, -1.000000
0.929999, 0.440000, 0.830001, 0.326480, 0.407356, -1.000000, 0.473193, -1.000000
0.929999, 0.450000, 0.820001, 0.328500, 0.410300, -1.000000, 0.473420, -1.000000
0.929999, 0.460000, 0.810001, 0.330280, 0.413251, -1.000000, 0.473647, -1.000000
0.929999, 0.470000, 0.800001, 0.331820, 0.416208, -1.000000, 0.473873, -1.000000
0.929999, 0.480000, 0.790001, 0.333120, 0.419171, -1.000000, 0.474100, -1.000000
0.929999, 0.490000, 0.780001, 0.334180, 0.422140, -1.000000, 0.474327, -1.000000
0.929999, 0.500000, 0.770001, 0.335000, 0.425114, -1.000000, 0.474553, -1.000000
0.929999, 0.510000, 0.760001, 0.335580, 0.426541, -1.000000, 0.474780, -1.000000
0.929999, 0.520000, 0.750001, 0.335920, 0.427203, -1.000000, 0.475007, -1.000000
0.929999, 0.530000, 0.740001, 0.336020, 0.427866, -1.000000, 0.475234, -1.000000
0.929999, 0.540000, 0.730001, 0.335880, 0.428529, -1.000000, 0.475460, -1.000000
0.929999, 0.550000, 0.720001, 0.335500, 0.428846, -1.000000, 0.475687, -1.000000
0.929999, 0.560000, 0.710001, 0.334880, 0.428874, -1.000000, 0.475914, -1.000000
0.929999, 0.570000, 0.700001, 0.334020, 0.428902, -1.000000, 0.476141, -1.000000
0.929999, 0.580000, 0.690001, 0.332920, 0.428930, -1.000000, 0.476368, -1.000000
0.929999, 0.590000, 0.680001, 0.331580, 0.428958, -1.000000, 0.476594, -1.000000
0.929999, 0.600000, 0.670001, 0.330000, 0.428986, -1.000000, 0.476821, -1.000000
0.929999, 0.610000, 0.660001, 0.328180, 0.429014, -1.000000, 0.477048, -1.000000
0.929999, 0.620000, 0.650001, 0.326120, 0.429042, -1.000000, 0.477275, -1.000000
0.929999, 0.630000, 0.640001, 0.323820, 0.429070, -1.000000, 0.477502, -1.000000
0.929999, 0.640000, 0.630001, 0.321280, 0.429098, -1.000000, 0.477728, -1.000000
0.929999, 0.650000, 0.620001, 0.318500, 0.429126, -1.000000, 0.477955, -1.000000
0.929999, 0.660000, 0.610001, 0.315481, 0.429154, -1.000000, 0.478182, -1.000000
0.929999, 0.670000, 0.600001, 0.312221, 0.429175, -1.000000, 0.478409, -1.000000
0.929999, 0.680000, 0.590001, 0.308721, 0.427970, -1.000000, 0.478636, -1.000000
0.929999, 0.690000, 0.580001, 0.304981, 0.426765, -1.000000, 0.478863, -1.000000
0.929999, 0.700000, 0.570001, 0.301001, 0.425562, -1.000000, 0.479090, -1.000000
0.929999, 0.710000, 0.560001, 0.296781, 0.424359, -1.000000, 0.479317, -1.000000
0.929999, 0.720000, 0.550001, 0.292321, 0.423157, -1.000000, 0.479544, -1.000000
0.929999, 0.730000, 0.540001, 0.287621, 0.421956, -1.000000, 0.479771, -1.000000
0.929999, 0.740000, 0.530001, 0.282681, 0.420756, -1.000000, 0.479997, -1.000000
0.929999, 0.750000, 0.520001, 0.277501, 0.419557, -1.000000, 0.480224, -1.000000
0.929999, 0.760000, 0.510001, 0.272081, 0.418359, -1.000000, 0.480361, -1.000000
0.929999, 0.770000, 0.500001, 0.266421, 0.417162, -1.000000, 0.477572, -1.000000
0.929999, 0.780000, 0.490001, 0.260521, 0.415966, -1.000000, 0.474785, -1.000000
0.929999, 0.790000, 0.480001, 0.254381, 0.414771, -1.000000, 0.472000, -1.000000
0.929999, 0.800000, 0.470001, 0.248001, 0.411354, -1.000000, 0.469216, -1.000000
0.929999, 0.810000, 0.460001, 0.241381, 0.407281, -1.000000, 0.466434, -1.000000
0.929999, 0.820000, 0.450001, 0.234521, 0.403220, -1.000000, 0.463655, -1.000000
0.929999, 0.830000, 0.440001, 0.227421, 0.399172, -1.000000, 0.460877, -1.000000
0.929999, 0.839999, 0.430001, 0.220081, 0.395138, -1.000000, 0.458102, -1.000000
0.929999, 0.849999, 0.420001, 0.212501, 0.391118, -1.000000, 0.455330, -1.000000
0.929999, 0.859999, 0.410001, 0.204681, 0.387113, -1.000000, 0.452560, -1.000000
0.929999, 0.869999, 0.400001, 0.196621, 0.383123, -1.000000, 0.449793, -1.000000
0.929999, 0.879999, 0.390001, 0.188321, 0.379149, -1.000000, 0.447030, -1.000000
0.929999, 0.889999, 0.380001, 0.179781, 0.375191, -1.000000, 0.444269, -1.000000
0.929999, 0.899999, 0.370001, 0.171001, 0.371249, -1.000000, 0.441512, -1.000000
0.929999, 0.909999, 0.360001, 0.161981, 0.367325, -1.000000, 0.438759, -1.000000
0.929999, 0.919999, 0.350001, 0.152721, 0.363418, -1.000000, 0.436010, -1.000000
0.929999, 0.929999, 0.340001, 0.143221, 0.359529, -1.000000, 0.433264, -1.000000
0.929999, 0.939999, 0.330001, 0.133481, 0.355658, -1.000000, 0.430522, -1.000000
0.929999, 0.949999, 0.320001, 0.123501, 0.351806, -1.000000, 0.427785, -1.000000
0.929999, 0.959999, 0.310001, 0.113281, 0.347974, -1.000000, 0.425052, -1.000000
0.929999, 0.969999, 0.300001, 0.102821, 0.344161, -1.000000, 0.422324, -1.000000
0.929999, 0.979999, 0.290001, 0.092121, 0.340368, -1.000000, 0.419600, -1.000000
0.929999, 0.989999, 0.280001, 0.081181, 0.336595, -1.000000, 0.416882, -1.000000
0.929999, 0.999999, 0.270001, 0.070001, 0.332843, -1.000000, 0.414168, -1.000000
0.939999, 0.000000, 1.260001, 0.000000, 0.218306, 0.655657, 0.276552, 0.758187
0.939999, 0.010000, 1.250001, 0.012480, 0.223113, -1.000000, 0.281056, -1.000000
0.939999, 0.020000, 1.240001, 0.024720, 0.227996, -1.000000, 0.285604, -1.000000
0.939999, 0.030000, 1.230001, 0.036720, 0.232954, -1.000000, 0.290196, -1.000000
0.939999, 0.040000, 1.220001, 0.048480, 0.237986, -1.000000, 0.294832, -1.000000
0.939999, 0.050000, 1.210001, 0.060000, 0.243092, -1.000000, 0.299510, -1.000000
0.939999, 0.060000, 1.200001, 0.071280, 0.248272, -1.000000, 0.304231, -1.000000
0.939999, 0.070000, 1.190001, 0.082320, 0.253526, -1.000000, 0.308993, -1.000000
0.939999, 0.080000, 1.180001, 0.093120, 0.258852, -1.000000, 0.313796, -1.000000
0.939999, 0.090000, 1.170001, 0.103680, 0.264251, -1.000000, 0.318640, -1.000000
0.939999, 0.100000, 1.160001, 0.114000, 0.269721, -1.000000, 0.323523, -1.000000
0.939999, 0.110000, 1.150001, 0.124080, 0.275263, -1.000000, 0.328444, -1.000000
0.939999, 0.120000, 1.140001, 0.133920, 0.280874, -1.000000, 0.333404, -1.000000
0.939999, 0.130000, 1.130001, 0.143520, 0.286554, -1.000000, 0.338401, -1.000000
0.939999, 0.140000, 1.120001, 0.152880, 0.292303, -1.000000, 0.343434, -1.000000
0.939999, 0.150000, 1.110001, 0.162000, 0.298119, -1.000000, 0.348502, -1.000000
0.939999, 0.160000, 1.100001, 0.170880, 0.304001, -1.000000, 0.353605, -1.000000
0.939999, 0.170000, 1.090001, 0.179520, 0.309947, -1.000000, 0.358742, -1.000000
0.939999, 0.180000, 1.080001, 0.187920, 0.315957, -1.000000, 0.363911, -1.000000
0.939999, 0.190000, 1.070001, 0.196080, 0.322030, -1.000000, 0.369112, -1.000000
0.939999, 0.200000, 1.060001, 0.204000, 0.328163, -1.000000, 0.374343, -1.000000
0.939999, 0.210000, 1.050001, 0.211680, 0.333806, -1.000000, 0.379604, -1.000000
0.939999, 0.220000, 1.040001, 0.219120, 0.339256, -1.000000, 0.384894, -1.000000
0.939999, 0.230000, 1.030001, 0.226320, 0.344748, -1.000000, 0.390210, -1.000000
0.939999, 0.240000, 1.020001, 0.233280, 0.350033, -1.000000, 0.395553, -1.000000
0.939999, 0.250000, 1.010001, 0.240000, 0.352809, -1.000000, 0.400532, -1.000000
0.939999, 0.260000, 1.000001, 0.246480, 0.355596, -1.000000, 0.404350, -1.000000
0.939999, 0.270000, 0.990001, 0.252720, 0.358393, -1.000000, 0.408180, -1.000000
0.939999, 0.280000, 0.980001, 0.258720, 0.361199, -1.000000, 0.412021, -1.000000
0.939999, 0.290000, 0.970001, 0.264480, 0.364014, -1.000000, 0.415873, -1.000000
0.939999, 0.300000, 0.960001, 0.270000, 0.366839, -1.000000, 0.419735, -1.000000
0.939999, 0.310000, 0.950001, 0.275280, 0.369673, -1.000000, 0.423606, -1.000000
0.939999, 0.320000, 0.940001, 0.280320, 0.372517, -1.000000, 0.427488, -1.000000
0.939999, 0.330000, 0.930001, 0.285120, 0.375369, -1.000000, 0.431378, -1.000000
0.939999, 0.340000, 0.920001, 0.289680, 0.378229, -1.000000, 0.435276, -1.000000
0.939999, 0.350000, 0.910001, 0.294000, 0.381099, -1.000000, 0.439183, -1.000000
0.939999, 0.360000, 0.900001, 0.298080, 0.383976, -1.000000, 0.443097, -1.000000
0.939999, 0.370000, 0.890001, 0.301920, 0.386862, -1.000000, 0.447019, -1.000000
0.939999, 0.380000, 0.880001, 0.305520, 0.389755, -1.000000, 0.450947, -1.000000
0.939999, 0.390000, 0.870001, 0.308880, 0.392657, -1.000000, 0.454881, -1.000000
0.939999, 0.400000, 0.860001, 0.312000, 0.395566, -1.000000, 0.458820, -1.000000
0.939999, 0.410000, 0.850001, 0.314880, 0.398482, -1.000000, 0.462765, -1.000000
0.939999, 0.420000, 0.840001, 0.317520, 0.401406, -1.000000, 0.466715, -1.000000
0.939999, 0.430000, 0.830001, 0.319920, 0.404337, -1.000000, 0.470668, -1.000000
0.939999, 0.440000, 0.820001, 0.322080, 0.407274, -1.000000, 0.473150, -1.000000
0.939999, 0.450000, 0.810001, 0.324000, 0.410218, -1.000000, 0.473377, -1.000000
0.939999, 0.460000, 0.800001, 0.325680, 0.413169, -1.000000, 0.473603, -1.000000
0.939999, 0.470000, 0.790001, 0.327120, 0.416126, -1.000000, 0.473830, -1.000000
0.939999, 0.480000, 0.780001, 0.328320, 0.419089, -1.000000, 0.474057, -1.000000
0.939999, 0.490000, 0.770001, 0.329280, 0.422057, -1.000000, 0.474283, -1.000000
0.939999, 0.500000, 0.760001, 0.330000, 0.425032, -1.000000, 0.474510, -1.000000
0.939999, 0.510000, 0.750001, 0.330480, 0.426504, -1.000000, 0.474737, -1.000000
0.939999, 0.520000, 0.740001, 0.330720, 0.427167, -1.000000, 0.474963, -1.000000
0.939999, 0.530000, 0.730001, 0.330720, 0.427829, -1.000000, 0.475190, -1.000000
0.939999, 0.540000, 0.720001, 0.330480, 0.428492, -1.000000, 0.475417, -1.000000
0.939999, 0.550000, 0.710001, 0.330000, 0.428824, -1.000000, 0.475644, -1.000000
0.939999, 0.560000, 0.700001, 0.329280, 0.428852, -1.000000, 0.475870, -1.000000
0.939999, 0.570000, 0.690001, 0.328320, 0.428880, -1.000000, 0.476097, -1.000000
0.939999, 0.580000, 0.680001, 0.327120, 0.428908, -1.000000, 0.476324, -1.000000
0.939999, 0.590000, 0.670001, 0.325680, 0.428936, -1.000000, 0.476551, -1.000000
0.939999, 0.600000, 0.660001, 0.324000, 0.428964, -1.000000, 0.476778, -1.000000
0.939999, 0.610000, 0.650001, 0.322080, 0.428992, -1.000000, 0.477004, -1.000000
0.939999, 0.620000, 0.640001, 0.319920, 0.429020, -1.000000, 0.477231, -1.000000
0.939999, 0.630000, 0.630001, 0.317520, 0.429048, -1.000000, 0.477458, -1.000000
0.939999, 0.640000, 0.620001, 0.314880, 0.429076, -1.000000, 0.477685, -1.000000
0.939999, 0.650000, 0.610001, 0.312001, 0.429104, -1.000000, 0.477912, -1.000000
0.939999, 0.660000, 0.600001, 0.308881, 0.429132, -1.000000, 0.478139, -1.000000
0.939999, 0.670000, 0.590001, 0.305521, 0.429160, -1.000000, 0.478366, -1.000000
0.939999, 0.680000, 0.580001, 0.301921, 0.427986, -1.000000, 0.478593, -1.000000
0.939999, 0.690000, 0.570001, 0.298081, 0.426781, -1.000000, 0.478819, -1.000000
0.939999, 0.700000, 0.560001, 0.294001, 0.425578, -1.000000, 0.479046, -1.000000
0.939999, 0.710000, 0.550001, 0.289681, 0.424375, -1.000000, 0.479273, -1.000000
0.939999, 0.720000, 0.540001, 0.285121, 0.423173, -1.000000, 0.479500, -1.000000
0.939999, 0.730000, 0.530001, 0.280321, 0.421972, -1.000000, 0.479727, -1.000000
0.939999, 0.740000, 0.520001, 0.275281, 0.420772, -1.000000, 0.479954, -1.000000
0.939999, 0.750000, 0.510001, 0.270001, 0.419573, -1.000000, 0.480181, -1.000000
0.939999, 0.760000, 0.500001, 0.264481, 0.418375, -1.000000, 0.480329, -1.000000
0.939999, 0.770000, 0.490001, 0.258721, 0.417178, -1.000000, 0.477541, -1.000000
0.939999, 0.780000, 0.480001, 0.252721, 0.415982, -1.000000, 0.474754, -1.000000
0.939999, 0.790000, 0.470001, 0.246481, 0.414786, -1.000000, 0.471968, -1.000000
0.939999, 0.800000, 0.460001, 0.240001, 0.411520, -1.000000, 0.469184, -1.000000
0.939999, 0.810000, 0.450001, 0.233281, 0.407446, -1.000000, 0.466403, -1.000000
0.939999, 0.820000, 0.440001, 0.226321, 0.403384, -1.000000, 0.463623, -1.000000
0.939999, 0.830000, 0.430001, 0.219121, 0.399336, -1.000000, 0.460846, -1.000000
0.939999, 0.839999, 0.420001, 0.211681, 0.395301, -1.000000, 0.458071, -1.000000
0.939999, 0.849999, 0.410001, 0.204001, 0.391281, -1.000000, 0.455298, -1.000000
0.939999, 0.859999, 0.400001, 0.196081, 0.387275, -1.000000, 0.452529, -1.000000
0.939999, 0.869999, 0.390001, 0.187921, 0.383284, -1.000000, 0.449762, -1.000000
0.939999, 0.879999, 0.380001, 0.179521, 0.379309, -1.000000, 0.446998, -1.000000
0.939999, 0.889999, 0.370001, 0.170881, 0.375351, -1.000000, 0.444238, -1.000000
0.939999, 0.899999, 0.360001, 0.162001, 0.371409, -1.000000, 0.441481, -1.000000
0.939999, 0.909999, 0.350001, 0.152881, 0.367483, -1.000000, 0.438728, -1.000000
0.939999, 0.919999, 0.340001, 0.143521, 0.363576, -1.000000, 0.435978, -1.000000
0.939999, 0.929999, 0.330001, 0.133921, 0.359686, -1.000000, 0.433233, -1.000000
0.939999, 0.939999, 0.320001, 0.124081, 0.355815, -1.000000, 0.430491, -1.000000
0.939999, 0.949999, 0.310001, 0.114001, 0.351962, -1.000000, 0.427754, -1.000000
0.939999, 0.959999, 0.300001, 0.103681, 0.348129, -1.000000, 0.425021, -1.000000
0.939999, 0.969999, 0.290001, 0.093121, 0.344315, -1.000000, 0.422293, -1.000000
0.939999, 0.979999, 0.280001, 0.082321, 0.340521, -1.000000, 0.419569, -1.000000
0.939999, 0.989999, 0.270001, 0.071281, 0.336747, -1.000000, 0.416851, -1.000000
0.939999, 0.999999, 0.260001, 0.060001, 0.332995, -1.000000, 0.414137, -1.000000
0.949999, 0.000000, 1.250001, 0.000000, 0.218205, 0.655662, 0.276532, 0.758165
0.949999, 0.010000, 1.240001, 0.012380, 0.223011, -1.000000, 0.281036, -1.000000
0.949999, 0.020000, 1.230001, 0.024520, 0.227892, -1.000000, 0.285584, -1.000000
0.949999, 0.030000, 1.220001, 0.036420, 0.232848, -1.000000, 0.290176, -1.000000
0.949999, 0.040000, 1.210001, 0.048080, 0.237878, -1.000000, 0.294812, -1.000000
0.949999, 0.050000, 1.200001, 0.059500, 0.242983, -1.000000, 0.299490, -1.000000
0.949999, 0.060000, 1.190001, 0.070680, 0.248162, -1.000000, 0.304210, -1.000000
0.949999, 0.070000, 1.180001, 0.081620, 0.253414, -1.000000, 0.308972, -1.000000
0.949999, 0.080000, 1.170001, 0.092320, 0.258739, -1.000000, 0.313775, -1.000000
0.949999, 0.090000, 1.160001, 0.102780, 0.264136, -1.000000, 0.318619, -1.000000
0.949999, 0.100000, 1.150001, 0.113000, 0.269605, -1.000000, 0.323501, -1.000000
0.949999, 0.110000, 1.140001, 0.122980, 0.275145, -1.000000, 0.328423, -1.000000
0.949999, 0.120000, 1.130001, 0.132720, 0.280754, -1.000000, 0.333382, -1.000000
0.949999, 0.130000, 1.120001, 0.142220, 0.286433, -1.000000, 0.338379, -1.000000
0.949999, 0.140000, 1.110001, 0.151480, 0.292181, -1.000000, 0.343412, -1.000000
0.949999, 0.150000, 1.100001, 0.160500, 0.297995, -1.000000, 0.348480, -1.000000
0.949999, 0.160000, 1.090001, 0.169280, 0.303876, -1.000000, 0.353583, -1.000000
0.949999, 0.170000, 1.080001, 0.177820, 0.309821, -1.000000, 0.358720, -1.000000
0.949999, 0.180000, 1.070001, 0.186120, 0.315830, -1.000000, 0.363889, -1.000000
0.949999, 0.190000, 1.060001, 0.194180, 0.321901, -1.000000, 0.369089, -1.000000
0.949999, 0.200000, 1.050001, 0.202000, 0.328032, -1.000000, 0.374321, -1.000000
0.949999, 0.210000, 1.040001, 0.209580, 0.333681, -1.000000, 0.379581, -1.000000
0.949999, 0.220000, 1.030001, 0.216920, 0.339129, -1.000000, 0.384871, -1.000000
0.949999, 0.230000, 1.020001, 0.224020, 0.344621, -1.000000, 0.390187, -1.000000
0.949999, 0.240000, 1.010001, 0.230880, 0.349956, -1.000000, 0.395530, -1.000000
0.949999, 0.250000, 1.000001, 0.237500, 0.352732, -1.000000, 0.400556, -1.000000
0.949999, 0.260000, 0.990001, 0.243880, 0.355519, -1.000000, 0.404374, -1.000000
0.949999, 0.270000, 0.980001, 0.250020, 0.358315, -1.000000, 0.408204, -1.000000
0.949999, 0.280000, 0.970001, 0.255920, 0.361121, -1.000000, 0.412045, -1.000000
0.949999, 0.290000, 0.960001, 0.261580, 0.363936, -1.000000, 0.415897, -1.000000
0.949999, 0.300000, 0.950001, 0.267000, 0.366761, -1.000000, 0.419759, -1.000000
0.949999, 0.310000, 0.940001, 0.272180, 0.369595, -1.000000, 0.423631, -1.000000
0.949999, 0.320000, 0.930001, 0.277120, 0.372438, -1.000000, 0.427512, -1.000000
0.949999, 0.330000, 0.920001, 0.281820, 0.375290, -1.000000, 0.431402, -1.000000
0.949999, 0.340000, 0.910001, 0.286280, 0.378150, -1.000000, 0.435301, -1.000000
0.949999, 0.350000, 0.900001, 0.290500, 0.381019, -1.000000, 0.439208, -1.000000
0.949999, 0.360000, 0.890001, 0.294480, 0.383896, -1.000000, 0.443122, -1.000000
0.949999, 0.370000, 0.880001, 0.298220, 0.386782, -1.000000, 0.447043, -1.000000
0.949999, 0.380000, 0.870001, 0.301720, 0.389675, -1.000000, 0.450971, -1.000000
0.949999, 0.390000, 0.860001, 0.304980, 0.392576, -1.000000, 0.454905, -1.000000
0.949999, 0.400000, 0.850001, 0.308000, 0.395485, -1.000000, 0.458845, -1.000000
0.949999, 0.410000, 0.840001, 0.310780, 0.398401, -1.000000, 0.462790, -1.000000
0.949999, 0.420000, 0.830001, 0.313320, 0.401325, -1.000000, 0.466739, -1.000000
0.949999, 0.430000, 0.820001, 0.315620, 0.404255, -1.000000, 0.470693, -1.000000
0.949999, 0.440000, 0.810001, 0.317680, 0.407193, -1.000000, 0.473106, -1.000000
0.949999, 0.450000, 0.800001, 0.319500, 0.410137, -1.000000, 0.473333, -1.000000
0.949999, 0.460000, 0.790001, 0.321080, 0.413087, -1.000000, 0.473560, -1.000000
0.949999, 0.470000, 0.780001, 0.322420, 0.416044, -1.000000, 0.473786, -1.000000
0.949999, 0.480000, 0.770001, 0.323520, 0.419006, -1.000000, 0.474013, -1.000000
0.949999, 0.490000, 0.760001, 0.324380, 0.421975, -1.000000, 0.474240, -1.000000
0.949999, 0.500000, 0.750001, 0.325000, 0.424949, -1.000000, 0.474467, -1.000000
0.949999, 0.510000, 0.740001, 0.325380, 0.426468, -1.000000, 0.474693, -1.000000
0.949999, 0.520000, 0.730001, 0.325520, 0.427130, -1.000000, 0.474920, -1.000000
0.949999, 0.530000, 0.720001, 0.325420, 0.427793, -1.000000, 0.475147, -1.000000
0.949999, 0.540000, 0.710001, 0.325080, 0.428456, -1.000000, 0.475374, -1.000000
0.949999, 0.550000, 0.700001, 0.324500, 0.428802, -1.000000, 0.475600, -1.000000
0.949999, 0.560000, 0.690001, 0.323680, 0.428830, -1.000000, 0.475827, -1.000000
0.949999, 0.570000, 0.680001, 0.322620, 0.428858, -1.000000, 0.476054, -1.000000
0.949999, 0.580000, 0.670001, 0.321320, 0.428886, -1.000000, 0.476281, -1.000000
0.949999, 0.590000, 0.660001, 0.319780, 0.428914, -1.000000, 0.476507, -1.000000
0.949999, 0.600000, 0.650001, 0.318000, 0.428942, -1.000000, 0.476734, -1.000000
0.949999, 0.610000, 0.640001, 0.315980, 0.428970, -1.000000, 0.476961, -1.000000
0.949999, 0.620000, 0.630001, 0.313720, 0.428998, -1.000000, 0.477188, -1.000000
0.949999, 0.630000, 0.620001, 0.311220, 0.429026, -1.000000, 0.477415, -1.000000
0.949999, 0.640000, 0.610001, 0.308481, 0.429054, -1.000000, 0.477642, -1.000000
0.949999, 0.650000, 0.600001, 0.305501, 0.429082, -1.000000, 0.477868, -1.000000
0.949999, 0.660000, 0.590001, 0.302281, 0.429110, -1.000000, 0.478095, -1.000000
0.949999, 0.670000, 0.580001, 0.298821, 0.429138, -1.000000, 0.478322, -1.000000
0.949999, 0.680000, 0.570001, 0.295121, 0.428002, -1.000000, 0.478549, -1.000000
0.949999, 0.690000, 0.560001, 0.291181, 0.426797, -1.000000, 0.478776, -1.000000
0.949999, 0.700000, 0.550001, 0.287001, 0.425593, -1.000000, 0.479003, -1.000000
0.949999, 0.710000, 0.540001, 0.282581, 0.424391, -1.000000, 0.479230, -1.000000
0.949999, 0.720000, 0.530001, 0.277921, 0.423189, -1.000000, 0.479457, -1.000000
0.949999, 0.730000, 0.520001, 0.273021, 0.421988, -1.000000, 0.479684, -1.000000
0.949999, 0.740000, 0.510001, 0.267881, 0.420788, -1.000000, 0.479911, -1.000000
0.949999, 0.750000, 0.500001, 0.262501, 0.419589, -1.000000, 0.480137, -1.000000
0.949999, 0.760000, 0.490001, 0.256881, 0.418391, -1.000000, 0.480297, -1.000000
0.949999, 0.770000, 0.480001, 0.251021, 0.417194, -1.000000, 0.477509, -1.000000
0.949999, 0.780000, 0.470001, 0.244921, 0.415998, -1.000000, 0.474722, -1.000000
0.949999, 0.790000, 0.460001, 0.238581, 0.414802, -1.000000, 0.471936, -1.000000
0.949999, 0.800000, 0.450001, 0.232001, 0.411685, -1.000000, 0.469153, -1.000000
0.949999, 0.810000, 0.440001, 0.225181, 0.407610, -1.000000, 0.466371, -1.000000
0.949999, 0.820000, 0.430001, 0.218121, 0.403548, -1.000000, 0.463591, -1.000000
0.949999, 0.830000, 0.420001, 0.210821, 0.399499, -1.000000, 0.460814, -1.000000
0.949999, 0.839999, 0.410001, 0.203281, 0.395464, -1.000000, 0.458039, -1.000000
0.949999, 0.849999, 0.400001, 0.195501, 0.391443, -1.000000, 0.455267, -1.000000
0.949999, 0.859999, 0.390001, 0.187481, 0.387437, -1.000000, 0.452497, -1.000000
0.949999, 0.869999, 0.380001, 0.179221, 0.383446, -1.000000, 0.449730, -1.000000
0.949999, 0.879999, 0.370001, 0.170721, 0.379470, -1.000000, 0.446967, -1.000000
0.949999, 0.889999, 0.360001, 0.161981, 0.375511, -1.000000, 0.444207, -1.000000
0.949999, 0.899999, 0.350001, 0.153001, 0.371568, -1.000000, 0.441450, -1.000000
0.949999, 0.909999, 0.340001, 0.143781, 0.367642, -1.000000, 0.438696, -1.000000
0.949999, 0.919999, 0.330001, 0.134321, 0.363734, -1.000000, 0.435947, -1.000000
0.949999, 0.929999, 0.320001, 0.124621, 0.359843, -1.000000, 0.433201, -1.000000
0.949999, 0.939999, 0.310001, 0.114681, 0.355971, -1.000000, 0.430460, -1.000000
0.949999, 0.949999, 0.300001, 0.104501, 0.352118, -1.000000, 0.427723, -1.000000
0.949999, 0.959999, 0.290001, 0.094081, 0.348284, -1.000000, 0.424990, -1.000000
0.949999, 0.969999, 0.280001, 0.083421, 0.344469, -1.000000, 0.422262, -1.000000
0.949999, 0.979999, 0.270001, 0.072521, 0.340674, -1.000000, 0.419539, -1.000000
0.949999, 0.989999, 0.260001, 0.061381, 0.336900, -1.000000, 0.416820, -1.000000
0.949999, 0.999999, 0.250001, 0.050001, 0.333146, -1.000000, 0.414106, -1.000000
0.959999, 0.000000, 1.240001, 0.000000, 0.218104, 0.655666, 0.276513, 0.758144
0.959999, 0.010000, 1.230001, 0.012280, 0.222908, -1.000000, 0.281016, -1.000000
0.959999, 0.020000, 1.220001, 0.024320, 0.227788, -1.000000, 0.285564, -1.000000
0.959999, 0.030000, 1.210001, 0.036120, 0.232742, -1.000000, 0.290156, -1.000000
0.959999, 0.040000, 1.200001, 0.047680, 0.237771, -1.000000, 0.294791, -1.000000
0.959999, 0.050000, 1.190001, 0.059000, 0.242874, -1.000000, 0.299470, -1.000000
0.959999, 0.060000, 1.180001, 0.070080, 0.248051, -1.000000, 0.304190, -1.000000
0.959999, 0.070000, 1.170001, 0.080920, 0.253302, -1.000000, 0.308952, -1.000000
0.959999, 0.080000, 1.160001, 0.091520, 0.258625, -1.000000, 0.313754, -1.000000
0.959999, 0.090000, 1.150001, 0.101880, 0.264021, -1.000000, 0.318597, -1.000000
0.959999, 0.100000, 1.140001, 0.112000, 0.269488, -1.000000, 0.323480, -1.000000
0.959999, 0.110000, 1.130001, 0.121880, 0.275027, -1.000000, 0.328401, -1.000000
0.959999, 0.120000, 1.120001, 0.131520, 0.280635, -1.000000, 0.333361, -1.000000
0.959999, 0.130000, 1.110001, 0.140920, 0.286313, -1.000000, 0.338357, -1.000000
0.959999, 0.140000, 1.100001, 0.150080, 0.292058, -1.000000, 0.343390, -1.000000
0.959999, 0.150000, 1.090001, 0.159000, 0.297871, -1.000000, 0.348458, -1.000000
0.959999, 0.160000, 1.080001, 0.167680, 0.303750, -1.000000, 0.353561, -1.000000
0.959999, 0.170000, 1.070001, 0.176120, 0.309694, -1.000000, 0.358697, -1.000000
0.959999, 0.180000, 1.060001, 0.184320, 0.315702, -1.000000, 0.363866, -1.000000
0.959999, 0.190000, 1.050001, 0.192280, 0.321772, -1.000000, 0.369067, -1.000000
0.959999, 0.200000, 1.040001, 0.200000, 0.327902, -1.000000, 0.374298, -1.000000
0.959999, 0.210000, 1.030001, 0.207480, 0.333555, -1.000000, 0.379558, -1.000000
0.959999, 0.220000, 1.020001, 0.214720, 0.339002, -1.000000, 0.384848, -1.000000
0.959999, 0.230000, 1.010001, 0.221720, 0.344493, -1.000000, 0.390164, -1.000000
0.959999, 0.240000, 1.000001, 0.228480, 0.349879, -1.000000, 0.395507, -1.000000
0.959999, 0.250000, 0.990001, 0.235000, 0.352655, -1.000000, 0.400580, -1.000000
0.959999, 0.260000, 0.980001, 0.241280, 0.355441, -1.000000, 0.404398, -1.000000
0.959999, 0.270000, 0.970001, 0.247320, 0.358237, -1.000000, 0.408228, -1.000000
0.959999, 0.280000, 0.960001, 0.253120, 0.361043, -1.000000, 0.412069, -1.000000
0.959999, 0.290000, 0.950001, 0.258680, 0.363858, -1.000000, 0.415921, -1.000000
0.959999, 0.300000, 0.940001, 0.264000, 0.366682, -1.000000, 0.419783, -1.000000
0.959999, 0.310000, 0.930001, 0.269080, 0.369516, -1.000000, 0.423655, -1.000000
0.959999, 0.320000, 0.920001, 0.273920, 0.372359, -1.000000, 0.427536, -1.000000
0.959999, 0.330000, 0.910001, 0.278520, 0.375210, -1.000000, 0.431426, -1.000000
0.959999, 0.340000, 0.900001, 0.282880, 0.378071, -1.000000, 0.435325, -1.000000
0.959999, 0.350000, 0.890001, 0.287000, 0.380939, -1.000000, 0.439232, -1.000000
0.959999, 0.360000, 0.880001, 0.290880, 0.383816, -1.000000, 0.443146, -1.000000
0.959999, 0.370000, 0.870001, 0.294520, 0.386702, -1.000000, 0.447068, -1.000000
0.959999, 0.380000, 0.860001, 0.297920, 0.389595, -1.000000, 0.450996, -1.000000
0.959999, 0.390000, 0.850001, 0.301080, 0.392496, -1.000000, 0.454930, -1.000000
0.959999, 0.400000, 0.840001, 0.304000, 0.395404, -1.000000, 0.458869, -1.000000
0.959999, 0.410000, 0.830001, 0.306680, 0.398320, -1.000000, 0.462814, -1.000000
0.959999, 0.420000, 0.820001, 0.309120, 0.401244, -1.000000, 0.466764, -1.000000
0.959999, 0.430000, 0.810001, 0.311320, 0.404174, -1.000000, 0.470718, -1.000000
0.959999, 0.440000, 0.800001, 0.313280, 0.407111, -1.000000, 0.473063, -1.000000
0.959999, 0.450000, 0.790001, 0.315000, 0.410055, -1.000000, 0.473290, -1.000000
0.959999, 0.460000, 0.780001, 0.316480, 0.413005, -1.000000, 0.473516, -1.000000
0.959999, 0.470000, 0.770001, 0.317720, 0.415962, -1.000000, 0.473743, -1.000000
0.959999, 0.480000, 0.760001, 0.318720, 0.418924, -1.000000, 0.473970, -1.000000
0.959999, 0.490000, 0.750001, 0.319480, 0.421893, -1.000000, 0.474196, -1.000000
0.959999, 0.500000, 0.740001, 0.320000, 0.424867, -1.000000, 0.474423, -1.000000
0.959999, 0.510000, 0.730001, 0.320280, 0.426431, -1.000000, 0.474650, -1.000000
0.959999, 0.520000, 0.720001, 0.320320, 0.427094, -1.000000, 0.474876, -1.000000
0.959999, 0.530000, 0.710001, 0.320120, 0.427756, -1.000000, 0.475103, -1.000000
0.959999, 0.540000, 0.700001, 0.319680, 0.428419, -1.000000, 0.475330, -1.000000
0.959999, 0.550000, 0.690001, 0.319000, 0.428780, -1.000000, 0.475557, -1.000000
0.959999, 0.560000, 0.680001, 0.318080, 0.428808, -1.000000, 0.475784, -1.000000
0.959999, 0.570000, 0.670001, 0.316920, 0.428836, -1.000000, 0.476010, -1.000000
0.959999, 0.580000, 0.660001, 0.315520, 0.428864, -1.000000, 0.476237, -1.000000
0.959999, 0.590000, 0.650001, 0.313880, 0.428892, -1.000000, 0.476464, -1.000000
0.959999, 0.600000, 0.640001, 0.312000, 0.428920, -1.000000, 0.476691, -1.000000
0.959999, 0.610000, 0.630001, 0.309880, 0.428948, -1.000000, 0.476918, -1.000000
0.959999, 0.620000, 0.620001, 0.307520, 0.428976, -1.000000, 0.477144, -1.000000
0.959999, 0.630000, 0.610001, 0.304920, 0.429004, -1.000000, 0.477371, -1.000000
0.959999, 0.640000, 0.600001, 0.302081, 0.429032, -1.000000, 0.477598, -1.000000
0.959999, 0.650000, 0.590001, 0.299001, 0.429060, -1.000000, 0.477825, -1.000000
0.959999, 0.660000, 0.580001, 0.295681, 0.429088, -1.000000, 0.478052, -1.000000
0.959999, 0.670000, 0.570001, 0.292121, 0.429116, -1.000000, 0.478279, -1.000000
0.959999, 0.680000, 0.560001, 0.288321, 0.428018, -1.000000, 0.478506, -1.000000
0.959999, 0.690000, 0.550001, 0.284281, 0.426813, -1.000000, 0.478732, -1.000000
0.959999, 0.700000, 0.540001, 0.280001, 0.425609, -1.000000, 0.478959, -1.000000
0.959999, 0.710000, 0.530001, 0.275481, 0.424407, -1.000000, 0.479186, -1.000000
0.959999, 0.720000, 0.520001, 0.270721, 0.423205, -1.000000, 0.479413, -1.000000
0.959999, 0.730000, 0.510001, 0.265721, 0.422004, -1.000000, 0.479640, -1.000000
0.959999, 0.740000, 0.500001, 0.260481, 0.420804, -1.000000, 0.479867, -1.000000
0.959999, 0.750000, 0.490001, 0.255001, 0.419605, -1.000000, 0.480094, -1.000000
0.959999, 0.760000, 0.480001, 0.249281, 0.418407, -1.000000, 0.480265, -1.000000
0.959999, 0.770000, 0.470001, 0.243321, 0.417210, -1.000000, 0.477477, -1.000000
0.959999, 0.780000, 0.460001, 0.237121, 0.416013, -1.000000, 0.474690, -1.000000
0.959999, 0.790000, 0.450001, 0.230681, 0.414818, -1.000000, 0.471905, -1.000000
0.959999, 0.800000, 0.440001, 0.224001, 0.411851, -1.000000, 0.469121, -1.000000
0.959999, 0.810000, 0.430001, 0.217081, 0.407775, -1.000000, 0.466339, -1.000000
0.959999, 0.820000, 0.420001, 0.209921, 0.403713, -1.000000, 0.463560, -1.000000
0.959999, 0.830000, 0.410001, 0.202521, 0.399663, -1.000000, 0.460782, -1.000000
0.959999, 0.839999, 0.400001, 0.194881, 0.395627, -1.000000, 0.458007, -1.000000
0.959999, 0.849999, 0.390001, 0.187001, 0.391606, -1.000000, 0.455235, -1.000000
0.959999, 0.859999, 0.380001, 0.178881, 0.387599, -1.000000, 0.452466, -1.000000
0.959999, 0.869999, 0.370001, 0.170521, 0.383607, -1.000000, 0.449699, -1.000000
0.959999, 0.879999, 0.360001, 0.161921, 0.379631, -1.000000, 0.446935, -1.000000
0.959999, 0.889999, 0.350001, 0.153081, 0.375671, -1.000000, 0.444175, -1.000000
0.959999, 0.899999, 0.340001, 0.144001, 0.371727, -1.000000, 0.441418, -1.000000
0.959999, 0.909999, 0.330001, 0.134681, 0.367801, -1.000000, 0.438665, -1.000000
0.959999, 0.919999, 0.320001, 0.125121, 0.363892, -1.000000, 0.435916, -1.000000
0.959999, 0.929999, 0.310001, 0.115321, 0.360001, -1.000000, 0.433170, -1.000000
0.959999, 0.939999, 0.300001, 0.105281, 0.356128, -1.000000, 0.430429, -1.000000
0.959999, 0.949999, 0.290001, 0.095001, 0.352274, -1.000000, 0.427692, -1.000000
0.959999, 0.959999, 0.280001, 0.084481, 0.348439, -1.000000, 0.424959, -1.000000
0.959999, 0.969999, 0.270001, 0.073721, 0.344623, -1.000000, 0.422231, -1.000000
0.959999, 0.979999, 0.260001, 0.062721, 0.340828, -1.000000, 0.419508, -1.000000
0.959999, 0.989999, 0.250001, 0.051481, 0.337052, -1.000000, 0.416789, -1.000000
0.959999, 0.999999, 0.240001, 0.040001, 0.333298, -1.000000, 0.414076, -1.000000
0.969999, 0.000000, 1.230001, 0.000000, 0.218003, 0.655671, 0.276493, 0.758123
0.969999, 0.010000, 1.220001, 0.012180, 0.222806, -1.000000, 0.280997, -1.000000
0.969999, 0.020000, 1.210001, 0.024120, 0.227684, -1.000000, 0.285544, -1.000000
0.969999, 0.030000, 1.200001, 0.035820, 0.232637, -1.000000, 0.290136, -1.000000
0.969999, 0.040000, 1.190001, 0.047280, 0.237664, -1.000000, 0.294771, -1.000000
0.969999, 0.050000, 1.180001, 0.058500, 0.242765, -1.000000, 0.299449, -1.000000
0.969999, 0.060000, 1.170001, 0.069480, 0.247941, -1.000000, 0.304169, -1.000000
0.969999, 0.070000, 1.160001, 0.080220, 0.253190, -1.000000, 0.308931, -1.000000
0.969999, 0.080000, 1.150001, 0.090720, 0.258512, -1.000000, 0.313733, -1.000000
0.969999, 0.090000, 1.140001, 0.100980, 0.263906, -1.000000, 0.318576, -1.000000
0.969999, 0.100000, 1.130001, 0.111000, 0.269372, -1.000000, 0.323459, -1.000000
0.969999, 0.110000, 1.120001, 0.120780, 0.274909, -1.000000, 0.328380, -1.000000
0.969999, 0.120000, 1.110001, 0.130320, 0.280516, -1.000000, 0.333339, -1.000000
0.969999, 0.130000, 1.100001, 0.139620, 0.286192, -1.000000, 0.338335, -1.000000
0.969999, 0.140000, 1.090001, 0.148680, 0.291936, -1.000000, 0.343368, -1.000000
0.969999, 0.150000, 1.080001, 0.157500, 0.297748, -1.000000, 0.348436, -1.000000
0.969999, 0.160000, 1.070001, 0.166080, 0.303625, -1.000000, 0.353539, -1.000000
0.969999, 0.170000, 1.060001, 0.174420, 0.309568, -1.000000, 0.358675, -1.000000
0.969999, 0.180000, 1.050001, 0.182520, 0.315574, -1.000000, 0.363844, -1.000000
0.969999, 0.190000, 1.040001, 0.190380, 0.321642, -1.000000, 0.369044, -1.000000
0.969999, 0.200000, 1.030001, 0.198000, 0.327772, -1.000000, 0.374275, -1.000000
0.969999, 0.210000, 1.020001, 0.205380, 0.333429, -1.000000, 0.379536, -1.000000
0.969999, 0.220000, 1.010001, 0.212520, 0.338876, -1.000000, 0.384825, -1.000000
0.969999, 0.230000, 1.000001, 0.219420, 0.344365, -1.000000, 0.390141, -1.000000
0.969999, 0.240000, 0.990001, 0.226080, 0.349802, -1.000000, 0.395484, -1.000000
0.969999, 0.250000, 0.980001, 0.232500, 0.352578, -1.000000, 0.400604, -1.000000
0.969999, 0.260000, 0.970001, 0.238680, 0.355364, -1.000000, 0.404422, -1.000000
0.969999, 0.270000, 0.960001, 0.244620, 0.358160, -1.000000, 0.408252, -1.000000
0.969999, 0.280000, 0.950001, 0.250320, 0.360965, -1.000000, 0.412093, -1.000000
0.969999, 0.290000, 0.940001, 0.255780, 0.363780, -1.000000, 0.415945, -1.000000
0.969999, 0.300000, 0.930001, 0.261000, 0.366604, -1.000000, 0.419807, -1.000000
0.969999, 0.310000, 0.920001, 0.265980, 0.369437, -1.000000, 0.423679, -1.000000
0.969999, 0.320000, 0.910001, 0.270720, 0.372280, -1.000000, 0.427560, -1.000000
0.969999, 0.330000, 0.900001, 0.275220, 0.375131, -1.000000, 0.431451, -1.000000
0.969999, 0.340000, 0.890001, 0.279480, 0.377991, -1.000000, 0.435350, -1.000000
0.969999, 0.350000, 0.880001, 0.283500, 0.380860, -1.000000, 0.439256, -1.000000
0.969999, 0.360000, 0.870001, 0.287280, 0.383736, -1.000000, 0.443171, -1.000000
0.969999, 0.370000, 0.860001, 0.290820, 0.386621, -1.000000, 0.447092, -1.000000
0.969999, 0.380000, 0.850001, 0.294120, 0.389514, -1.000000, 0.451020, -1.000000
0.969999, 0.390000, 0.840001, 0.297180, 0.392415, -1.000000, 0.454954, -1.000000
0.969999, 0.400000, 0.830001, 0.300000, 0.395324, -1.000000, 0.458894, -1.000000
0.969999, 0.410000, 0.820001, 0.302580, 0.398239, -1.000000, 0.462839, -1.000000
0.969999, 0.420000, 0.810001, 0.304920, 0.401162, -1.000000, 0.466789, -1.000000
0.969999, 0.430000, 0.800001, 0.307020, 0.404093, -1.000000, 0.470742, -1.000000
0.969999, 0.440000, 0.790001, 0.308880, 0.407030, -1.000000, 0.473020, -1.000000
0.969999, 0.450000, 0.780001, 0.310500, 0.409973, -1.000000, 0.473246, -1.000000
0.969999, 0.460000, 0.770001, 0.311880, 0.412923, -1.000000, 0.473473, -1.000000
0.969999, 0.470000, 0.760001, 0.313020, 0.415880, -1.000000, 0.473700, -1.000000
0.969999, 0.480000, 0.750001, 0.313920, 0.418842, -1.000000, 0.473926, -1.000000
0.969999, 0.490000, 0.740001, 0.314580, 0.421810, -1.000000, 0.474153, -1.000000
0.969999, 0.500000, 0.730001, 0.315000, 0.424784, -1.000000, 0.474380, -1.000000
0.969999, 0.510000, 0.720001, 0.315180, 0.426395, -1.000000, 0.474606, -1.000000
0.969999, 0.520000, 0.710001, 0.315120, 0.427057, -1.000000, 0.474833, -1.000000
0.969999, 0.530000, 0.700001, 0.314820, 0.427720, -1.000000, 0.475060, -1.000000
0.969999, 0.540000, 0.690001, 0.314280, 0.428382, -1.000000, 0.475287, -1.000000
0.969999, 0.550000, 0.680001, 0.313500, 0.428758, -1.000000, 0.475513, -1.000000
0.969999, 0.560000, 0.670001, 0.312480, 0.428786, -1.000000, 0.475740, -1.000000
0.969999, 0.570000, 0.660001, 0.311220, 0.428814, -1.000000, 0.475967, -1.000000
0.969999, 0.580000, 0.650001, 0.309720, 0.428842, -1.000000, 0.476194, -1.000000
0.969999, 0.590000, 0.640001, 0.307980, 0.428870, -1.000000, 0.476420, -1.000000
0.969999, 0.600000, 0.630001, 0.306000, 0.428898, -1.000000, 0.476647, -1.000000
0.969999, 0.610000, 0.620001, 0.303780, 0.428926, -1.000000, 0.476874, -1.000000
0.969999, 0.620000, 0.610001, 0.301320, 0.428954, -1.000000, 0.477101, -1.000000
0.969999, 0.630000, 0.600001, 0.298621, 0.428982, -1.000000, 0.477328, -1.000000
0.969999, 0.640000, 0.590001, 0.295681, 0.429010, -1.000000, 0.477555, -1.000000
0.969999, 0.650000, 0.580001, 0.292501, 0.429038, -1.000000, 0.477781, -1.000000
0.969999, 0.660000, 0.570001, 0.289081, 0.429066, -1.000000, 0.478008, -1.000000
0.969999, 0.670000, 0.560001, 0.285421, 0.429094, -1.000000, 0.478235, -1.000000
0.969999, 0.680000, 0.550001, 0.281521, 0.428034, -1.000000, 0.478462, -1.000000
0.969999, 0.690000, 0.540001, 0.277381, 0.426829, -1.000000, 0.478689, -1.000000
0.969999, 0.700000, 0.530001, 0.273001, 0.425625, -1.000000, 0.478916, -1.000000
0.969999, 0.710000, 0.520001, 0.268381, 0.424423, -1.000000, 0.479143, -1.000000
0.969999, 0.720000, 0.510001, 0.263521, 0.423221, -1.000000, 0.479370, -1.000000
0.969999, 0.730000, 0.500001, 0.258421, 0.422020, -1.000000, 0.479597, -1.000000
0.969999, 0.740000, 0.490001, 0.253081, 0.420820, -1.000000, 0.479824, -1.000000
0.969999, 0.750000, 0.480001, 0.247501, 0.419621, -1.000000, 0.480051, -1.000000
0.969999, 0.760000, 0.470001, 0.241681, 0.418423, -1.000000, 0.480234, -1.000000
0.969999, 0.770000, 0.460001, 0.235621, 0.417225, -1.000000, 0.477445, -1.000000
0.969999, 0.780000, 0.450001, 0.229321, 0.416029, -1.000000, 0.474658, -1.000000
0.969999, 0.790000, 0.440001, 0.222781, 0.414834, -1.000000, 0.471873, -1.000000
0.969999, 0.800000, 0.430001, 0.216001, 0.412016, -1.000000, 0.469089, -1.000000
0.969999, 0.810000, 0.420001, 0.208981, 0.407940, -1.000000, 0.466308, -1.000000
0.969999, 0.820000, 0.410001, 0.201721, 0.403877, -1.000000, 0.463528, -1.000000
0.969999, 0.830000, 0.400001, 0.194221, 0.399827, -1.000000, 0.460751, -1.000000
0.969999, 0.839999, 0.390001, 0.186481, 0.395791, -1.000000, 0.457976, -1.000000
0.969999, 0.849999, 0.380001, 0.178501, 0.391769, -1.000000, 0.455204, -1.000000
0.969999, 0.859999, 0.370001, 0.170281, 0.387761, -1.000000, 0.452434, -1.000000
0.969999, 0.869999, 0.360001, 0.161821, 0.383769, -1.000000, 0.449667, -1.000000
0.969999, 0.879999, 0.350001, 0.153121, 0.379792, -1.000000, 0.446904, -1.000000
0.969999, 0.889999, 0.340001, 0.144181, 0.375831, -1.000000, 0.444144, -1.000000
0.969999, 0.899999, 0.330001, 0.135001, 0.371887, -1.000000, 0.441387, -1.000000
0.969999, 0.909999, 0.320001, 0.125581, 0.367960, -1.000000, 0.438634, -1.000000
0.969999, 0.919999, 0.310001, 0.115921, 0.364050, -1.000000, 0.435884, -1.000000
0.969999, 0.929999, 0.300001, 0.106021, 0.360158, -1.000000, 0.433139, -1.000000
0.969999, 0.939999, 0.290001, 0.095881, 0.356284, -1.000000, 0.430398, -1.000000
0.969999, 0.949999, 0.280001, 0.085501, 0.352430, -1.000000, 0.427661, -1.000000
0.969999, 0.959999, 0.270001, 0.074881, 0.348594, -1.000000, 0.424928, -1.000000
0.969999, 0.969999, 0.260001, 0.064021, 0.344778, -1.000000, 0.422200, -1.000000
0.969999, 0.979999, 0.250001, 0.052921, 0.340981, -1.000000, 0.419477, -1.000000
0.969999, 0.989999, 0.240001, 0.041581, 0.337205, -1.000000, 0.416758, -1.000000
0.969999, 0.999999, 0.230001, 0.030001, 0.333450, -1.000000, 0.414045, -1.000000
0.979999, 0.000000, 1.220001, 0.000000, 0.217902, 0.655675, 0.276474, 0.758101
0.979999, 0.010000, 1.210001, 0.012080, 0.222703, -1.000000, 0.280977, -1.000000
0.979999, 0.020000, 1.200001, 0.023920, 0.227580, -1.000000, 0.285525, -1.000000
0.979999, 0.030000, 1.190001, 0.035520, 0.232531, -1.000000, 0.290116, -1.000000
0.979999, 0.040000, 1.180001, 0.046880, 0.237557, -1.000000, 0.294751, -1.000000
0.979999, 0.050000, 1.170001, 0.058000, 0.242657, -1.000000, 0.299429, -1.000000
0.979999, 0.060000, 1.160001, 0.068880, 0.247831, -1.000000, 0.304149, -1.000000
0.979999, 0.070000, 1.150001, 0.079520, 0.253078, -1.000000, 0.308910, -1.000000
0.979999, 0.080000, 1.140001, 0.089920, 0.258398, -1.000000, 0.313713, -1.000000
0.979999, 0.090000, 1.130001, 0.100080, 0.263791, -1.000000, 0.318555, -1.000000
0.979999, 0.100000, 1.120001, 0.110000, 0.269255, -1.000000, 0.323437, -1.000000
0.979999, 0.110000, 1.110001, 0.119680, 0.274791, -1.000000, 0.328358, -1.000000
0.979999, 0.120000, 1.100001, 0.129120, 0.280396, -1.000000, 0.333317, -1.000000
0.979999, 0.130000, 1.090001, 0.138320, 0.286071, -1.000000, 0.338314, -1.000000
0.979999, 0.140000, 1.080001, 0.147280, 0.291814, -1.000000, 0.343346, -1.000000
0.979999, 0.150000, 1.070001, 0.156000, 0.297624, -1.000000, 0.348414, -1.000000
0.979999, 0.160000, 1.060001, 0.164480, 0.303500, -1.000000, 0.353516, -1.000000
0.979999, 0.170000, 1.050001, 0.172720, 0.309441, -1.000000, 0.358652, -1.000000
0.979999, 0.180000, 1.040001, 0.180720, 0.315446, -1.000000, 0.363821, -1.000000
0.979999, 0.190000, 1.030001, 0.188480, 0.321513, -1.000000, 0.369021, -1.000000
0.979999, 0.200000, 1.020001, 0.196000, 0.327641, -1.000000, 0.374252, -1.000000
0.979999, 0.210000, 1.010001, 0.203280, 0.333303, -1.000000, 0.379513, -1.000000
0.979999, 0.220000, 1.000001, 0.210320, 0.338749, -1.000000, 0.384802, -1.000000
0.979999, 0.230000, 0.990001, 0.217120, 0.344238, -1.000000, 0.390118, -1.000000
0.979999, 0.240000, 0.980001, 0.223680, 0.349726, -1.000000, 0.395460, -1.000000
0.979999, 0.250000, 0.970001, 0.230000, 0.352501, -1.000000, 0.400627, -1.000000
0.979999, 0.260000, 0.960001, 0.236080, 0.355287, -1.000000, 0.404446, -1.000000
0.979999, 0.270000, 0.950001, 0.241920, 0.358082, -1.000000, 0.408276, -1.000000
0.979999, 0.280000, 0.940001, 0.247520, 0.360887, -1.000000, 0.412117, -1.000000
0.979999, 0.290000, 0.930001, 0.252880, 0.363702, -1.000000, 0.415969, -1.000000
0.979999, 0.300000, 0.920001, 0.258000, 0.366526, -1.000000, 0.419831, -1.000000
0.979999, 0.310000, 0.910001, 0.262880, 0.369359, -1.000000, 0.423703, -1.000000
0.979999, 0.320000, 0.900001, 0.267520, 0.372201, -1.000000, 0.427585, -1.000000
0.979999, 0.330000, 0.890001, 0.271920, 0.375052, -1.000000, 0.431475, -1.000000
0.979999, 0.340000, 0.880001, 0.276080, 0.377912, -1.000000, 0.435374, -1.000000
0.979999, 0.350000, 0.870001, 0.280000, 0.380780, -1.000000, 0.439281, -1.000000
0.979999, 0.360000, 0.860001, 0.283680, 0.383657, -1.000000, 0.443195, -1.000000
0.979999, 0.370000, 0.850001, 0.287120, 0.386541, -1.000000, 0.447117, -1.000000
0.979999, 0.380000, 0.840001, 0.290320, 0.389434, -1.000000, 0.451045, -1.000000
0.979999, 0.390000, 0.830001, 0.293280, 0.392335, -1.000000, 0.454979, -1.000000
0.979999, 0.400000, 0.820001, 0.296000, 0.395243, -1.000000, 0.458919, -1.000000
0.979999, 0.410000, 0.810001, 0.298480, 0.398158, -1.000000, 0.462864, -1.000000
0.979999, 0.420000, 0.800001, 0.300720, 0.401081, -1.000000, 0.466813, -1.000000
0.979999, 0.430000, 0.790001, 0.302720, 0.404011, -1.000000, 0.470767, -1.000000
0.979999, 0.440000, 0.780001, 0.304480, 0.406948, -1.000000, 0.472976, -1.000000
0.979999, 0.450000, 0.770001, 0.306000, 0.409891, -1.000000, 0.473203, -1.000000
0.979999, 0.460000, 0.760001, 0.307280, 0.412841, -1.000000, 0.473429, -1.000000
0.979999, 0.470000, 0.750001, 0.308320, 0.415798, -1.000000, 0.473656, -1.000000
0.979999, 0.480000, 0.740001, 0.309120, 0.418760, -1.000000, 0.473883, -1.000000
0.979999, 0.490000, 0.730001, 0.309680, 0.421728, -1.000000, 0.474109, -1.000000
0.979999, 0.500000, 0.720001, 0.310000, 0.424702, -1.000000, 0.474336, -1.000000
0.979999, 0.510000, 0.710001, 0.310080, 0.426358, -1.000000, 0.474563, -1.000000
0.979999, 0.520000, 0.700001, 0.309920, 0.427021, -1.000000, 0.474790, -1.000000
0.979999, 0.530000, 0.690001, 0.309520, 0.427683, -1.000000, 0.475016, -1.000000
0.979999, 0.540000, 0.680001, 0.308880, 0.428346, -1.000000, 0.475243, -1.000000
0.979999, 0.550000, 0.670001, 0.308000, 0.428736, -1.000000, 0.475470, -1.000000
0.979999, 0.560000, 0.660001, 0.306880, 0.428764, -1.000000, 0.475697, -1.000000
0.979999, 0.570000, 0.650001, 0.305520, 0.428792, -1.000000, 0.475923, -1.000000
0.979999, 0.580000, 0.640001, 0.303920, 0.428820, -1.000000, 0.476150, -1.000000
0.979999, 0.590000, 0.630001, 0.302080, 0.428848, -1.000000, 0.476377, -1.000000
0.979999, 0.600000, 0.620001, 0.300000, 0.428876, -1.000000, 0.476604, -1.000000
0.979999, 0.610000, 0.610001, 0.297680, 0.428904, -1.000000, 0.476831, -1.000000
0.979999, 0.620000, 0.600001, 0.295121, 0.428932, -1.000000, 0.477057, -1.000000
0.979999, 0.630000, 0.590001, 0.292321, 0.428960, -1.000000, 0.477284, -1.000000
0.979999, 0.640000, 0.580001, 0.289281, 0.428988, -1.000000, 0.477511, -1.000000
0.979999, 0.650000, 0.570001, 0.286001, 0.429016, -1.000000, 0.477738, -1.000000
0.979999, 0.660000, 0.560001, 0.282481, 0.429044, -1.000000, 0.477965, -1.000000
0.979999, 0.670000, 0.550001, 0.278721, 0.429072, -1.000000, 0.478192, -1.000000
0.979999, 0.680000, 0.540001, 0.274721, 0.428050, -1.000000, 0.478419, -1.000000
0.979999, 0.690000, 0.530001, 0.270481, 0.426845, -1.000000, 0.478645, -1.000000
0.979999, 0.700000, 0.520001, 0.266001, 0.425641, -1.000000, 0.478872, -1.000000
0.979999, 0.710000, 0.510001, 0.261281, 0.424439, -1.000000, 0.479099, -1.000000
0.979999, 0.720000, 0.500001, 0.256321, 0.423237, -1.000000, 0.479326, -1.000000
0.979999, 0.730000, 0.490001, 0.251121, 0.422036, -1.000000, 0.479553, -1.000000
0.979999, 0.740000, 0.480001, 0.245681, 0.420836, -1.000000, 0.479780, -1.000000
0.979999, 0.750000, 0.470001, 0.240001, 0.419637, -1.000000, 0.480007, -1.000000
0.979999, 0.760000, 0.460001, 0.234081, 0.418439, -1.000000, 0.480202, -1.000000
0.979999, 0.770000, 0.450001, 0.227921, 0.417241, -1.000000, 0.477414, -1.000000
0.979999, 0.780000, 0.440001, 0.221521, 0.416045, -1.000000, 0.474627, -1.000000
0.979999, 0.790000, 0.430001, 0.214881, 0.414850, -1.000000, 0.471841, -1.000000
0.979999, 0.800000, 0.420001, 0.208001, 0.412181, -1.000000, 0.469058, -1.000000
0.979999, 0.810000, 0.410001, 0.200881, 0.408105, -1.000000, 0.466276, -1.000000
0.979999, 0.820000, 0.400001, 0.193521, 0.404041, -1.000000, 0.463497, -1.000000
0.979999, 0.830000, 0.390001, 0.185921, 0.399991, -1.000000, 0.460719, -1.000000
0.979999, 0.839999, 0.380001, 0.178081, 0.395954, -1.000000, 0.457944, -1.000000
0.979999, 0.849999, 0.370001, 0.170001, 0.391931, -1.000000, 0.455172, -1.000000
0.979999, 0.859999, 0.360001, 0.161681, 0.387923, -1.000000, 0.452403, -1.000000
0.979999, 0.869999, 0.350001, 0.153121, 0.383930, -1.000000, 0.449636, -1.000000
0.979999, 0.879999, 0.340001, 0.144321, 0.379953, -1.000000, 0.446872, -1.000000
0.979999, 0.889999, 0.330001, 0.135281, 0.375991, -1.000000, 0.444112, -1.000000
0.979999, 0.899999, 0.320001, 0.126001, 0.372046, -1.000000, 0.441356, -1.000000
0.979999, 0.909999, 0.310001, 0.116481, 0.368118, -1.000000, 0.438603, -1.000000
0.979999, 0.919999, 0.300001, 0.106721, 0.364208, -1.000000, 0.435853, -1.000000
0.979999, 0.929999, 0.290001, 0.096721, 0.360315, -1.000000, 0.433108, -1.000000
0.979999, 0.939999, 0.280001, 0.086481, 0.356441, -1.000000, 0.430367, -1.000000
0.979999, 0.949999, 0.270001, 0.076001, 0.352585, -1.000000, 0.427630, -1.000000
0.979999, 0.959999, 0.260001, 0.065281, 0.348749, -1.000000, 0.424897, -1.000000
0.979999, 0.969999, 0.250001, 0.054321, 0.344932, -1.000000, 0.422169, -1.000000
0.979999, 0.979999, 0.240001, 0.043121, 0.341135, -1.000000, 0.419446, -1.000000
0.979999, 0.989999, 0.230001, 0.031681, 0.337358, -1.000000, 0.416727, -1.000000
0.979999, 0.999999, 0.220001, 0.020001, 0.333602, -1.000000, 0.414014, -1.000000
0.989999, 0.000000, 1.210001, 0.000000, 0.217801, 0.655680, 0.276454, 0.758080
0.989999, 0.010000, 1.200001, 0.011980, 0.222601, -1.000000, 0.280957, -1.000000
0.989999, 0.020000, 1.190001, 0.023720, 0.227476, -1.000000, 0.285505, -1.000000
0.989999, 0.030000, 1.180001, 0.035220, 0.232425, -1.000000, 0.290096, -1.000000
0.989999, 0.040000, 1.170001, 0.046480, 0.237450, -1.000000, 0.294731, -1.000000
0.989999, 0.050000, 1.160001, 0.057500, 0.242548, -1.000000, 0.299408, -1.000000
0.989999, 0.060000, 1.150001, 0.068280, 0.247720, -1.000000, 0.304128, -1.000000
0.989999, 0.070000, 1.140001, 0.078820, 0.252966, -1.000000, 0.308889, -1.000000
0.989999, 0.080000, 1.130001, 0.089120, 0.258285, -1.000000, 0.313692, -1.000000
0.989999, 0.090000, 1.120001, 0.099180, 0.263676, -1.000000, 0.318534, -1.000000
0.989999, 0.100000, 1.110001, 0.109000, 0.269139, -1.000000, 0.323416, -1.000000
0.989999, 0.110000, 1.100001, 0.118580, 0.274673, -1.000000, 0.328337, -1.000000
0.989999, 0.120000, 1.090001, 0.127920, 0.280277, -1.000000, 0.333296, -1.000000
0.989999, 0.130000, 1.080001, 0.137020, 0.285950, -1.000000, 0.338292, -1.000000
0.989999, 0.140000, 1.070001, 0.145880, 0.291692, -1.000000, 0.343324, -1.000000
0.989999, 0.150000, 1.060001, 0.154500, 0.297500, -1.000000, 0.348392, -1.000000
0.989999, 0.160000, 1.050001, 0.162880, 0.303375, -1.000000, 0.353494, -1.000000
0.989999, 0.170000, 1.040001, 0.171020, 0.309315, -1.000000, 0.358630, -1.000000
0.989999, 0.180000, 1.030001, 0.178920, 0.315318, -1.000000, 0.363798, -1.000000
0.989999, 0.190000, 1.020001, 0.186580, 0.321384, -1.000000, 0.368999, -1.000000
0.989999, 0.200000, 1.010001, 0.194000, 0.327511, -1.000000, 0.374229, -1.000000
0.989999, 0.210000, 1.000001, 0.201180, 0.333178, -1.000000, 0.379490, -1.000000
0.989999, 0.220000, 0.990001, 0.208120, 0.338622, -1.000000, 0.384778, -1.000000
0.989999, 0.230000, 0.980001, 0.214820, 0.344110, -1.000000, 0.390095, -1.000000
0.989999, 0.240000, 0.970001, 0.221280, 0.349640, -1.000000, 0.395437, -1.000000
0.989999, 0.250000, 0.960001, 0.227500, 0.352424, -1.000000, 0.400651, -1.000000
0.989999, 0.260000, 0.950001, 0.233480, 0.355209, -1.000000, 0.404470, -1.000000
0.989999, 0.270000, 0.940001, 0.239220, 0.358004, -1.000000, 0.408300, -1.000000
0.989999, 0.280000, 0.930001, 0.244720, 0.360809, -1.000000, 0.412141, -1.000000
0.989999, 0.290000, 0.920001, 0.249980, 0.363623, -1.000000, 0.415993, -1.000000
0.989999, 0.300000, 0.910001, 0.255000, 0.366447, -1.000000, 0.419855, -1.000000
0.989999, 0.310000, 0.900001, 0.259780, 0.369280, -1.000000, 0.423727, -1.000000
0.989999, 0.320000, 0.890001, 0.264320, 0.372122, -1.000000, 0.427609, -1.000000
0.989999, 0.330000, 0.880001, 0.268620, 0.374973, -1.000000, 0.431499, -1.000000
0.989999, 0.340000, 0.870001, 0.272680, 0.377832, -1.000000, 0.435398, -1.000000
0.989999, 0.350000, 0.860001, 0.276500, 0.380700, -1.000000, 0.439305, -1.000000
0.989999, 0.360000, 0.850001, 0.280080, 0.383577, -1.000000, 0.443220, -1.000000
0.989999, 0.370000, 0.840001, 0.283420, 0.386461, -1.000000, 0.447141, -1.000000
0.989999, 0.380000, 0.830001, 0.286520, 0.389354, -1.000000, 0.451069, -1.000000
0.989999, 0.390000, 0.820001, 0.289380, 0.392254, -1.000000, 0.455004, -1.000000
0.989999, 0.400000, 0.810001, 0.292000, 0.395162, -1.000000, 0.458943, -1.000000
0.989999, 0.410000, 0.800001, 0.294380, 0.398078, -1.000000, 0.462888, -1.000000
0.989999, 0.420000, 0.790001, 0.296520, 0.401000, -1.000000, 0.466838, -1.000000
0.989999, 0.430000, 0.780001, 0.298420, 0.403930, -1.000000, 0.470792, -1.000000
0.989999, 0.440000, 0.770001, 0.300080, 0.406867, -1.000000, 0.472933, -1.000000
0.989999, 0.450000, 0.760001, 0.301500, 0.409810, -1.000000, 0.473159, -1.000000
0.989999, 0.460000, 0.750001, 0.302680, 0.412759, -1.000000, 0.473386, -1.000000
0.989999, 0.470000, 0.740001, 0.303620, 0.415715, -1.000000, 0.473613, -1.000000
0.989999, 0.480000, 0.730001, 0.304320, 0.418678, -1.000000, 0.473839, -1.000000
0.989999, 0.490000, 0.720001, 0.304780, 0.421646, -1.000000, 0.474066, -1.000000
0.989999, 0.500000, 0.710001, 0.305000, 0.424619, -1.000000, 0.474293, -1.000000
0.989999, 0.510000, 0.700001, 0.304980, 0.426322, -1.000000, 0.474519, -1.000000
0.989999, 0.520000, 0.690001, 0.304720, 0.426984, -1.000000, 0.474746, -1.000000
0.989999, 0.530000, 0.680001, 0.304220, 0.427647, -1.000000, 0.474973, -1.000000
0.989999, 0.540000, 0.670001, 0.303480, 0.428309, -1.000000, 0.475200, -1.000000
0.989999, 0.550000, 0.660001, 0.302500, 0.428714, -1.000000, 0.475426, -1.000000
0.989999, 0.560000, 0.650001, 0.301280, 0.428742, -1.000000, 0.475653, -1.000000
0.989999, 0.570000, 0.640001, 0.299820, 0.428770, -1.000000, 0.475880, -1.000000
0.989999, 0.580000, 0.630001, 0.298120, 0.428798, -1.000000, 0.476107, -1.000000
0.989999, 0.590000, 0.620001, 0.296180, 0.428826, -1.000000, 0.476334, -1.000000
0.989999, 0.600000, 0.610001, 0.294000, 0.428854, -1.000000, 0.476560, -1.000000
0.989999, 0.610000, 0.600001, 0.291580, 0.428882, -1.000000, 0.476787, -1.000000
0.989999, 0.620000, 0.590001, 0.288921, 0.428910, -1.000000, 0.477014, -1.000000
0.989999, 0.630000, 0.580001, 0.286021, 0.428938, -1.000000, 0.477241, -1.000000
0.989999, 0.640000, 0.570001, 0.282881, 0.428966, -1.000000, 0.477468, -1.000000
0.989999, 0.650000, 0.560001, 0.279501, 0.428994, -1.000000, 0.477695, -1.000000
0.989999, 0.660000, 0.550001, 0.275881, 0.429022, -1.000000, 0.477921, -1.000000
0.989999, 0.670000, 0.540001, 0.272021, 0.429050, -1.000000, 0.478148, -1.000000
0.989999, 0.680000, 0.530001, 0.267921, 0.428066, -1.000000, 0.478375, -1.000000
0.989999, 0.690000, 0.520001, 0.263581, 0.426861, -1.000000, 0.478602, -1.000000
0.989999, 0.700000, 0.510001, 0.259001, 0.425657, -1.000000, 0.478829, -1.000000
0.989999, 0.710000, 0.500001, 0.254181, 0.424455, -1.000000, 0.479056, -1.000000
0.989999, 0.720000, 0.490001, 0.249121, 0.423253, -1.000000, 0.479283, -1.000000
0.989999, 0.730000, 0.480001, 0.243821, 0.422052, -1.000000, 0.479510, -1.000000
0.989999, 0.740000, 0.470001, 0.238281, 0.420852, -1.000000, 0.479737, -1.000000
0.989999, 0.750000, 0.460001, 0.232501, 0.419653, -1.000000, 0.479963, -1.000000
0.989999, 0.760000, 0.450001, 0.226481, 0.418454, -1.000000, 0.480170, -1.000000
0.989999, 0.770000, 0.440001, 0.220221, 0.417257, -1.000000, 0.477382, -1.000000
0.989999, 0.780000, 0.430001, 0.213721, 0.416061, -1.000000, 0.474595, -1.000000
0.989999, 0.790000, 0.420001, 0.206981, 0.414866, -1.000000, 0.471810, -1.000000
0.989999, 0.800000, 0.410001, 0.200001, 0.412347, -1.000000, 0.469026, -1.000000
0.989999, 0.810000, 0.400001, 0.192781, 0.408270, -1.000000, 0.466244, -1.000000
0.989999, 0.820000, 0.390001, 0.185321, 0.404206, -1.000000, 0.463465, -1.000000
0.989999, 0.830000, 0.380001, 0.177621, 0.400155, -1.000000, 0.460688, -1.000000
0.989999, 0.839999, 0.370001, 0.169681, 0.396117, -1.000000, 0.457913, -1.000000
0.989999, 0.849999, 0.360001, 0.161501, 0.392094, -1.000000, 0.455140, -1.000000
0.989999, 0.859999, 0.350001, 0.153081, 0.388085, -1.000000, 0.452371, -1.000000
0.989999, 0.869999, 0.340001, 0.144421, 0.384092, -1.000000, 0.449604, -1.000000
0.989999, 0.879999, 0.330001, 0.135521, 0.380113, -1.000000, 0.446841, -1.000000
0.989999, 0.889999, 0.320001, 0.126381, 0.376151, -1.000000, 0.444081, -1.000000
0.989999, 0.899999, 0.310001, 0.117001, 0.372206, -1.000000, 0.441324, -1.000000
0.989999, 0.909999, 0.300001, 0.107381, 0.368277, -1.000000, 0.438571, -1.000000
0.989999, 0.919999, 0.290001, 0.097521, 0.364366, -1.000000, 0.435822, -1.000000
0.989999, 0.929999, 0.280001, 0.087421, 0.360473, -1.000000, 0.433077, -1.000000
0.989999, 0.939999, 0.270001, 0.077081, 0.356598, -1.000000, 0.430335, -1.000000
0.989999, 0.949999, 0.260001, 0.066501, 0.352741, -1.000000, 0.427598, -1.000000
0.989999, 0.959999, 0.250001, 0.055681, 0.348904, -1.000000, 0.424866, -1.000000
0.989999, 0.969999, 0.240001, 0.044621, 0.345086, -1.000000, 0.422138, -1.000000
0.989999, 0.979999, 0.230001, 0.033321, 0.341288, -1.000000, 0.419415, -1.000000
0.989999, 0.989999, 0.220001, 0.021781, 0.337510, -1.000000, 0.416696, -1.000000
0.989999, 0.999999, 0.210001, 0.010001, 0.333753, -1.000000, 0.413983, -1.000000
0.999999, 0.000000, 1.200001, 0.000000, 0.217700, 0.655685, 0.276435, 0.758059
0.999999, 0.010000, 1.190001, 0.011880, 0.222499, -1.000000, 0.280938, -1.000000
0.999999, 0.020000, 1.180001, 0.023520, 0.227372, -1.000000, 0.285485, -1.000000
0.999999, 0.030000, 1.170001, 0.034920, 0.232320, -1.000000, 0.290076, -1.000000
0.999999, 0.040000, 1.160001, 0.046080, 0.237342, -1.000000, 0.294711, -1.000000
0.999999, 0.050000, 1.150001, 0.057000, 0.242439, -1.000000, 0.299388, -1.000000
0.999999, 0.060000, 1.140001, 0.067680, 0.247610, -1.000000, 0.304107, -1.000000
0.999999, 0.070000, 1.130001, 0.078120, 0.252854, -1.000000, 0.308869, -1.000000
0.999999, 0.080000, 1.120001, 0.088320, 0.258172, -1.000000, 0.313671, -1.000000
0.999999, 0.090000, 1.110001, 0.098280, 0.263561, -1.000000, 0.318513, -1.000000
0.999999, 0.100000, 1.100001, 0.108000, 0.269023, -1.000000, 0.323395, -1.000000
0.999999, 0.110000, 1.090001, 0.117480, 0.274555, -1.000000, 0.328316, -1.000000
0.999999, 0.120000, 1.080001, 0.126720, 0.280157, -1.000000, 0.333274, -1.000000
0.999999, 0.130000, 1.070001, 0.135720, 0.285829, -1.000000, 0.338270, -1.000000
0.999999, 0.140000, 1.060001, 0.144480, 0.291569, -1.000000, 0.343302, -1.000000
0.999999, 0.150000, 1.050001, 0.153000, 0.297377, -1.000000, 0.348370, -1.000000
0.999999, 0.160000, 1.040001, 0.161280, 0.303250, -1.000000, 0.353472, -1.000000
0.999999, 0.170000, 1.030001, 0.169320, 0.309189, -1.000000, 0.358608, -1.000000
0.999999, 0.180000, 1.020001, 0.177120, 0.315191, -1.000000, 0.363776, -1.000000
0.999999, 0.190000, 1.010001, 0.184680, 0.321255, -1.000000, 0.368976, -1.000000
0.999999, 0.200000, 1.000001, 0.192000, 0.327381, -1.000000, 0.374207, -1.000000
0.999999, 0.210000, 0.990001, 0.199080, 0.333052, -1.000000, 0.379467, -1.000000
0.999999, 0.220000, 0.980001, 0.205920, 0.338496, -1.000000, 0.384755, -1.000000
0.999999, 0.230000, 0.970001, 0.212520, 0.343982, -1.000000, 0.390072, -1.000000
0.999999, 0.240000, 0.960001, 0.218880, 0.349511, -1.000000, 0.395414, -1.000000
0.999999, 0.250000, 0.950001, 0.225000, 0.352347, -1.000000, 0.400675, -1.000000
0.999999, 0.260000, 0.940001, 0.230880, 0.355132, -1.000000, 0.404494, -1.000000
0.999999, 0.270000, 0.930001, 0.236520, 0.357927, -1.000000, 0.408324, -1.000000
0.999999, 0.280000, 0.920001, 0.241920, 0.360731, -1.000000, 0.412165, -1.000000
0.999999, 0.290000, 0.910001, 0.247080, 0.363545, -1.000000, 0.416017, -1.000000
0.999999, 0.300000, 0.900001, 0.252000, 0.366369, -1.000000, 0.419879, -1.000000
0.999999, 0.310000, 0.890001, 0.256680, 0.369202, -1.000000, 0.423752, -1.000000
0.999999, 0.320000, 0.880001, 0.261120, 0.372043, -1.000000, 0.427633, -1.000000
0.999999, 0.330000, 0.870001, 0.265320, 0.374894, -1.000000, 0.431524, -1.000000
0.999999, 0.340000, 0.860001, 0.269280, 0.377753, -1.000000, 0.435423, -1.000000
0.999999, 0.350000, 0.850001, 0.273000, 0.380621, -1.000000, 0.439330, -1.000000
0.999999, 0.360000, 0.840001, 0.276480, 0.383497, -1.000000, 0.443244, -1.000000
0.999999, 0.370000, 0.830001, 0.279720, 0.386381, -1.000000, 0.447166, -1.000000
0.999999, 0.380000, 0.820001, 0.282720, 0.389274, -1.000000, 0.451094, -1.000000
0.999999, 0.390000, 0.810001, 0.285480, 0.392174, -1.000000, 0.455028, -1.000000
0.999999, 0.400000, 0.800001, 0.288000, 0.395081, -1.000000, 0.458968, -1.000000
0.999999, 0.410000, 0.790001, 0.290280, 0.397997, -1.000000, 0.462913, -1.000000
0.999999, 0.420000, 0.780001, 0.292320, 0.400919, -1.000000, 0.466863, -1.000000
0.999999, 0.430000, 0.770001, 0.294120, 0.403849, -1.000000, 0.470816, -1.000000
0.999999, 0.440000, 0.760001, 0.295680, 0.406785, -1.000000, 0.472889, -1.000000
0.999999, 0.450000, 0.750001, 0.297000, 0.409728, -1.000000, 0.473116, -1.000000
0.999999, 0.460000, 0.740001, 0.298080, 0.412678, -1.000000, 0.473343, -1.000000
0.999999, 0.470000, 0.730001, 0.298920, 0.415633, -1.000000, 0.473569, -1.000000
0.999999, 0.480000, 0.720001, 0.299520, 0.418595, -1.000000, 0.473796, -1.000000
0.999999, 0.490000, 0.710001, 0.299880, 0.421563, -1.000000, 0.474023, -1.000000
0.999999, 0.500000, 0.700001, 0.300000, 0.424537, -1.000000, 0.474249, -1.000000
0.999999, 0.510000, 0.690001, 0.299880, 0.426285, -1.000000, 0.474476, -1.000000
0.999999, 0.520000, 0.680001, 0.299520, 0.426948, -1.000000, 0.474703, -1.000000
0.999999, 0.530000, 0.670001, 0.298920, 0.427610, -1.000000, 0.474929, -1.000000
0.999999, 0.540000, 0.660001, 0.298080, 0.428273, -1.000000, 0.475156, -1.000000
0.999999, 0.550000, 0.650001, 0.297000, 0.428692, -1.000000, 0.475383, -1.000000
0.999999, 0.560000, 0.640001, 0.295680, 0.428720, -1.000000, 0.475610, -1.000000
0.999999, 0.570000, 0.630001, 0.294120, 0.428748, -1.000000, 0.475836, -1.000000
0.999999, 0.580000, 0.620001, 0.292320, 0.428776, -1.000000, 0.476063, -1.000000
0.999999, 0.590000, 0.610001, 0.290280, 0.428804, -1.000000, 0.476290, -1.000000
0.999999, 0.600000, 0.600001, 0.288000, 0.428832, -1.000000, 0.476517, -1.000000
0.999999, 0.610000, 0.590001, 0.285480, 0.428860, -1.000000, 0.476744, -1.000000
0.999999, 0.620000, 0.580001, 0.282721, 0.428888, -1.000000, 0.476970, -1.000000
0.999999, 0.630000, 0.570001, 0.279721, 0.428916, -1.000000, 0.477197, -1.000000
0.999999, 0.640000, 0.560001, 0.276481, 0.428944, -1.000000, 0.477424, -1.000000
0.999999, 0.650000, 0.550001, 0.273001, 0.428972, -1.000000, 0.477651, -1.000000
0.999999, 0.660000, 0.540001, 0.269281, 0.429000, -1.000000, 0.477878, -1.000000
0.999999, 0.670000, 0.530001, 0.265321, 0.429029, -1.000000, 0.478105, -1.000000
0.999999, 0.680000, 0.520001, 0.261121, 0.428081, -1.000000, 0.478332, -1.000000
0.999999, 0.690000, 0.510001, 0.256681, 0.426877, -1.000000, 0.478559, -1.000000
0.999999, 0.700000, 0.500001, 0.252001, 0.425673, -1.000000, 0.478785, -1.000000
0.999999, 0.710000, 0.490001, 0.247081, 0.424471, -1.000000, 0.479012, -1.000000
0.999999, 0.720000, 0.480001, 0.241921, 0.423269, -1.000000, 0.479239, -1.000000
0.999999, 0.730000, 0.470001, 0.236521, 0.422068, -1.000000, 0.479466, -1.000000
0.999999, 0.740000, 0.460001, 0.230881, 0.420868, -1.000000, 0.479693, -1.000000
0.999999, 0.750000, 0.450001, 0.225001, 0.419669, -1.000000, 0.479920, -1.000000
0.999999, 0.760000, 0.440001, 0.218881, 0.418470, -1.000000, 0.480138, -1.000000
0.999999, 0.770000, 0.430001, 0.212521, 0.417273, -1.000000, 0.477350, -1.000000
0.999999, 0.780000, 0.420001, 0.205921, 0.416077, -1.000000, 0.474563, -1.000000
0.999999, 0.790000, 0.410001, 0.199081, 0.414882, -1.000000, 0.471778, -1.000000
0.999999, 0.800000, 0.400001, 0.192001, 0.412512, -1.000000, 0.468994, -1.000000
0.999999, 0.810000, 0.390001, 0.184681, 0.408435, -1.000000, 0.466213, -1.000000
0.999999, 0.820000, 0.380001, 0.177121, 0.404370, -1.000000, 0.463433, -1.000000
0.999999, 0.830000, 0.370001, 0.169321, 0.400319, -1.000000, 0.460656, -1.000000
0.999999, 0.839999, 0.360001, 0.161281, 0.396281, -1.000000, 0.457881, -1.000000
0.999999, 0.849999, 0.350001, 0.153001, 0.392257, -1.000000, 0.455109, -1.000000
0.999999, 0.859999, 0.340001, 0.144481, 0.388247, -1.000000, 0.452339, -1.000000
0.999999, 0.869999, 0.330001, 0.135721, 0.384253, -1.000000, 0.449573, -1.000000
0.999999, 0.879999, 0.320001, 0.126721, 0.380274, -1.000000, 0.446810, -1.000000
0.999999, 0.889999, 0.310001, 0.117481, 0.376312, -1.000000, 0.444050, -1.000000
0.999999, 0.899999, 0.300001, 0.108001, 0.372365, -1.000000, 0.441293, -1.000000
0.999999, 0.909999, 0.290001, 0.098281, 0.368436, -1.000000, 0.438540, -1.000000
0.999999, 0.919999, 0.280001, 0.088321, 0.364524, -1.000000, 0.435791, -1.000000
0.999999, 0.929999, 0.270001, 0.078121, 0.360630, -1.000000, 0.433045, -1.000000
0.999999, 0.939999, 0.260001, 0.067681, 0.356754, -1.000000, 0.430304, -1.000000
0.999999, 0.949999, 0.250001, 0.057001, 0.352897, -1.000000, 0.427567, -1.000000
0.999999, 0.959999, 0.240001, 0.046081, 0.349059, -1.000000, 0.424835, -1.000000
0.999999, 0.969999, 0.230001, 0.034921, 0.345240, -1.000000, 0.422107, -1.000000
0.999999, 0.979999, 0.220001, 0.023521, 0.341442, -1.000000, 0.419384, -1.000000
0.999999, 0.989999, 0.210001, 0.011881, 0.337663, -1.000000, 0.416665, -1.000000
0.999999, 0.999999, 0.200001, 0.000001, 0.333905, -1.000000, 0.413952, -1.000000
